108830000	0
108835000	1
108840000	2
108845000	3
108850000	4
108855000	5
108860000	6
108865000	7
108870000	8
108875000	9
108880000	10
108885000	11
108890000	12
108895000	13
108900000	14
108905000	15
108910000	16
108915000	17
108920000	18
108925000	19
108930000	20
108935000	21
108940000	22
108945000	23
108950000	24
108955000	25
108960000	26
108965000	27
108970000	28
108975000	29
108980000	30
108985000	31
108990000	32
108995000	33
109000000	34
109005000	35
109010000	36
109015000	37
109020000	38
109025000	39
109030000	40
109035000	41
109040000	42
109045000	43
109050000	44
109055000	45
109060000	46
109065000	47
109070000	48
109075000	49
109080000	50
109085000	51
109090000	52
109095000	53
109100000	54
109105000	55
109110000	56
109115000	57
109120000	58
109125000	59
109130000	60
109135000	61
109140000	62
109145000	63
109150000	64
109155000	65
109160000	66
109165000	67
109170000	68
109175000	69
109180000	70
109185000	71
109190000	72
