36185000	0
36190000	1
36195000	2
36200000	3
36205000	4
36210000	5
36215000	6
36220000	7
36225000	8
36230000	9
36235000	10
36240000	11
36245000	12
36250000	13
36255000	14
36260000	15
36265000	16
36270000	17
36275000	18
36280000	19
36285000	20
36290000	21
36295000	22
36300000	23
36305000	24
36310000	25
36315000	26
36320000	27
36325000	28
36330000	29
36335000	30
36345000	31
36350000	32
36355000	33
36360000	34
36365000	35
36370000	36
36375000	37
36380000	38
36385000	39
36390000	40
36395000	41
36400000	42
36405000	43
36410000	44
36415000	45
36420000	46
36425000	47
36430000	48
36435000	49
36440000	50
36445000	51
36450000	52
36455000	53
36460000	54
36465000	55
36470000	56
36475000	57
36480000	58
36485000	59
36490000	60
36495000	61
36500000	62
36505000	63
36510000	64
36515000	65
36520000	66
36525000	67
36530000	68
36535000	69
36540000	70
36545000	71
36550000	72
36555000	73
36560000	74
36565000	75
36570000	76
36575000	77
36580000	78
36585000	79
36590000	80
36595000	81
36600000	82
36605000	83
36610000	84
36615000	85
36620000	86
36625000	87
36630000	88
36635000	89
36640000	90
36645000	91
36650000	92
36655000	93
36660000	94
36665000	95
36670000	96
36675000	97
36680000	98
36685000	99
36690000	100
36695000	101
36700000	102
36705000	103
36710000	104
36715000	105
36720000	106
36725000	107
36730000	108
36735000	109
36740000	110
36745000	111
36750000	112
36755000	113
36760000	114
36765000	115
36770000	116
36775000	117
36780000	118
36785000	119
36790000	120
36795000	121
36800000	122
36805000	123
36810000	124
36815000	125
36820000	126
36825000	127
36830000	128
36835000	129
36840000	130
36845000	131
36850000	132
36855000	133
36860000	134
36865000	135
36870000	136
36875000	137
36880000	138
36885000	139
36890000	140
36895000	141
36900000	142
36905000	143
36910000	144
36915000	145
36920000	146
36925000	147
36930000	148
36935000	149
36940000	150
36945000	151
36950000	152
36955000	153
36960000	154
36965000	155
36970000	156
36975000	157
36980000	158
36985000	159
36990000	160
36995000	161
