126415000	0
126420000	1
126425000	2
126430000	3
126435000	4
126440000	5
126445000	6
126450000	7
126455000	8
126460000	9
126465000	10
126470000	11
126475000	12
126480000	13
126485000	14
126490000	15
126495000	16
126500000	17
126505000	18
126510000	19
126515000	20
126520000	21
126525000	22
126530000	23
126535000	24
126540000	25
126545000	26
126550000	27
126555000	28
126560000	29
126565000	30
126570000	31
126575000	32
126580000	33
126585000	34
126590000	35
126595000	36
126600000	37
126605000	38
126610000	39
