30705000	0
30710000	1
30715000	2
30720000	3
30725000	4
30730000	5
30735000	6
30740000	7
30745000	8
30750000	9
30755000	10
30760000	11
30765000	12
30770000	13
30775000	14
30780000	15
30785000	16
30790000	17
30795000	18
30800000	19
30805000	20
30810000	21
30815000	22
30820000	23
30825000	24
30830000	25
30835000	26
30840000	27
30845000	28
30850000	29
30855000	30
30860000	31
30865000	32
30870000	33
30875000	34
30880000	35
30885000	36
30890000	37
30895000	38
30900000	39
30905000	40
30910000	41
30915000	42
30920000	43
30925000	44
30930000	45
30935000	46
30940000	47
30945000	48
30950000	49
30955000	50
30960000	51
30965000	52
30970000	53
30975000	54
30980000	55
30985000	56
30990000	57
30995000	58
31000000	59
31005000	60
31010000	61
31015000	62
31020000	63
31025000	64
31030000	65
31035000	66
31040000	67
31045000	68
31050000	69
31055000	70
31060000	71
31065000	72
31070000	73
31075000	74
31080000	75
31085000	76
31090000	77
31095000	78
31100000	79
31105000	80
31110000	81
31115000	82
31120000	83
31125000	84
31130000	85
31135000	86
31140000	87
31145000	88
31150000	89
31155000	90
31160000	91
31165000	92
31170000	93
31175000	94
31180000	95
31185000	96
31190000	97
31195000	98
31200000	99
31205000	100
31210000	101
31215000	102
31220000	103
31225000	104
31230000	105
31235000	106
31240000	107
31245000	108
31250000	109
31255000	110
31260000	111
31265000	112
31270000	113
31275000	114
31280000	115
31285000	116
31290000	117
31295000	118
31300000	119
31305000	120
31310000	121
31315000	122
31320000	123
31325000	124
31330000	125
31335000	126
31340000	127
31345000	128
31350000	129
31355000	130
31360000	131
31365000	132
31370000	133
31375000	134
