109195000	0
109200000	1
109205000	2
109210000	3
109215000	4
109220000	5
109225000	6
109230000	7
109235000	8
109240000	9
109245000	10
109250000	11
109255000	12
109260000	13
109265000	14
109270000	15
109275000	16
109280000	17
109285000	18
109290000	19
109295000	20
109300000	21
109305000	22
109310000	23
109315000	24
109320000	25
109325000	26
109330000	27
109335000	28
109340000	29
109345000	30
109350000	31
109355000	32
109360000	33
109365000	34
109370000	35
109375000	36
109380000	37
109385000	38
109390000	39
109395000	40
109400000	41
109405000	42
109410000	43
109415000	44
109420000	45
109425000	46
109430000	47
109435000	48
109440000	49
109445000	50
109450000	51
109455000	52
109460000	53
109465000	54
109470000	55
109475000	56
109480000	57
109485000	58
109490000	59
109495000	60
109500000	61
109505000	62
109510000	63
109515000	64
109520000	65
109525000	66
109530000	67
109535000	68
109540000	69
109545000	70
109550000	71
109555000	72
109560000	73
109565000	74
109570000	75
109575000	76
109580000	77
109585000	78
109590000	79
109595000	80
109600000	81
109605000	82
109610000	83
109615000	84
109620000	85
109625000	86
109630000	87
109635000	88
109640000	89
109645000	90
109650000	91
109655000	92
109660000	93
109665000	94
109670000	95
109675000	96
109680000	97
109685000	98
109690000	99
109695000	100
109700000	101
109705000	102
109710000	103
109715000	104
109720000	105
109725000	106
109730000	107
109735000	108
109740000	109
109745000	110
109750000	111
109755000	112
109760000	113
109765000	114
109770000	115
109775000	116
109780000	117
109785000	118
109790000	119
109795000	120
109800000	121
109805000	122
109810000	123
109815000	124
109820000	125
109825000	126
109830000	127
109835000	128
109840000	129
109845000	130
109850000	131
109855000	132
109860000	133
109865000	134
109870000	135
109875000	136
109880000	137
109885000	138
109890000	139
109895000	140
109900000	141
109905000	142
109910000	143
109915000	144
109920000	145
109925000	146
109930000	147
109935000	148
109940000	149
109945000	150
109950000	151
109955000	152
109960000	153
109965000	154
109970000	155
109975000	156
109980000	157
109985000	158
109990000	159
109995000	160
110000000	161
110005000	162
110010000	163
110015000	164
110020000	165
110025000	166
110030000	167
110035000	168
110040000	169
110045000	170
110050000	171
110055000	172
110060000	173
110065000	174
110070000	175
110075000	176
110080000	177
110085000	178
