13773000	0
13774000	1
13775000	2
13776000	3
13777000	4
13779000	5
13780000	6
13781000	7
13782000	8
13783000	9
13784000	10
13785000	11
13786000	12
13787000	13
13788000	14
13789000	15
13790000	16
13791000	17
13792000	18
13793000	19
13794000	20
13795000	21
13796000	22
13797000	23
13798000	24
13799000	25
13800000	26
13801000	27
13802000	28
13803000	29
13804000	30
13805000	31
13806000	32
13807000	33
13808000	34
13809000	35
13810000	36
13811000	37
13812000	38
13813000	39
13814000	40
13815000	41
13816000	42
13817000	43
13818000	44
13819000	45
13820000	46
13821000	47
13822000	48
13823000	49
13824000	50
13825000	51
13826000	52
13827000	53
13828000	54
13829000	55
13830000	56
13831000	57
13832000	58
13833000	59
13834000	60
13835000	61
13836000	62
13837000	63
13838000	64
13839000	65
13840000	66
13841000	67
13842000	68
13843000	69
13844000	70
13845000	71
13846000	72
13847000	73
13848000	74
13849000	75
13850000	76
13851000	77
13852000	78
13853000	79
13854000	80
13855000	81
13856000	82
13857000	83
13858000	84
13859000	85
13860000	86
13861000	87
13862000	88
13863000	89
13864000	90
13865000	91
13866000	92
13867000	93
13868000	94
13869000	95
13870000	96
13871000	97
13872000	98
13873000	99
13874000	100
13875000	101
13876000	102
13877000	103
13878000	104
13879000	105
13880000	106
13881000	107
13882000	108
13883000	109
13884000	110
13885000	111
13886000	112
13887000	113
13888000	114
13889000	115
13890000	116
13891000	117
13892000	118
13893000	119
13894000	120
13895000	121
13896000	122
13897000	123
13898000	124
13899000	125
13900000	126
13901000	127
13902000	128
13903000	129
13904000	130
13905000	131
13906000	132
13907000	133
13908000	134
13909000	135
13910000	136
13911000	137
13912000	138
13913000	139
13914000	140
13915000	141
13916000	142
13917000	143
13918000	144
13919000	145
13920000	146
13921000	147
13922000	148
13923000	149
13924000	150
13925000	151
13926000	152
13927000	153
13928000	154
13929000	155
13930000	156
13931000	157
13932000	158
13933000	159
13934000	160
13935000	161
13936000	162
13937000	163
13938000	164
13939000	165
13940000	166
13941000	167
13942000	168
13943000	169
13944000	170
13945000	171
13946000	172
13947000	173
13948000	174
13949000	175
13950000	176
13951000	177
13952000	178
13953000	179
13954000	180
13955000	181
13956000	182
13957000	183
13958000	184
13959000	185
13960000	186
13961000	187
13962000	188
13963000	189
13964000	190
13965000	191
13966000	192
13967000	193
13968000	194
13969000	195
13970000	196
13971000	197
13972000	198
13973000	199
13974000	200
13975000	201
13976000	202
13977000	203
13978000	204
13979000	205
13980000	206
13981000	207
13982000	208
13983000	209
13984000	210
13985000	211
13986000	212
13987000	213
13988000	214
13989000	215
13990000	216
13991000	217
13992000	218
13993000	219
13994000	220
13995000	221
13996000	222
13997000	223
13998000	224
13999000	225
14000000	226
14001000	227
14002000	228
14003000	229
14004000	230
14005000	231
14006000	232
14007000	233
14008000	234
14009000	235
14010000	236
14011000	237
14012000	238
14013000	239
14014000	240
14015000	241
14016000	242
14017000	243
14018000	244
14019000	245
14020000	246
14021000	247
14022000	248
14023000	249
14024000	250
14025000	251
14026000	252
14027000	253
14028000	254
14029000	255
14030000	256
14031000	257
14032000	258
14033000	259
14034000	260
14035000	261
14036000	262
14037000	263
14038000	264
14039000	265
14040000	266
14041000	267
14042000	268
14043000	269
14044000	270
14045000	271
14046000	272
14047000	273
14048000	274
14049000	275
14050000	276
14051000	277
14052000	278
14053000	279
14054000	280
14055000	281
14056000	282
14057000	283
14058000	284
14059000	285
14060000	286
14061000	287
14062000	288
14063000	289
14064000	290
14065000	291
14066000	292
14067000	293
14068000	294
14069000	295
14070000	296
14071000	297
14072000	298
14073000	299
14074000	300
14075000	301
14076000	302
14077000	303
14078000	304
14079000	305
14080000	306
14081000	307
14082000	308
14083000	309
14084000	310
14085000	311
14086000	312
14087000	313
14088000	314
14089000	315
14090000	316
14091000	317
14092000	318
14093000	319
14094000	320
14095000	321
14096000	322
14097000	323
14098000	324
14099000	325
14100000	326
14101000	327
14102000	328
14103000	329
14104000	330
14105000	331
14106000	332
14107000	333
14108000	334
14109000	335
14110000	336
14111000	337
14112000	338
14113000	339
14114000	340
14115000	341
14116000	342
14117000	343
14118000	344
14119000	345
14120000	346
14121000	347
14122000	348
14123000	349
14124000	350
14125000	351
14126000	352
14127000	353
14128000	354
14129000	355
14130000	356
14131000	357
14132000	358
14133000	359
14134000	360
14135000	361
14136000	362
14137000	363
14138000	364
14139000	365
14140000	366
14141000	367
14142000	368
14143000	369
14144000	370
14145000	371
14146000	372
14147000	373
14148000	374
14149000	375
14150000	376
14151000	377
14152000	378
14153000	379
14154000	380
14155000	381
14156000	382
14157000	383
14158000	384
14159000	385
14160000	386
14161000	387
14162000	388
14163000	389
14164000	390
14165000	391
14166000	392
14167000	393
14168000	394
14169000	395
14170000	396
14171000	397
14172000	398
14173000	399
14174000	400
14175000	401
14176000	402
14177000	403
14178000	404
14179000	405
14180000	406
14181000	407
14182000	408
14183000	409
14184000	410
14185000	411
14186000	412
14187000	413
14188000	414
14189000	415
14190000	416
14191000	417
14192000	418
14193000	419
14194000	420
14195000	421
14196000	422
14197000	423
14198000	424
14199000	425
14200000	426
14201000	427
14202000	428
14203000	429
14204000	430
14205000	431
14206000	432
14207000	433
14208000	434
14209000	435
14210000	436
14211000	437
14212000	438
14213000	439
14214000	440
14215000	441
14216000	442
14217000	443
14218000	444
14219000	445
14220000	446
14221000	447
14222000	448
14223000	449
14224000	450
14225000	451
14226000	452
14227000	453
14228000	454
14229000	455
14230000	456
14231000	457
14232000	458
14233000	459
14234000	460
14235000	461
14236000	462
14237000	463
14238000	464
14239000	465
14240000	466
14241000	467
14242000	468
14243000	469
14244000	470
14245000	471
14246000	472
14247000	473
14248000	474
14249000	475
14250000	476
14251000	477
14252000	478
14253000	479
14254000	480
14255000	481
14256000	482
14257000	483
14258000	484
14259000	485
14260000	486
14261000	487
14262000	488
14263000	489
14264000	490
14265000	491
14266000	492
14267000	493
14268000	494
14269000	495
14270000	496
14271000	497
14272000	498
14273000	499
14274000	500
14275000	501
14276000	502
14277000	503
14278000	504
14279000	505
14280000	506
14281000	507
14282000	508
14283000	509
14284000	510
14285000	511
14286000	512
14287000	513
14288000	514
14289000	515
14290000	516
14291000	517
14292000	518
14293000	519
14294000	520
14295000	521
14296000	522
14297000	523
14298000	524
14299000	525
14300000	526
14301000	527
14302000	528
14303000	529
14304000	530
14305000	531
14306000	532
14307000	533
14308000	534
14309000	535
14310000	536
