28036000	0
28037000	1
28038000	2
28039000	3
28040000	4
28041000	5
28042000	6
28043000	7
28044000	8
28045000	9
28046000	10
28047000	11
28048000	12
28049000	13
28050000	14
28052000	15
28053000	16
28054000	17
28055000	18
28056000	19
28057000	20
28058000	21
28059000	22
28060000	23
28061000	24
28062000	25
28063000	26
28064000	27
28065000	28
28066000	29
28067000	30
28068000	31
28069000	32
28070000	33
28071000	34
28072000	35
28073000	36
28074000	37
28075000	38
28076000	39
28077000	40
28078000	41
28079000	42
28080000	43
28081000	44
28082000	45
28083000	46
28084000	47
28085000	48
28086000	49
28087000	50
28088000	51
28089000	52
28090000	53
28091000	54
28092000	55
28093000	56
28094000	57
28095000	58
28096000	59
28097000	60
28098000	61
28099000	62
28100000	63
28101000	64
28102000	65
28103000	66
28104000	67
28105000	68
28106000	69
28107000	70
28108000	71
28109000	72
28110000	73
28111000	74
28112000	75
28113000	76
28114000	77
28115000	78
28116000	79
28117000	80
28118000	81
28119000	82
28120000	83
28121000	84
28122000	85
28123000	86
28124000	87
28125000	88
28126000	89
28127000	90
28128000	91
28129000	92
