91340000	0
91341000	1
91342000	2
91343000	3
91344000	4
91345000	5
91346000	6
91347000	7
91348000	8
91349000	9
91350000	10
91351000	11
91352000	12
91353000	13
91354000	14
91355000	15
91356000	16
91357000	17
91358000	18
91359000	19
91360000	20
91361000	21
91362000	22
91363000	23
91364000	24
91365000	25
91366000	26
91367000	27
91368000	28
91369000	29
91370000	30
91371000	31
91372000	32
91373000	33
91374000	34
91375000	35
91376000	36
91377000	37
91378000	38
91379000	39
91380000	40
91381000	41
91382000	42
91383000	43
91384000	44
91385000	45
91386000	46
91387000	47
91388000	48
91389000	49
91390000	50
91391000	51
91392000	52
91393000	53
91394000	54
91395000	55
91396000	56
91397000	57
91398000	58
91399000	59
91400000	60
91401000	61
91402000	62
91403000	63
91404000	64
91405000	65
91406000	66
91407000	67
91408000	68
91409000	69
91410000	70
91411000	71
91412000	72
91413000	73
91414000	74
91415000	75
91416000	76
91417000	77
91418000	78
91419000	79
91420000	80
91421000	81
91422000	82
91423000	83
91424000	84
91425000	85
91426000	86
91427000	87
91428000	88
91429000	89
91430000	90
91431000	91
91432000	92
91433000	93
91434000	94
91435000	95
91436000	96
91437000	97
91438000	98
91439000	99
91440000	100
91441000	101
91442000	102
91443000	103
91444000	104
91445000	105
91446000	106
91447000	107
91448000	108
91449000	109
91450000	110
91451000	111
91452000	112
91453000	113
91454000	114
91455000	115
91456000	116
91457000	117
91458000	118
91459000	119
91460000	120
91461000	121
91462000	122
91463000	123
91464000	124
91465000	125
91466000	126
91467000	127
91468000	128
91469000	129
91470000	130
91471000	131
91472000	132
91473000	133
91474000	134
91475000	135
91476000	136
91477000	137
91478000	138
91479000	139
91480000	140
91481000	141
91482000	142
91483000	143
91484000	144
91485000	145
91486000	146
91487000	147
91488000	148
91489000	149
91490000	150
91491000	151
91492000	152
91493000	153
91494000	154
91495000	155
91496000	156
91497000	157
91498000	158
91499000	159
91500000	160
91501000	161
91502000	162
91503000	163
91504000	164
91505000	165
91506000	166
91507000	167
91508000	168
91509000	169
91510000	170
91511000	171
91512000	172
91513000	173
91514000	174
91515000	175
91516000	176
91517000	177
91518000	178
91519000	179
91520000	180
91521000	181
91522000	182
91523000	183
91524000	184
91525000	185
91526000	186
91527000	187
91528000	188
91529000	189
91530000	190
91531000	191
91532000	192
91533000	193
91534000	194
91535000	195
91536000	196
91537000	197
91538000	198
91539000	199
91540000	200
91541000	201
91542000	202
91543000	203
91544000	204
91545000	205
91546000	206
91547000	207
91548000	208
91549000	209
91550000	210
91551000	211
91552000	212
91553000	213
91554000	214
91555000	215
91556000	216
91557000	217
91558000	218
91559000	219
91560000	220
91561000	221
91562000	222
91563000	223
91564000	224
91565000	225
91566000	226
91567000	227
91568000	228
91569000	229
91570000	230
91571000	231
91572000	232
91573000	233
91574000	234
91575000	235
91576000	236
91577000	237
91578000	238
91579000	239
91580000	240
91581000	241
91582000	242
91583000	243
91584000	244
91585000	245
91586000	246
91587000	247
91588000	248
91589000	249
91590000	250
91591000	251
91592000	252
91593000	253
91594000	254
91595000	255
91596000	256
91597000	257
91598000	258
91599000	259
91600000	260
91601000	261
91602000	262
91603000	263
91604000	264
91605000	265
91606000	266
91607000	267
91608000	268
91609000	269
91610000	270
91611000	271
91612000	272
91613000	273
91614000	274
91615000	275
91616000	276
91617000	277
91618000	278
91619000	279
91620000	280
91621000	281
91622000	282
91623000	283
91624000	284
91625000	285
91626000	286
91627000	287
91628000	288
91629000	289
91630000	290
91631000	291
91632000	292
91633000	293
91634000	294
91635000	295
