150145000	0
150150000	1
150155000	2
150160000	3
150165000	4
150170000	5
150175000	6
150180000	7
150185000	8
150190000	9
150195000	10
150200000	11
150205000	12
150210000	13
150215000	14
150220000	15
150225000	16
150230000	17
150235000	18
150240000	19
150245000	20
150250000	21
150255000	22
150260000	23
150265000	24
150270000	25
150275000	26
150280000	27
150285000	28
150290000	29
150295000	30
150300000	31
150305000	32
150310000	33
150315000	34
150320000	35
150325000	36
150330000	37
150335000	38
150340000	39
150345000	40
150350000	41
150355000	42
150360000	43
150365000	44
150370000	45
150375000	46
150380000	47
150385000	48
150390000	49
150395000	50
