101340000	0
101345000	1
101350000	2
101355000	3
101360000	4
101365000	5
101370000	6
101375000	7
101380000	8
101385000	9
101390000	10
101395000	11
101400000	12
101405000	13
101410000	14
101415000	15
101420000	16
101425000	17
101430000	18
101435000	19
101440000	20
101445000	21
101450000	22
101455000	23
101460000	24
101465000	25
101470000	26
101475000	27
101480000	28
101485000	29
101490000	30
101495000	31
101500000	32
101505000	33
101510000	34
101515000	35
101520000	36
101525000	37
101530000	38
101535000	39
101540000	40
101545000	41
101550000	42
101555000	43
101560000	44
101565000	45
101570000	46
101575000	47
101580000	48
101585000	49
101590000	50
101595000	51
101600000	52
101605000	53
101610000	54
101615000	55
101620000	56
101625000	57
101630000	58
101635000	59
101640000	60
101645000	61
101650000	62
101655000	63
101660000	64
101665000	65
101670000	66
101675000	67
101680000	68
101685000	69
101690000	70
101695000	71
101700000	72
101705000	73
101710000	74
101715000	75
101720000	76
101725000	77
101730000	78
101735000	79
101740000	80
101745000	81
101750000	82
101755000	83
101760000	84
101765000	85
101770000	86
101775000	87
101780000	88
101785000	89
101790000	90
101795000	91
101800000	92
101805000	93
101810000	94
101815000	95
101820000	96
101825000	97
101830000	98
101835000	99
101840000	100
101845000	101
101850000	102
101855000	103
101860000	104
101865000	105
101870000	106
101875000	107
101880000	108
101885000	109
101890000	110
101895000	111
101900000	112
101905000	113
101910000	114
101915000	115
101920000	116
101925000	117
101930000	118
101935000	119
101940000	120
101945000	121
101950000	122
101955000	123
101960000	124
101965000	125
101970000	126
101975000	127
101980000	128
101985000	129
101990000	130
101995000	131
102000000	132
102005000	133
102010000	134
102015000	135
102020000	136
102025000	137
102030000	138
102035000	139
102040000	140
102045000	141
102050000	142
102055000	143
102060000	144
102065000	145
102070000	146
102075000	147
102080000	148
102085000	149
102090000	150
102095000	151
102100000	152
102105000	153
102110000	154
102115000	155
102120000	156
102125000	157
102130000	158
102135000	159
102140000	160
102145000	161
102150000	162
102155000	163
102160000	164
102165000	165
102170000	166
102175000	167
102180000	168
102185000	169
102190000	170
102195000	171
102200000	172
102205000	173
102210000	174
102215000	175
102220000	176
102225000	177
102230000	178
102235000	179
102240000	180
102245000	181
102250000	182
102255000	183
102260000	184
102265000	185
102270000	186
102275000	187
102280000	188
102285000	189
102290000	190
102295000	191
102300000	192
102305000	193
102310000	194
102315000	195
102320000	196
102325000	197
102330000	198
102335000	199
102340000	200
102345000	201
102350000	202
102355000	203
102360000	204
102365000	205
102370000	206
102375000	207
102380000	208
102385000	209
102390000	210
102395000	211
102400000	212
102405000	213
102410000	214
102415000	215
102420000	216
102425000	217
102430000	218
102435000	219
102440000	220
102445000	221
102450000	222
102455000	223
102460000	224
102465000	225
102470000	226
102475000	227
102480000	228
102485000	229
102490000	230
102495000	231
102500000	232
102505000	233
102510000	234
102515000	235
102520000	236
102525000	237
102530000	238
102535000	239
102540000	240
102545000	241
102550000	242
102555000	243
102560000	244
102565000	245
102570000	246
102575000	247
102580000	248
102585000	249
102590000	250
102595000	251
102600000	252
102605000	253
102610000	254
102615000	255
102620000	256
102625000	257
102630000	258
102635000	259
102640000	260
102645000	261
102650000	262
102655000	263
102660000	264
102665000	265
102670000	266
102675000	267
102680000	268
102685000	269
102690000	270
102695000	271
102700000	272
102705000	273
102710000	274
102715000	275
102720000	276
102725000	277
102730000	278
102735000	279
102740000	280
102745000	281
102750000	282
102755000	283
102760000	284
102765000	285
102770000	286
102775000	287
102780000	288
102785000	289
102790000	290
102795000	291
102800000	292
