103155000	0
103160000	1
103165000	2
103170000	3
103175000	4
103180000	5
103185000	6
103190000	7
103195000	8
103200000	9
103205000	10
103210000	11
103215000	12
103220000	13
103225000	14
103230000	15
103235000	16
103240000	17
103245000	18
103250000	19
103255000	20
103260000	21
103265000	22
103270000	23
103275000	24
103280000	25
103285000	26
103290000	27
103295000	28
103300000	29
103305000	30
103310000	31
103315000	32
103320000	33
103325000	34
103330000	35
103335000	36
103340000	37
103345000	38
103350000	39
103355000	40
103360000	41
103365000	42
103370000	43
103375000	44
103380000	45
103385000	46
103390000	47
103395000	48
103400000	49
103405000	50
103410000	51
103415000	52
103420000	53
103425000	54
103430000	55
103435000	56
103440000	57
103445000	58
103450000	59
103455000	60
103460000	61
103465000	62
103470000	63
103475000	64
103480000	65
103485000	66
103490000	67
103495000	68
103500000	69
103505000	70
103510000	71
103515000	72
103520000	73
103525000	74
103530000	75
