106875000	0
106880000	1
106885000	2
106890000	3
106895000	4
106900000	5
106905000	6
106910000	7
106915000	8
106920000	9
106925000	10
106930000	11
106935000	12
106940000	13
106945000	14
106950000	15
106955000	16
106960000	17
106965000	18
106970000	19
106975000	20
106980000	21
106985000	22
106990000	23
106995000	24
107000000	25
107005000	26
107010000	27
107015000	28
107020000	29
107025000	30
107030000	31
107035000	32
107040000	33
107045000	34
107050000	35
107055000	36
107060000	37
107065000	38
107070000	39
107075000	40
107080000	41
107085000	42
107090000	43
107095000	44
107100000	45
107105000	46
107110000	47
107115000	48
107120000	49
107125000	50
107130000	51
107135000	52
107140000	53
107145000	54
107150000	55
107155000	56
107160000	57
107165000	58
107170000	59
107175000	60
107180000	61
107185000	62
107190000	63
107195000	64
107200000	65
107205000	66
107210000	67
107215000	68
107220000	69
107225000	70
107230000	71
107235000	72
107240000	73
107245000	74
107250000	75
107255000	76
107260000	77
107265000	78
107270000	79
107275000	80
107280000	81
107285000	82
