54000000	0
54005000	1
54010000	2
54015000	3
54020000	4
54025000	5
54030000	6
54035000	7
54040000	8
54045000	9
54050000	10
54055000	11
54060000	12
54065000	13
54070000	14
54075000	15
54080000	16
54085000	17
54090000	18
54095000	19
54100000	20
54105000	21
54110000	22
54115000	23
54120000	24
54125000	25
54130000	26
54135000	27
54140000	28
54145000	29
54150000	30
54155000	31
54160000	32
54165000	33
54170000	34
54175000	35
54180000	36
54185000	37
54190000	38
54195000	39
54200000	40
54205000	41
54210000	42
54215000	43
54220000	44
54225000	45
54230000	46
54235000	47
54240000	48
54245000	49
54250000	50
54255000	51
54260000	52
54265000	53
54270000	54
54275000	55
54280000	56
54285000	57
54290000	58
54295000	59
54300000	60
54305000	61
54310000	62
54315000	63
54320000	64
54325000	65
54330000	66
54335000	67
54340000	68
54345000	69
54350000	70
54355000	71
54360000	72
54365000	73
54370000	74
54375000	75
54380000	76
54385000	77
54390000	78
54395000	79
54400000	80
54405000	81
54410000	82
54415000	83
54420000	84
54425000	85
54430000	86
54435000	87
54440000	88
54445000	89
54450000	90
54455000	91
54460000	92
54465000	93
54470000	94
54475000	95
54480000	96
54485000	97
54490000	98
54495000	99
54500000	100
54505000	101
54510000	102
54515000	103
54520000	104
54525000	105
54530000	106
54535000	107
54540000	108
54545000	109
54550000	110
54555000	111
54560000	112
54565000	113
54570000	114
54575000	115
54580000	116
54585000	117
54590000	118
54595000	119
54600000	120
54605000	121
54610000	122
54615000	123
54620000	124
54625000	125
54630000	126
54635000	127
54640000	128
54645000	129
54650000	130
54655000	131
54660000	132
54665000	133
