81410000	0
81415000	1
81420000	2
81425000	3
81430000	4
81435000	5
81440000	6
81445000	7
81450000	8
81455000	9
81460000	10
81465000	11
81470000	12
81475000	13
81480000	14
81485000	15
81490000	16
81495000	17
81500000	18
81505000	19
81510000	20
81515000	21
81520000	22
81525000	23
81530000	24
81535000	25
81540000	26
81545000	27
81550000	28
81555000	29
81560000	30
81565000	31
81570000	32
81575000	33
81580000	34
81585000	35
81590000	36
81595000	37
81600000	38
81605000	39
81610000	40
81615000	41
81620000	42
81625000	43
81630000	44
81635000	45
81640000	46
81645000	47
81650000	48
81655000	49
81660000	50
81665000	51
81670000	52
81675000	53
81680000	54
81685000	55
81690000	56
81695000	57
81700000	58
81705000	59
81710000	60
81715000	61
81720000	62
81725000	63
81730000	64
81735000	65
81740000	66
81745000	67
81750000	68
81755000	69
81760000	70
81765000	71
81770000	72
81775000	73
81780000	74
81785000	75
81790000	76
81795000	77
81800000	78
81805000	79
81810000	80
81815000	81
81820000	82
81825000	83
81830000	84
81835000	85
81840000	86
81845000	87
81850000	88
81855000	89
81860000	90
81865000	91
81870000	92
81875000	93
81880000	94
81885000	95
81890000	96
81895000	97
81900000	98
81905000	99
81910000	100
81915000	101
81920000	102
81925000	103
81930000	104
81935000	105
81940000	106
81945000	107
81950000	108
81955000	109
81960000	110
81965000	111
81970000	112
81975000	113
81980000	114
81985000	115
81990000	116
81995000	117
82000000	118
82005000	119
82010000	120
82015000	121
