69325000	0
69330000	1
69335000	2
69340000	3
69345000	4
69350000	5
69355000	6
69360000	7
69365000	8
69370000	9
69375000	10
69380000	11
69385000	12
69390000	13
69395000	14
69400000	15
69405000	16
69410000	17
69415000	18
69420000	19
69425000	20
69430000	21
69435000	22
69440000	23
69445000	24
69450000	25
69455000	26
69460000	27
69465000	28
69470000	29
69475000	30
69480000	31
69485000	32
69490000	33
69495000	34
69500000	35
69505000	36
69510000	37
69515000	38
69520000	39
69525000	40
69530000	41
69535000	42
69540000	43
69545000	44
69550000	45
69555000	46
69560000	47
69565000	48
69570000	49
69575000	50
69580000	51
69585000	52
69590000	53
69595000	54
69600000	55
69605000	56
69610000	57
69615000	58
69620000	59
69625000	60
69630000	61
69635000	62
69640000	63
69645000	64
69650000	65
69655000	66
69660000	67
69665000	68
69670000	69
69675000	70
69680000	71
69685000	72
69690000	73
69695000	74
69700000	75
69705000	76
69710000	77
69715000	78
69720000	79
69725000	80
69730000	81
69735000	82
69740000	83
69745000	84
69750000	85
69755000	86
69760000	87
69765000	88
69770000	89
69775000	90
69780000	91
69785000	92
69790000	93
69795000	94
69800000	95
69805000	96
69810000	97
69815000	98
69820000	99
69825000	100
69830000	101
69835000	102
69840000	103
69845000	104
69850000	105
69855000	106
69860000	107
69865000	108
69870000	109
69875000	110
69880000	111
69885000	112
69890000	113
69895000	114
69900000	115
69905000	116
69910000	117
69915000	118
69920000	119
69925000	120
69930000	121
69935000	122
69940000	123
69945000	124
69950000	125
69955000	126
69960000	127
69965000	128
69970000	129
69975000	130
69980000	131
69985000	132
69990000	133
69995000	134
70000000	135
70005000	136
70010000	137
70015000	138
70020000	139
70025000	140
70030000	141
70035000	142
70040000	143
70045000	144
70050000	145
70055000	146
70060000	147
70065000	148
70070000	149
70075000	150
70080000	151
70085000	152
70090000	153
70095000	154
70100000	155
70105000	156
70110000	157
70115000	158
70120000	159
70125000	160
70130000	161
70135000	162
70140000	163
70145000	164
70150000	165
70155000	166
70160000	167
70165000	168
70170000	169
70175000	170
70180000	171
70185000	172
70190000	173
70195000	174
70200000	175
70205000	176
70210000	177
70215000	178
70220000	179
70225000	180
70230000	181
