105350000	0
105355000	1
105360000	2
105365000	3
105370000	4
105375000	5
105380000	6
105385000	7
105390000	8
105395000	9
105400000	10
105405000	11
105410000	12
105415000	13
105420000	14
105425000	15
105430000	16
105435000	17
105440000	18
105445000	19
105450000	20
105455000	21
105460000	22
105465000	23
105470000	24
105475000	25
105480000	26
105485000	27
105490000	28
105495000	29
105500000	30
105505000	31
105510000	32
105515000	33
105520000	34
105525000	35
105530000	36
105535000	37
105540000	38
105545000	39
105550000	40
105555000	41
105560000	42
105565000	43
105570000	44
105575000	45
105580000	46
105585000	47
105590000	48
105595000	49
105600000	50
105605000	51
105610000	52
105615000	53
105620000	54
105625000	55
105630000	56
105635000	57
105640000	58
105645000	59
105650000	60
105655000	61
105660000	62
105665000	63
105670000	64
105675000	65
105680000	66
105685000	67
105690000	68
105695000	69
105705000	70
105710000	71
105715000	72
105720000	73
105725000	74
105730000	75
105735000	76
105740000	77
105745000	78
105750000	79
105755000	80
105760000	81
105765000	82
105770000	83
105775000	84
105780000	85
105785000	86
105790000	87
105795000	88
105800000	89
105805000	90
105810000	91
105815000	92
105820000	93
