60395000	0
60400000	1
60405000	2
60410000	3
60415000	4
60420000	5
60425000	6
60430000	7
60435000	8
60440000	9
60445000	10
60450000	11
60455000	12
60460000	13
60465000	14
60470000	15
60475000	16
60480000	17
60485000	18
60490000	19
60495000	20
60500000	21
60505000	22
60510000	23
60515000	24
60520000	25
60525000	26
60530000	27
60535000	28
60540000	29
60545000	30
60550000	31
60555000	32
60560000	33
60565000	34
60570000	35
60575000	36
60580000	37
60585000	38
60590000	39
60595000	40
60600000	41
60605000	42
60610000	43
60615000	44
60620000	45
60625000	46
60630000	47
60635000	48
60640000	49
60645000	50
60650000	51
