112870000	0
112875000	1
112880000	2
112885000	3
112890000	4
112895000	5
112900000	6
112905000	7
112910000	8
112915000	9
112920000	10
112925000	11
112930000	12
112935000	13
112940000	14
112945000	15
112950000	16
112955000	17
112960000	18
112965000	19
112970000	20
112975000	21
112980000	22
112985000	23
112990000	24
112995000	25
113000000	26
113005000	27
113010000	28
113015000	29
113020000	30
113025000	31
113030000	32
113035000	33
113040000	34
113045000	35
113050000	36
113055000	37
113065000	38
113070000	39
113075000	40
113080000	41
113085000	42
113090000	43
113095000	44
113100000	45
113105000	46
113110000	47
113115000	48
113120000	49
113125000	50
113130000	51
113135000	52
113140000	53
113145000	54
113150000	55
113155000	56
113160000	57
113165000	58
113170000	59
113175000	60
113180000	61
113185000	62
113190000	63
113195000	64
113200000	65
113205000	66
113210000	67
113215000	68
113220000	69
113225000	70
113230000	71
113235000	72
113240000	73
113245000	74
113250000	75
113255000	76
113260000	77
113265000	78
113270000	79
113275000	80
113280000	81
113285000	82
113290000	83
113295000	84
113300000	85
113305000	86
113310000	87
113315000	88
113320000	89
113325000	90
