78885000	0
78890000	1
78895000	2
78900000	3
78905000	4
78910000	5
78915000	6
78920000	7
78925000	8
78930000	9
78935000	10
78940000	11
78945000	12
78950000	13
78955000	14
78960000	15
78965000	16
78970000	17
78975000	18
78980000	19
78985000	20
78990000	21
78995000	22
79000000	23
79005000	24
79010000	25
79015000	26
79020000	27
79025000	28
79030000	29
79035000	30
79040000	31
79045000	32
79050000	33
79055000	34
79060000	35
79065000	36
79070000	37
79075000	38
79080000	39
79085000	40
79090000	41
79095000	42
79100000	43
79105000	44
79110000	45
79115000	46
79120000	47
79125000	48
79130000	49
79135000	50
79140000	51
79145000	52
79150000	53
79155000	54
79160000	55
79165000	56
79170000	57
79175000	58
79180000	59
79185000	60
79190000	61
79195000	62
79200000	63
79205000	64
79210000	65
79215000	66
79220000	67
79225000	68
79230000	69
