19885000	0
19890000	1
19895000	2
19900000	3
19905000	4
19910000	5
19915000	6
19920000	7
19925000	8
19930000	9
19935000	10
19940000	11
19945000	12
19950000	13
19955000	14
19960000	15
19965000	16
19970000	17
19975000	18
19980000	19
19985000	20
19990000	21
19995000	22
20000000	23
20005000	24
20010000	25
20015000	26
20020000	27
20025000	28
20030000	29
20035000	30
20040000	31
20045000	32
20050000	33
20055000	34
20060000	35
20065000	36
20070000	37
20075000	38
20080000	39
20085000	40
20090000	41
20095000	42
20100000	43
20105000	44
20110000	45
20115000	46
20120000	47
20125000	48
20130000	49
20135000	50
20140000	51
20145000	52
20150000	53
20155000	54
20160000	55
20165000	56
20170000	57
20175000	58
20180000	59
20185000	60
20190000	61
20195000	62
20200000	63
20205000	64
20210000	65
20215000	66
20220000	67
20225000	68
20230000	69
20235000	70
20240000	71
20245000	72
20250000	73
20255000	74
20260000	75
20265000	76
20270000	77
20275000	78
20280000	79
20285000	80
20290000	81
20295000	82
20300000	83
20305000	84
20310000	85
20320000	86
20325000	87
20330000	88
20335000	89
20340000	90
20345000	91
20350000	92
20365000	93
20370000	94
20375000	95
20380000	96
20385000	97
20390000	98
20395000	99
20400000	100
20405000	101
20415000	102
20420000	103
20425000	104
20430000	105
20435000	106
20440000	107
20445000	108
20455000	109
