34955000	0
34960000	1
34965000	2
34970000	3
34975000	4
34980000	5
34985000	6
34990000	7
34995000	8
35000000	9
35005000	10
35010000	11
35015000	12
35020000	13
35025000	14
35030000	15
35035000	16
35040000	17
35045000	18
35050000	19
35055000	20
35060000	21
35065000	22
35070000	23
35075000	24
35080000	25
35085000	26
35090000	27
35095000	28
35100000	29
35105000	30
35110000	31
35115000	32
35120000	33
35125000	34
35130000	35
35135000	36
35140000	37
35145000	38
35150000	39
35155000	40
35160000	41
35165000	42
35170000	43
35175000	44
35180000	45
35185000	46
35190000	47
35195000	48
35200000	49
35205000	50
35210000	51
35215000	52
35220000	53
35225000	54
35230000	55
35235000	56
35240000	57
35245000	58
35250000	59
35255000	60
35260000	61
35265000	62
35270000	63
35275000	64
35280000	65
35285000	66
35290000	67
35295000	68
35300000	69
35305000	70
35310000	71
35315000	72
35320000	73
35325000	74
35330000	75
35335000	76
35340000	77
35345000	78
35350000	79
35355000	80
35360000	81
35365000	82
35370000	83
35375000	84
35380000	85
35385000	86
35390000	87
35395000	88
35400000	89
35405000	90
35410000	91
35415000	92
35420000	93
35425000	94
35430000	95
35435000	96
35440000	97
35445000	98
35450000	99
35455000	100
35460000	101
35465000	102
35470000	103
35475000	104
35480000	105
35485000	106
35490000	107
35495000	108
35500000	109
35505000	110
35510000	111
35515000	112
35520000	113
35525000	114
35530000	115
35535000	116
35540000	117
35545000	118
35550000	119
35555000	120
35560000	121
35565000	122
35570000	123
35575000	124
35580000	125
35585000	126
35590000	127
35595000	128
35600000	129
35605000	130
35610000	131
35615000	132
35620000	133
35625000	134
35630000	135
35635000	136
35640000	137
35645000	138
35650000	139
35655000	140
35660000	141
35665000	142
35670000	143
35675000	144
35680000	145
35685000	146
35690000	147
35695000	148
35700000	149
35705000	150
35710000	151
35715000	152
35720000	153
35725000	154
35730000	155
35735000	156
35740000	157
35745000	158
35750000	159
35755000	160
35760000	161
35765000	162
35770000	163
35775000	164
35780000	165
35785000	166
35790000	167
35795000	168
35800000	169
35805000	170
35810000	171
35815000	172
35820000	173
35825000	174
35830000	175
35835000	176
35840000	177
35845000	178
35850000	179
35855000	180
35860000	181
35865000	182
