44075000	0
44080000	1
44085000	2
44090000	3
44095000	4
44100000	5
44105000	6
44110000	7
44115000	8
44120000	9
44125000	10
44130000	11
44135000	12
44140000	13
44145000	14
44150000	15
44155000	16
44160000	17
44165000	18
44170000	19
44175000	20
44180000	21
44185000	22
44190000	23
44195000	24
44200000	25
44205000	26
44210000	27
44215000	28
44220000	29
44225000	30
44230000	31
44235000	32
44240000	33
44245000	34
44250000	35
44255000	36
44260000	37
44265000	38
44270000	39
44275000	40
44280000	41
44285000	42
44290000	43
44295000	44
44300000	45
44305000	46
44310000	47
44315000	48
44320000	49
44325000	50
44330000	51
44335000	52
44340000	53
44345000	54
44350000	55
44355000	56
44360000	57
44365000	58
44465000	59
44565000	60
44570000	61
44575000	62
44580000	63
44610000	64
44620000	65
44650000	66
44695000	67
44755000	68
44760000	69
