30280000	0
30285000	1
30290000	2
30295000	3
30300000	4
30305000	5
30310000	6
30315000	7
30320000	8
30325000	9
30330000	10
30335000	11
30340000	12
30345000	13
30350000	14
30355000	15
30360000	16
30365000	17
30370000	18
30375000	19
30380000	20
30385000	21
30390000	22
30395000	23
30400000	24
30405000	25
30410000	26
30415000	27
30420000	28
30425000	29
30430000	30
30435000	31
30440000	32
30445000	33
30450000	34
30455000	35
30460000	36
30465000	37
30470000	38
30475000	39
30480000	40
30485000	41
30490000	42
30495000	43
30500000	44
30505000	45
30510000	46
30515000	47
30520000	48
30525000	49
30530000	50
30535000	51
30540000	52
30545000	53
30550000	54
30555000	55
30560000	56
30565000	57
30570000	58
30575000	59
30580000	60
30585000	61
30590000	62
30595000	63
30600000	64
30605000	65
30610000	66
30615000	67
30620000	68
30625000	69
30630000	70
30635000	71
30640000	72
30645000	73
30650000	74
30655000	75
30660000	76
