101065000	0
101070000	1
101075000	2
101080000	3
101085000	4
101090000	5
101095000	6
101100000	7
101105000	8
101110000	9
101115000	10
101120000	11
101125000	12
101130000	13
101135000	14
101140000	15
101145000	16
101150000	17
101155000	18
101160000	19
101165000	20
101170000	21
101175000	22
101180000	23
101185000	24
101190000	25
101195000	26
101200000	27
101205000	28
101210000	29
101215000	30
101220000	31
101225000	32
101230000	33
101235000	34
101240000	35
101245000	36
101250000	37
101255000	38
101260000	39
101265000	40
101270000	41
101275000	42
101280000	43
101285000	44
101290000	45
101295000	46
101300000	47
101305000	48
101310000	49
101315000	50
101320000	51
101325000	52
101330000	53
101335000	54
101340000	55
101345000	56
101350000	57
101355000	58
101360000	59
101365000	60
101370000	61
101375000	62
101380000	63
101385000	64
101390000	65
101395000	66
101400000	67
101405000	68
101410000	69
101415000	70
101420000	71
101425000	72
101430000	73
101435000	74
101440000	75
101445000	76
101450000	77
101455000	78
101460000	79
101465000	80
101470000	81
101475000	82
101480000	83
101485000	84
101490000	85
101495000	86
101500000	87
101505000	88
101510000	89
101515000	90
101520000	91
101525000	92
101530000	93
101535000	94
101540000	95
101545000	96
101550000	97
101555000	98
101560000	99
101565000	100
101570000	101
101575000	102
101580000	103
101585000	104
101590000	105
101595000	106
101600000	107
101605000	108
101610000	109
101615000	110
101620000	111
101625000	112
101630000	113
101635000	114
101640000	115
101645000	116
101650000	117
101655000	118
101660000	119
101665000	120
101670000	121
101675000	122
101680000	123
101685000	124
101690000	125
101695000	126
101700000	127
101705000	128
101710000	129
101715000	130
101720000	131
101725000	132
101730000	133
101735000	134
101740000	135
101745000	136
101750000	137
101755000	138
101760000	139
101765000	140
101770000	141
101775000	142
101780000	143
101785000	144
101790000	145
101795000	146
101800000	147
101805000	148
101810000	149
101815000	150
101820000	151
101825000	152
101830000	153
101835000	154
101840000	155
101845000	156
101850000	157
101855000	158
101860000	159
101865000	160
101870000	161
101875000	162
101880000	163
101885000	164
101890000	165
101895000	166
101900000	167
101905000	168
101910000	169
101915000	170
101920000	171
