36830000	0
36835000	1
36840000	2
36845000	3
36850000	4
36855000	5
36860000	6
36865000	7
36870000	8
36875000	9
36880000	10
36885000	11
36890000	12
36895000	13
36900000	14
36905000	15
36910000	16
36915000	17
36920000	18
36925000	19
36930000	20
36935000	21
36940000	22
36945000	23
36950000	24
36955000	25
36960000	26
36965000	27
36970000	28
36975000	29
36980000	30
36985000	31
36990000	32
36995000	33
37000000	34
37005000	35
37010000	36
37015000	37
37020000	38
37025000	39
37030000	40
37035000	41
37040000	42
37045000	43
37050000	44
37055000	45
37060000	46
37065000	47
37070000	48
37075000	49
37080000	50
37085000	51
37090000	52
37095000	53
37100000	54
37105000	55
37110000	56
37115000	57
37120000	58
37125000	59
37130000	60
37135000	61
37140000	62
37145000	63
37150000	64
37155000	65
37160000	66
37165000	67
37170000	68
