54830000	0
54835000	1
54840000	2
54845000	3
54850000	4
54855000	5
54860000	6
54865000	7
54870000	8
54875000	9
54880000	10
54885000	11
54890000	12
54895000	13
54900000	14
54905000	15
54910000	16
54915000	17
54920000	18
54925000	19
54930000	20
54935000	21
54940000	22
54945000	23
54950000	24
54955000	25
54960000	26
54965000	27
54970000	28
54975000	29
54980000	30
54985000	31
54990000	32
54995000	33
55000000	34
55005000	35
55010000	36
55015000	37
55020000	38
55025000	39
55030000	40
55035000	41
55040000	42
55045000	43
55050000	44
55055000	45
55060000	46
55065000	47
55070000	48
55075000	49
55080000	50
55085000	51
55090000	52
55095000	53
55100000	54
55105000	55
55110000	56
55115000	57
55120000	58
55125000	59
55130000	60
55135000	61
55140000	62
55145000	63
55150000	64
55155000	65
55160000	66
55165000	67
55170000	68
55175000	69
55180000	70
55185000	71
55190000	72
55195000	73
55200000	74
55205000	75
55210000	76
55215000	77
55220000	78
55225000	79
55230000	80
55235000	81
55240000	82
55245000	83
55250000	84
55255000	85
55260000	86
55265000	87
55270000	88
55275000	89
55280000	90
55285000	91
55290000	92
55295000	93
55300000	94
55305000	95
55310000	96
55315000	97
55320000	98
55325000	99
55330000	100
