47870000	0
47875000	1
47880000	2
47885000	3
47890000	4
47895000	5
47900000	6
47905000	7
47910000	8
47915000	9
47920000	10
47925000	11
47930000	12
47935000	13
47940000	14
47945000	15
47950000	16
47955000	17
47960000	18
47965000	19
47970000	20
47975000	21
47980000	22
47985000	23
47990000	24
47995000	25
48000000	26
48005000	27
48010000	28
48015000	29
48020000	30
48025000	31
48030000	32
48035000	33
48040000	34
48045000	35
48050000	36
48055000	37
48060000	38
48065000	39
48070000	40
48075000	41
48080000	42
48085000	43
48090000	44
48095000	45
48100000	46
48105000	47
48110000	48
48115000	49
48120000	50
48125000	51
48130000	52
48135000	53
48140000	54
48145000	55
48150000	56
48155000	57
48160000	58
48165000	59
48170000	60
48175000	61
48180000	62
48185000	63
48190000	64
48195000	65
48200000	66
48205000	67
48210000	68
48215000	69
48220000	70
48225000	71
48230000	72
48235000	73
48255000	74
48285000	75
48290000	76
48295000	77
48300000	78
48305000	79
48310000	80
48315000	81
48320000	82
48325000	83
48330000	84
48335000	85
48340000	86
48345000	87
48350000	88
48355000	89
48360000	90
48365000	91
48370000	92
48375000	93
48380000	94
48385000	95
48390000	96
48395000	97
48400000	98
48405000	99
48410000	100
48415000	101
48420000	102
48425000	103
48430000	104
48435000	105
48440000	106
48445000	107
48450000	108
48455000	109
48460000	110
48465000	111
48470000	112
48475000	113
48480000	114
48485000	115
48490000	116
48495000	117
48500000	118
48505000	119
48510000	120
48515000	121
48520000	122
48525000	123
48530000	124
48535000	125
48540000	126
48545000	127
48550000	128
48555000	129
48560000	130
48565000	131
48570000	132
48575000	133
48580000	134
48585000	135
48590000	136
48595000	137
48600000	138
48605000	139
48610000	140
48615000	141
48620000	142
48625000	143
48630000	144
48635000	145
48640000	146
48645000	147
48650000	148
48655000	149
48660000	150
48665000	151
48670000	152
48675000	153
48680000	154
48685000	155
48690000	156
48695000	157
48700000	158
48705000	159
48710000	160
48715000	161
48720000	162
48725000	163
48730000	164
48735000	165
48740000	166
48745000	167
48750000	168
48755000	169
48760000	170
48765000	171
48770000	172
48775000	173
48780000	174
48785000	175
48790000	176
48795000	177
48800000	178
48805000	179
48810000	180
48815000	181
48820000	182
48825000	183
48830000	184
48835000	185
48840000	186
48845000	187
48850000	188
48855000	189
48860000	190
48865000	191
48870000	192
48875000	193
48880000	194
48885000	195
48890000	196
48895000	197
48900000	198
48905000	199
