149900000	0
149905000	1
149910000	2
149915000	3
149920000	4
149925000	5
149930000	6
149935000	7
149940000	8
149945000	9
149950000	10
149955000	11
149960000	12
149965000	13
149970000	14
149975000	15
149980000	16
149985000	17
149990000	18
149995000	19
150000000	20
150005000	21
150010000	22
150015000	23
150020000	24
150025000	25
150030000	26
150035000	27
150040000	28
150045000	29
150050000	30
150055000	31
150060000	32
150065000	33
150070000	34
150075000	35
150080000	36
150085000	37
150090000	38
150095000	39
150100000	40
150105000	41
150110000	42
150115000	43
150120000	44
150125000	45
150130000	46
150135000	47
150140000	48
150145000	49
150150000	50
150155000	51
150160000	52
150165000	53
150170000	54
150175000	55
150180000	56
150185000	57
150190000	58
150195000	59
150200000	60
150205000	61
150210000	62
150215000	63
150220000	64
150225000	65
150230000	66
150235000	67
150240000	68
150245000	69
150250000	70
150255000	71
150260000	72
150265000	73
150270000	74
150275000	75
150280000	76
150285000	77
150290000	78
150295000	79
150300000	80
150305000	81
150310000	82
150315000	83
150320000	84
150325000	85
150330000	86
150335000	87
150340000	88
150345000	89
150350000	90
150355000	91
150360000	92
150365000	93
150370000	94
150375000	95
150380000	96
150385000	97
150390000	98
150395000	99
150400000	100
150405000	101
150410000	102
150415000	103
150420000	104
150425000	105
150430000	106
150435000	107
150440000	108
150445000	109
150450000	110
150455000	111
150460000	112
150465000	113
150470000	114
150475000	115
150480000	116
150485000	117
150490000	118
150495000	119
150500000	120
150505000	121
150510000	122
150515000	123
150520000	124
150525000	125
150530000	126
150535000	127
150540000	128
150545000	129
150550000	130
150555000	131
150560000	132
150565000	133
150570000	134
150575000	135
150580000	136
150585000	137
150590000	138
150595000	139
150600000	140
150605000	141
150610000	142
150615000	143
150620000	144
150625000	145
150630000	146
150635000	147
150640000	148
150645000	149
150650000	150
150655000	151
150660000	152
150665000	153
150670000	154
150675000	155
150680000	156
150685000	157
150690000	158
150695000	159
150700000	160
150705000	161
150710000	162
150715000	163
150720000	164
150725000	165
150730000	166
150735000	167
150740000	168
150745000	169
150750000	170
150755000	171
150760000	172
150765000	173
150770000	174
150775000	175
150780000	176
150785000	177
150790000	178
150795000	179
150800000	180
150805000	181
150810000	182
150815000	183
150820000	184
150825000	185
150830000	186
150835000	187
150840000	188
150845000	189
150850000	190
150855000	191
150860000	192
150865000	193
150870000	194
