41790000	0
41795000	1
41800000	2
41805000	3
41810000	4
41815000	5
41820000	6
41825000	7
41830000	8
41835000	9
41840000	10
41845000	11
41850000	12
41855000	13
41860000	14
41865000	15
41870000	16
41875000	17
41880000	18
41885000	19
41890000	20
41895000	21
41900000	22
41905000	23
41910000	24
41915000	25
41920000	26
41925000	27
41930000	28
41935000	29
41940000	30
41945000	31
41950000	32
41955000	33
41960000	34
41965000	35
41970000	36
41975000	37
41980000	38
41985000	39
41990000	40
41995000	41
42000000	42
42005000	43
42010000	44
42015000	45
42020000	46
42025000	47
42030000	48
42035000	49
42040000	50
42045000	51
42050000	52
42055000	53
42060000	54
42065000	55
42070000	56
42075000	57
42080000	58
42085000	59
42090000	60
42095000	61
42100000	62
42105000	63
42110000	64
42115000	65
42120000	66
42125000	67
42130000	68
42135000	69
42140000	70
42145000	71
42150000	72
42155000	73
42160000	74
42165000	75
42170000	76
42175000	77
42180000	78
42185000	79
42190000	80
42195000	81
42200000	82
42205000	83
42210000	84
42215000	85
42220000	86
42225000	87
42230000	88
42235000	89
42240000	90
42245000	91
42250000	92
42255000	93
42260000	94
42265000	95
42270000	96
42275000	97
42280000	98
42285000	99
42290000	100
42295000	101
42300000	102
42305000	103
42310000	104
42315000	105
42320000	106
42325000	107
42330000	108
42335000	109
42340000	110
42345000	111
42350000	112
42355000	113
42360000	114
42365000	115
42370000	116
42375000	117
42380000	118
42385000	119
42390000	120
42395000	121
42400000	122
42405000	123
42410000	124
42415000	125
42420000	126
42425000	127
42430000	128
42435000	129
42440000	130
42445000	131
42450000	132
42455000	133
42460000	134
42465000	135
42470000	136
42475000	137
42480000	138
42485000	139
42490000	140
42495000	141
42500000	142
42505000	143
42510000	144
42515000	145
42520000	146
42525000	147
42530000	148
42535000	149
42540000	150
42545000	151
42550000	152
42555000	153
42560000	154
42565000	155
42570000	156
42575000	157
42580000	158
42585000	159
42590000	160
42595000	161
42600000	162
42605000	163
42610000	164
42615000	165
42620000	166
42625000	167
42630000	168
42635000	169
42640000	170
42645000	171
42650000	172
42655000	173
42660000	174
42665000	175
42670000	176
42675000	177
42680000	178
42685000	179
42690000	180
42695000	181
42700000	182
42705000	183
42710000	184
42715000	185
42720000	186
42725000	187
42730000	188
42735000	189
42740000	190
42745000	191
42750000	192
42755000	193
42760000	194
42765000	195
42770000	196
42775000	197
42780000	198
42785000	199
42790000	200
42795000	201
42800000	202
42805000	203
42810000	204
42815000	205
42820000	206
42825000	207
42830000	208
42835000	209
42840000	210
42845000	211
42850000	212
42855000	213
42860000	214
42865000	215
42870000	216
42875000	217
42880000	218
42885000	219
42890000	220
42895000	221
42900000	222
42905000	223
42910000	224
42915000	225
42920000	226
42925000	227
42930000	228
42935000	229
42940000	230
42945000	231
42950000	232
42955000	233
