19375000	0
19380000	1
19385000	2
19390000	3
19395000	4
19400000	5
19405000	6
19410000	7
19415000	8
19420000	9
19425000	10
19430000	11
19435000	12
19440000	13
19445000	14
19450000	15
19455000	16
19460000	17
19465000	18
19470000	19
19475000	20
19480000	21
19485000	22
19490000	23
19495000	24
19500000	25
19505000	26
19510000	27
19515000	28
19520000	29
19525000	30
19530000	31
19535000	32
19540000	33
19545000	34
19550000	35
19555000	36
19560000	37
19565000	38
19570000	39
19575000	40
19580000	41
19585000	42
19590000	43
19595000	44
19600000	45
19605000	46
19610000	47
19615000	48
19620000	49
19625000	50
19630000	51
19635000	52
19640000	53
19645000	54
19650000	55
19655000	56
19660000	57
19665000	58
19670000	59
19675000	60
19680000	61
19685000	62
19690000	63
19695000	64
19700000	65
19705000	66
19710000	67
19715000	68
19720000	69
19725000	70
19730000	71
19735000	72
19740000	73
19745000	74
19750000	75
19755000	76
19760000	77
19765000	78
19770000	79
19775000	80
19780000	81
19785000	82
19790000	83
19795000	84
19800000	85
19805000	86
19810000	87
19815000	88
19820000	89
19825000	90
19830000	91
19835000	92
19840000	93
19845000	94
19850000	95
19855000	96
19860000	97
19865000	98
19870000	99
19875000	100
19880000	101
19885000	102
19890000	103
19895000	104
19900000	105
19905000	106
19910000	107
19915000	108
19920000	109
19925000	110
19930000	111
19935000	112
19940000	113
19945000	114
19950000	115
19955000	116
19960000	117
19965000	118
19970000	119
19975000	120
19980000	121
19985000	122
19990000	123
19995000	124
20000000	125
20005000	126
20010000	127
20015000	128
20020000	129
20025000	130
20030000	131
20035000	132
20040000	133
20045000	134
20050000	135
20055000	136
20060000	137
20065000	138
20070000	139
20075000	140
20080000	141
20085000	142
20090000	143
20095000	144
20100000	145
20105000	146
20110000	147
20115000	148
20120000	149
20125000	150
20130000	151
20135000	152
20140000	153
20145000	154
20150000	155
20155000	156
