130805000	0
130810000	1
130815000	2
130820000	3
130825000	4
130830000	5
130835000	6
130840000	7
130845000	8
130850000	9
130855000	10
130860000	11
130865000	12
130870000	13
130875000	14
130880000	15
130885000	16
130890000	17
130895000	18
130900000	19
130905000	20
130910000	21
130915000	22
130920000	23
130925000	24
130930000	25
130935000	26
130940000	27
130945000	28
130950000	29
130955000	30
130960000	31
130965000	32
130970000	33
130975000	34
130980000	35
130985000	36
130990000	37
130995000	38
131000000	39
131005000	40
131010000	41
131015000	42
131020000	43
131025000	44
131030000	45
131035000	46
131040000	47
131045000	48
131050000	49
131055000	50
131060000	51
131065000	52
131070000	53
131075000	54
131080000	55
131085000	56
131090000	57
131095000	58
131100000	59
131105000	60
131110000	61
131115000	62
131120000	63
131125000	64
131130000	65
131135000	66
131140000	67
131145000	68
131150000	69
131155000	70
131160000	71
131165000	72
131170000	73
131175000	74
131180000	75
131185000	76
131190000	77
131195000	78
131200000	79
131205000	80
131210000	81
131215000	82
131220000	83
