68945000	0
68950000	1
68955000	2
68960000	3
68965000	4
68970000	5
68975000	6
68980000	7
68985000	8
68990000	9
68995000	10
69000000	11
69005000	12
69010000	13
69015000	14
69020000	15
69025000	16
69030000	17
69035000	18
69040000	19
69045000	20
69050000	21
69055000	22
69060000	23
69065000	24
69070000	25
69075000	26
69080000	27
69085000	28
69090000	29
69095000	30
69100000	31
69105000	32
69110000	33
69115000	34
69120000	35
69125000	36
69130000	37
69135000	38
69140000	39
69145000	40
69150000	41
69155000	42
69160000	43
69165000	44
69170000	45
69175000	46
69180000	47
69185000	48
69190000	49
69195000	50
69200000	51
69205000	52
69210000	53
69215000	54
69220000	55
69225000	56
69230000	57
69235000	58
69240000	59
69245000	60
69250000	61
69255000	62
69260000	63
69265000	64
69270000	65
69280000	66
69285000	67
69290000	68
69295000	69
69300000	70
69305000	71
69310000	72
69315000	73
69320000	74
69325000	75
69330000	76
69335000	77
69340000	78
69345000	79
69350000	80
69355000	81
69360000	82
69365000	83
69370000	84
69375000	85
69380000	86
69385000	87
69390000	88
69395000	89
69400000	90
69405000	91
69410000	92
69415000	93
69420000	94
69425000	95
69430000	96
69435000	97
69440000	98
69445000	99
69450000	100
