16770000	0
16771000	1
16772000	2
16773000	3
16774000	4
16775000	5
16776000	6
16777000	7
16778000	8
16779000	9
16780000	10
16781000	11
16782000	12
16783000	13
16784000	14
16785000	15
16786000	16
16787000	17
16788000	18
16789000	19
16790000	20
16791000	21
16792000	22
16793000	23
16794000	24
16795000	25
16796000	26
16797000	27
16798000	28
16799000	29
16800000	30
16801000	31
16802000	32
16803000	33
16804000	34
16805000	35
16806000	36
16807000	37
16808000	38
16809000	39
16810000	40
16811000	41
16812000	42
16813000	43
16814000	44
16815000	45
16816000	46
16817000	47
16818000	48
16819000	49
16820000	50
16821000	51
16822000	52
16823000	53
16824000	54
16825000	55
16826000	56
16827000	57
16828000	58
16829000	59
16830000	60
16831000	61
16832000	62
16833000	63
16834000	64
16835000	65
16836000	66
16837000	67
16838000	68
16839000	69
16840000	70
16841000	71
16842000	72
16843000	73
16844000	74
16845000	75
16846000	76
16847000	77
16848000	78
16849000	79
16850000	80
16851000	81
16852000	82
16853000	83
16854000	84
16855000	85
16856000	86
16857000	87
16858000	88
16859000	89
16860000	90
16861000	91
16862000	92
16863000	93
16864000	94
16865000	95
16866000	96
16867000	97
16868000	98
16869000	99
16870000	100
16871000	101
16872000	102
16873000	103
16874000	104
16875000	105
16876000	106
16877000	107
16878000	108
16879000	109
16880000	110
16881000	111
16882000	112
16883000	113
16884000	114
16885000	115
16886000	116
16887000	117
16888000	118
16889000	119
16890000	120
16891000	121
16892000	122
16893000	123
16894000	124
16895000	125
16896000	126
16897000	127
16898000	128
16899000	129
16900000	130
16901000	131
16902000	132
16903000	133
16904000	134
16905000	135
16906000	136
16907000	137
16908000	138
16909000	139
16910000	140
16911000	141
16912000	142
16913000	143
16914000	144
16915000	145
16916000	146
16917000	147
16918000	148
16919000	149
16920000	150
16921000	151
16922000	152
16923000	153
16924000	154
16925000	155
16926000	156
16927000	157
16928000	158
16929000	159
16930000	160
16931000	161
16932000	162
16933000	163
16934000	164
16935000	165
16936000	166
16937000	167
16938000	168
16939000	169
16940000	170
16941000	171
16942000	172
16943000	173
16944000	174
16945000	175
16946000	176
16947000	177
16948000	178
16949000	179
16950000	180
16951000	181
16952000	182
16953000	183
16954000	184
16955000	185
16956000	186
16957000	187
16958000	188
16959000	189
16960000	190
16961000	191
16962000	192
16963000	193
16964000	194
16965000	195
16966000	196
16967000	197
16968000	198
16969000	199
16970000	200
16971000	201
16972000	202
16973000	203
16974000	204
16975000	205
16976000	206
16977000	207
16978000	208
16979000	209
16980000	210
16981000	211
16982000	212
16983000	213
16984000	214
16985000	215
16986000	216
16987000	217
16988000	218
16989000	219
16990000	220
16991000	221
16992000	222
16993000	223
16994000	224
16995000	225
16996000	226
16997000	227
16998000	228
16999000	229
17000000	230
17001000	231
17002000	232
17003000	233
17004000	234
17005000	235
17006000	236
17007000	237
17008000	238
17009000	239
17010000	240
17011000	241
17012000	242
17013000	243
17014000	244
17015000	245
17016000	246
17017000	247
17018000	248
17019000	249
17020000	250
17021000	251
17022000	252
17023000	253
17024000	254
17025000	255
17026000	256
17027000	257
17028000	258
17029000	259
17030000	260
17031000	261
17032000	262
17033000	263
17034000	264
17035000	265
17036000	266
17037000	267
17038000	268
17039000	269
17040000	270
17041000	271
17042000	272
17043000	273
17044000	274
17045000	275
17046000	276
17047000	277
17048000	278
17049000	279
17050000	280
17051000	281
17052000	282
17053000	283
17054000	284
17055000	285
17056000	286
17057000	287
17058000	288
17059000	289
17060000	290
17061000	291
17062000	292
17063000	293
17064000	294
17065000	295
17066000	296
17067000	297
17068000	298
17069000	299
17070000	300
17071000	301
17072000	302
17073000	303
17074000	304
17075000	305
17076000	306
17077000	307
17078000	308
17079000	309
17080000	310
17081000	311
17082000	312
17083000	313
17084000	314
17085000	315
17086000	316
17087000	317
17088000	318
17089000	319
17090000	320
17091000	321
17092000	322
17093000	323
17094000	324
17095000	325
17096000	326
17097000	327
17098000	328
17099000	329
17100000	330
17101000	331
17102000	332
17103000	333
17104000	334
17105000	335
17106000	336
17107000	337
17108000	338
17109000	339
17110000	340
17111000	341
17112000	342
17113000	343
17114000	344
17115000	345
17116000	346
17117000	347
17118000	348
17119000	349
17120000	350
17121000	351
17122000	352
17123000	353
17124000	354
17125000	355
17126000	356
17127000	357
17128000	358
17129000	359
17130000	360
17131000	361
17132000	362
17133000	363
17134000	364
17135000	365
17136000	366
17137000	367
17138000	368
17139000	369
17140000	370
17141000	371
17142000	372
17143000	373
17144000	374
17145000	375
17146000	376
17147000	377
17148000	378
17149000	379
17150000	380
17151000	381
17152000	382
17153000	383
17154000	384
17155000	385
17156000	386
17157000	387
17158000	388
17159000	389
17160000	390
17161000	391
17162000	392
17163000	393
17164000	394
17165000	395
17166000	396
17167000	397
17168000	398
17169000	399
17170000	400
17171000	401
17172000	402
17173000	403
17174000	404
17175000	405
17176000	406
17177000	407
17178000	408
17179000	409
17180000	410
17181000	411
17182000	412
17183000	413
17184000	414
17185000	415
17186000	416
17187000	417
17188000	418
17189000	419
17190000	420
17191000	421
17192000	422
17193000	423
17194000	424
17195000	425
17196000	426
17197000	427
17198000	428
17199000	429
17200000	430
17201000	431
17202000	432
17203000	433
17204000	434
17205000	435
17206000	436
17207000	437
17208000	438
17209000	439
17210000	440
17211000	441
17212000	442
17213000	443
17214000	444
17215000	445
17216000	446
17217000	447
17218000	448
17219000	449
17220000	450
17221000	451
17222000	452
17223000	453
17224000	454
17225000	455
17226000	456
17227000	457
17228000	458
17229000	459
17230000	460
