52235000	0
52240000	1
52245000	2
52250000	3
52255000	4
52260000	5
52265000	6
52270000	7
52275000	8
52280000	9
52285000	10
52290000	11
52295000	12
52300000	13
52305000	14
52310000	15
52315000	16
52320000	17
52325000	18
52330000	19
52335000	20
52340000	21
52345000	22
52350000	23
52355000	24
52360000	25
52365000	26
52370000	27
52375000	28
52380000	29
52385000	30
52390000	31
52395000	32
52400000	33
52405000	34
52410000	35
52415000	36
52420000	37
52425000	38
52430000	39
52435000	40
52440000	41
52445000	42
52450000	43
52455000	44
52460000	45
52465000	46
52470000	47
52475000	48
52480000	49
52485000	50
52490000	51
52495000	52
52500000	53
52505000	54
52510000	55
52515000	56
52520000	57
52525000	58
52530000	59
52535000	60
52540000	61
52545000	62
52550000	63
52555000	64
52560000	65
52565000	66
52570000	67
52575000	68
52580000	69
52585000	70
52590000	71
52595000	72
52600000	73
52605000	74
52610000	75
52615000	76
52620000	77
52625000	78
52630000	79
52635000	80
52640000	81
52645000	82
52650000	83
52655000	84
52660000	85
52665000	86
52670000	87
52675000	88
52680000	89
52685000	90
52690000	91
52695000	92
52700000	93
52705000	94
52710000	95
52715000	96
52720000	97
52725000	98
52730000	99
