23810000	0
23815000	1
23820000	2
23825000	3
23830000	4
23835000	5
23840000	6
23845000	7
23850000	8
23855000	9
23860000	10
23865000	11
23870000	12
23875000	13
23880000	14
23885000	15
23890000	16
23895000	17
23900000	18
23905000	19
23910000	20
23915000	21
23920000	22
23925000	23
23930000	24
23935000	25
23940000	26
23945000	27
23950000	28
23955000	29
23960000	30
23965000	31
23970000	32
23975000	33
23980000	34
23985000	35
23990000	36
23995000	37
24000000	38
24005000	39
24010000	40
24015000	41
24020000	42
24025000	43
24030000	44
24035000	45
24040000	46
24045000	47
24050000	48
24055000	49
24060000	50
24065000	51
24070000	52
24075000	53
24080000	54
24085000	55
24090000	56
24095000	57
24100000	58
24105000	59
24110000	60
24115000	61
24120000	62
24125000	63
24130000	64
24135000	65
24140000	66
24145000	67
24150000	68
24155000	69
24160000	70
24165000	71
24170000	72
24175000	73
24180000	74
24185000	75
24190000	76
24195000	77
24200000	78
24205000	79
24210000	80
