183850000	0
183855000	1
183860000	2
183865000	3
183870000	4
183875000	5
183880000	6
183885000	7
183890000	8
183895000	9
183900000	10
183905000	11
183910000	12
183915000	13
183920000	14
183925000	15
183930000	16
183935000	17
183940000	18
183945000	19
183950000	20
183955000	21
183960000	22
183965000	23
183970000	24
183975000	25
183980000	26
183985000	27
183990000	28
183995000	29
184000000	30
184005000	31
184010000	32
184015000	33
184020000	34
184025000	35
184030000	36
184035000	37
184040000	38
184045000	39
184050000	40
184055000	41
184060000	42
184065000	43
184070000	44
184075000	45
184080000	46
184085000	47
184090000	48
184095000	49
184100000	50
184105000	51
184110000	52
184115000	53
184120000	54
184125000	55
184130000	56
184135000	57
184140000	58
184145000	59
184150000	60
184155000	61
184160000	62
184165000	63
184170000	64
184175000	65
184180000	66
184185000	67
184190000	68
184195000	69
184200000	70
184205000	71
184210000	72
184215000	73
184220000	74
184225000	75
184230000	76
184235000	77
184240000	78
184245000	79
184250000	80
184255000	81
184260000	82
184265000	83
184270000	84
184275000	85
184280000	86
184285000	87
184290000	88
184295000	89
184300000	90
184305000	91
184310000	92
184315000	93
184320000	94
184325000	95
184330000	96
184335000	97
184340000	98
184345000	99
184350000	100
184355000	101
184360000	102
184365000	103
184370000	104
184375000	105
184380000	106
184385000	107
184390000	108
184395000	109
184400000	110
184405000	111
184410000	112
184415000	113
184420000	114
184425000	115
184430000	116
184435000	117
184440000	118
184445000	119
184450000	120
184455000	121
184460000	122
184465000	123
184470000	124
184475000	125
184480000	126
184485000	127
184490000	128
184495000	129
184500000	130
184505000	131
184510000	132
184515000	133
184520000	134
184525000	135
184530000	136
184535000	137
184540000	138
184545000	139
184550000	140
184555000	141
184560000	142
184565000	143
184570000	144
184575000	145
184580000	146
184585000	147
184590000	148
184595000	149
184600000	150
184605000	151
184610000	152
184615000	153
184620000	154
184625000	155
184630000	156
184635000	157
184640000	158
184645000	159
184650000	160
184655000	161
184660000	162
184665000	163
184670000	164
184675000	165
184680000	166
184685000	167
184690000	168
184695000	169
184700000	170
184705000	171
184710000	172
184715000	173
184720000	174
184725000	175
