118446000	0
118447000	1
118448000	2
118449000	3
118450000	4
118451000	5
118452000	6
118453000	7
118454000	8
118455000	9
118456000	10
118457000	11
118458000	12
118459000	13
118460000	14
118461000	15
118462000	16
118463000	17
118464000	18
118465000	19
118466000	20
118467000	21
118468000	22
118469000	23
118470000	24
118471000	25
118472000	26
118473000	27
118474000	28
118475000	29
118476000	30
118477000	31
118478000	32
118479000	33
118480000	34
118481000	35
118482000	36
118483000	37
118484000	38
118485000	39
118486000	40
118487000	41
118488000	42
118489000	43
118490000	44
118491000	45
118492000	46
118493000	47
118494000	48
118495000	49
118496000	50
118497000	51
118498000	52
118499000	53
118500000	54
118501000	55
118502000	56
118503000	57
118504000	58
118505000	59
118506000	60
118507000	61
118508000	62
118509000	63
118510000	64
118511000	65
118512000	66
118513000	67
118514000	68
118515000	69
118516000	70
118517000	71
118518000	72
118519000	73
118520000	74
118521000	75
118522000	76
118523000	77
118524000	78
118525000	79
118526000	80
118527000	81
118528000	82
118529000	83
118530000	84
118531000	85
118532000	86
118533000	87
118534000	88
