32325000	0
32330000	1
32335000	2
32340000	3
32345000	4
32350000	5
32355000	6
32360000	7
32365000	8
32370000	9
32375000	10
32380000	11
32385000	12
32390000	13
32395000	14
32400000	15
32405000	16
32410000	17
32415000	18
32420000	19
32425000	20
32430000	21
32435000	22
32440000	23
32445000	24
32450000	25
32455000	26
32460000	27
32465000	28
32470000	29
32475000	30
32480000	31
32485000	32
32490000	33
32495000	34
32500000	35
32505000	36
32510000	37
32515000	38
32520000	39
32525000	40
32530000	41
32535000	42
32540000	43
32545000	44
32550000	45
32555000	46
32560000	47
32565000	48
32570000	49
32575000	50
32580000	51
32585000	52
32590000	53
32595000	54
32600000	55
32605000	56
32610000	57
32615000	58
32620000	59
32625000	60
32630000	61
32635000	62
32640000	63
32645000	64
32650000	65
32655000	66
32660000	67
32665000	68
32670000	69
32675000	70
32680000	71
32685000	72
32690000	73
32695000	74
32700000	75
32705000	76
32710000	77
32715000	78
32720000	79
32725000	80
32730000	81
32735000	82
32740000	83
32745000	84
32750000	85
32755000	86
32760000	87
32765000	88
32770000	89
32775000	90
32780000	91
32785000	92
32790000	93
32795000	94
32800000	95
32805000	96
32810000	97
32815000	98
32820000	99
