112915000	0
112916000	1
112917000	2
112918000	3
112919000	4
112920000	5
112921000	6
112922000	7
112923000	8
112924000	9
112925000	10
112926000	11
112927000	12
112928000	13
112929000	14
112930000	15
112931000	16
112932000	17
112933000	18
112934000	19
112935000	20
112936000	21
112937000	22
112938000	23
112939000	24
112940000	25
112941000	26
112942000	27
112943000	28
112944000	29
112945000	30
112946000	31
112947000	32
112948000	33
112949000	34
112950000	35
112951000	36
112952000	37
112953000	38
112954000	39
112955000	40
112956000	41
112957000	42
112958000	43
112959000	44
112960000	45
112961000	46
112962000	47
112963000	48
112964000	49
112965000	50
112966000	51
112967000	52
112968000	53
112969000	54
112970000	55
112971000	56
112972000	57
112973000	58
112974000	59
112975000	60
112976000	61
112977000	62
112978000	63
112979000	64
112980000	65
112981000	66
112982000	67
112983000	68
112984000	69
112985000	70
112986000	71
112987000	72
112988000	73
112989000	74
112990000	75
112991000	76
112992000	77
112993000	78
112994000	79
112995000	80
112996000	81
112997000	82
112998000	83
112999000	84
113000000	85
113001000	86
113002000	87
113003000	88
113004000	89
113005000	90
113006000	91
113007000	92
113008000	93
113009000	94
113010000	95
113011000	96
113012000	97
113013000	98
113014000	99
113015000	100
113016000	101
113017000	102
113018000	103
113019000	104
113020000	105
113021000	106
113022000	107
113023000	108
113024000	109
113025000	110
113026000	111
113027000	112
113028000	113
113029000	114
113030000	115
113031000	116
113032000	117
113033000	118
113034000	119
113035000	120
113036000	121
113037000	122
113038000	123
113039000	124
113040000	125
113041000	126
113042000	127
113043000	128
113044000	129
113045000	130
113046000	131
113047000	132
113048000	133
113049000	134
113050000	135
113051000	136
113052000	137
113053000	138
113054000	139
113055000	140
113056000	141
113057000	142
113058000	143
113059000	144
113060000	145
113061000	146
113062000	147
113063000	148
113064000	149
113065000	150
113066000	151
113067000	152
113068000	153
113069000	154
113070000	155
113071000	156
113072000	157
113073000	158
113074000	159
113075000	160
113076000	161
113077000	162
113078000	163
113079000	164
113080000	165
113081000	166
113082000	167
113083000	168
113084000	169
113085000	170
113086000	171
113087000	172
113088000	173
113089000	174
113090000	175
113091000	176
113092000	177
113093000	178
113094000	179
113095000	180
113096000	181
113097000	182
113098000	183
113099000	184
113100000	185
113101000	186
113102000	187
113103000	188
113104000	189
113105000	190
113106000	191
113107000	192
113108000	193
113109000	194
113110000	195
113111000	196
113112000	197
113113000	198
113114000	199
113115000	200
113116000	201
113117000	202
113118000	203
113119000	204
113120000	205
113121000	206
113122000	207
113123000	208
113124000	209
113125000	210
113126000	211
113127000	212
113128000	213
113129000	214
113130000	215
113131000	216
113132000	217
113133000	218
113134000	219
113135000	220
113136000	221
113137000	222
113138000	223
113139000	224
113140000	225
113141000	226
113142000	227
113143000	228
113144000	229
113145000	230
113146000	231
113147000	232
113148000	233
113149000	234
113150000	235
113151000	236
113152000	237
113153000	238
113154000	239
113155000	240
113156000	241
113157000	242
113158000	243
113159000	244
113160000	245
113161000	246
113162000	247
113163000	248
113164000	249
113165000	250
113166000	251
113167000	252
113168000	253
113169000	254
113170000	255
113171000	256
113172000	257
113173000	258
113174000	259
113175000	260
113176000	261
113177000	262
113178000	263
113179000	264
113180000	265
113181000	266
113182000	267
113183000	268
113184000	269
113185000	270
113186000	271
113187000	272
113188000	273
113189000	274
113190000	275
113191000	276
113192000	277
113193000	278
113194000	279
113195000	280
113196000	281
113197000	282
113198000	283
113199000	284
113200000	285
113201000	286
113202000	287
113203000	288
113204000	289
113205000	290
113206000	291
113207000	292
113208000	293
113209000	294
113210000	295
113211000	296
113212000	297
113213000	298
113214000	299
113215000	300
113216000	301
113217000	302
113218000	303
113219000	304
113220000	305
113221000	306
113222000	307
113223000	308
113224000	309
113225000	310
113226000	311
113227000	312
113228000	313
113229000	314
113230000	315
113231000	316
113232000	317
113233000	318
113234000	319
113235000	320
113236000	321
113237000	322
113238000	323
113239000	324
113240000	325
113241000	326
113242000	327
113243000	328
113244000	329
113245000	330
113246000	331
113247000	332
113248000	333
113249000	334
113250000	335
113251000	336
113252000	337
113253000	338
113254000	339
113255000	340
