8131000	0
8132000	1
8133000	2
8134000	3
8135000	4
8136000	5
8137000	6
8138000	7
8139000	8
8140000	9
8141000	10
8142000	11
8143000	12
8144000	13
8145000	14
8146000	15
8147000	16
8148000	17
8149000	18
8150000	19
8151000	20
8152000	21
8153000	22
8154000	23
8155000	24
8156000	25
8157000	26
8158000	27
8159000	28
8160000	29
8161000	30
8162000	31
8163000	32
8165000	33
8166000	34
8167000	35
8168000	36
8169000	37
8170000	38
8171000	39
8172000	40
8173000	41
8174000	42
8175000	43
8176000	44
8177000	45
8178000	46
8179000	47
8180000	48
8181000	49
8182000	50
8183000	51
8184000	52
8185000	53
8186000	54
8187000	55
8188000	56
8189000	57
8190000	58
8191000	59
8192000	60
8193000	61
8194000	62
8195000	63
8196000	64
8197000	65
8198000	66
8199000	67
