90500000	0
90505000	1
90510000	2
90515000	3
90520000	4
90525000	5
90530000	6
90535000	7
90540000	8
90545000	9
90550000	10
90555000	11
90560000	12
90565000	13
90570000	14
90575000	15
90580000	16
90585000	17
90590000	18
90595000	19
90600000	20
90605000	21
90610000	22
90615000	23
90620000	24
90625000	25
90630000	26
90635000	27
90640000	28
90645000	29
90650000	30
90655000	31
90660000	32
90665000	33
90670000	34
90675000	35
90680000	36
90685000	37
90690000	38
90695000	39
90700000	40
90705000	41
90710000	42
90715000	43
90720000	44
90725000	45
90730000	46
90735000	47
90740000	48
90745000	49
90750000	50
90755000	51
90760000	52
90765000	53
90770000	54
90775000	55
90780000	56
90785000	57
90790000	58
90795000	59
90800000	60
90805000	61
90810000	62
90815000	63
90820000	64
90825000	65
90830000	66
90835000	67
90840000	68
90845000	69
90850000	70
90855000	71
90860000	72
90865000	73
90870000	74
90875000	75
