8880000	0
8885000	1
8890000	2
8895000	3
8900000	4
8905000	5
8910000	6
8915000	7
8920000	8
8925000	9
8930000	10
8935000	11
8940000	12
8945000	13
8950000	14
8955000	15
8960000	16
8965000	17
8970000	18
8975000	19
8980000	20
8985000	21
8990000	22
8995000	23
9000000	24
9005000	25
9010000	26
9015000	27
9020000	28
9025000	29
9030000	30
9035000	31
9040000	32
9045000	33
9050000	34
9055000	35
9060000	36
9065000	37
9070000	38
9075000	39
9080000	40
9085000	41
9090000	42
9095000	43
9100000	44
9105000	45
9110000	46
9115000	47
9120000	48
9125000	49
9130000	50
9135000	51
9140000	52
9145000	53
9150000	54
9155000	55
9160000	56
9165000	57
9170000	58
9175000	59
9180000	60
9185000	61
9190000	62
9195000	63
9200000	64
9205000	65
9210000	66
9215000	67
