37650000	0
37655000	1
37660000	2
37665000	3
37670000	4
37675000	5
37680000	6
37685000	7
37690000	8
37695000	9
37700000	10
37705000	11
37710000	12
37715000	13
37720000	14
37725000	15
37730000	16
37735000	17
37740000	18
37745000	19
37750000	20
37755000	21
37760000	22
37765000	23
37770000	24
37775000	25
37780000	26
37785000	27
37790000	28
37795000	29
37800000	30
37805000	31
37810000	32
37815000	33
37820000	34
37830000	35
37835000	36
37840000	37
37845000	38
37850000	39
37855000	40
37860000	41
37865000	42
37870000	43
37875000	44
37880000	45
37885000	46
37890000	47
37895000	48
37900000	49
37905000	50
37910000	51
37915000	52
37920000	53
37925000	54
37930000	55
37935000	56
37940000	57
37945000	58
37950000	59
37955000	60
37960000	61
37965000	62
37970000	63
37975000	64
37980000	65
37985000	66
37990000	67
37995000	68
38000000	69
38005000	70
38010000	71
38015000	72
38020000	73
38025000	74
38030000	75
38035000	76
38040000	77
38045000	78
38050000	79
38055000	80
38060000	81
38065000	82
38070000	83
38075000	84
38080000	85
38085000	86
38090000	87
38095000	88
38100000	89
38105000	90
38110000	91
38115000	92
38120000	93
38125000	94
38130000	95
38135000	96
38140000	97
38145000	98
38150000	99
38155000	100
38160000	101
38165000	102
38170000	103
38175000	104
38180000	105
38185000	106
38190000	107
38195000	108
38200000	109
38205000	110
38210000	111
38215000	112
38220000	113
38225000	114
38230000	115
38235000	116
38240000	117
38245000	118
38250000	119
38255000	120
38260000	121
38265000	122
38270000	123
38275000	124
38280000	125
38285000	126
38290000	127
38295000	128
38300000	129
38305000	130
38310000	131
38315000	132
38320000	133
38325000	134
38330000	135
38335000	136
38340000	137
38345000	138
38350000	139
38355000	140
38360000	141
38365000	142
38370000	143
38375000	144
38380000	145
38385000	146
38390000	147
38395000	148
38400000	149
38405000	150
38410000	151
38415000	152
38420000	153
38425000	154
38430000	155
38435000	156
38440000	157
38445000	158
38450000	159
38455000	160
38460000	161
38465000	162
38470000	163
38475000	164
38480000	165
38485000	166
38490000	167
38495000	168
38500000	169
38505000	170
38510000	171
38515000	172
38520000	173
38525000	174
38530000	175
38535000	176
38540000	177
38545000	178
38550000	179
38555000	180
38560000	181
38565000	182
38570000	183
38575000	184
38580000	185
38585000	186
38590000	187
38595000	188
38600000	189
38605000	190
38610000	191
38615000	192
38620000	193
38625000	194
38630000	195
38635000	196
38640000	197
38645000	198
38650000	199
38655000	200
38660000	201
38665000	202
38670000	203
38675000	204
38680000	205
38685000	206
38690000	207
38695000	208
38700000	209
38705000	210
38710000	211
38715000	212
38720000	213
38725000	214
38730000	215
38735000	216
38740000	217
38745000	218
38750000	219
38755000	220
38760000	221
38765000	222
38770000	223
38775000	224
38780000	225
38785000	226
38790000	227
38795000	228
38800000	229
38805000	230
38810000	231
38815000	232
38820000	233
38825000	234
38830000	235
38835000	236
38840000	237
38845000	238
38850000	239
38855000	240
38860000	241
38865000	242
38870000	243
38875000	244
38880000	245
38885000	246
38890000	247
38895000	248
38900000	249
38905000	250
38910000	251
38915000	252
38920000	253
38925000	254
38930000	255
38935000	256
38940000	257
38945000	258
38950000	259
38955000	260
38960000	261
38965000	262
38970000	263
38975000	264
38980000	265
38985000	266
38990000	267
38995000	268
39000000	269
39005000	270
39010000	271
39015000	272
39020000	273
39025000	274
39030000	275
39035000	276
39040000	277
39045000	278
39050000	279
39055000	280
39060000	281
39065000	282
39070000	283
39075000	284
39080000	285
39085000	286
39090000	287
39095000	288
39100000	289
39105000	290
39110000	291
39115000	292
39120000	293
39125000	294
39130000	295
39135000	296
39140000	297
39145000	298
39150000	299
39155000	300
39160000	301
39165000	302
39170000	303
39175000	304
39180000	305
39185000	306
39190000	307
39195000	308
39200000	309
39205000	310
39210000	311
39215000	312
39220000	313
39225000	314
