79385000	0
79390000	1
79395000	2
79400000	3
79405000	4
79410000	5
79415000	6
79420000	7
79425000	8
79430000	9
79435000	10
79440000	11
79445000	12
79450000	13
79455000	14
79460000	15
79465000	16
79470000	17
79475000	18
79480000	19
79485000	20
79490000	21
79495000	22
79500000	23
79505000	24
79510000	25
79515000	26
79520000	27
79525000	28
79530000	29
79535000	30
79540000	31
79545000	32
79550000	33
79555000	34
79560000	35
79565000	36
79570000	37
79575000	38
79580000	39
79585000	40
79590000	41
79595000	42
79600000	43
79605000	44
79610000	45
79615000	46
79620000	47
79625000	48
79630000	49
79635000	50
79640000	51
79645000	52
79650000	53
79655000	54
79660000	55
79665000	56
79670000	57
79675000	58
79680000	59
79685000	60
