67715000	0
67720000	1
67725000	2
67730000	3
67735000	4
67740000	5
67745000	6
67750000	7
67755000	8
67760000	9
67765000	10
67770000	11
67775000	12
67780000	13
67785000	14
67790000	15
67795000	16
67800000	17
67805000	18
67810000	19
67815000	20
67820000	21
67825000	22
67830000	23
67835000	24
67840000	25
67845000	26
67850000	27
67855000	28
67860000	29
67865000	30
67870000	31
67875000	32
67880000	33
67885000	34
67890000	35
67895000	36
67900000	37
67905000	38
67910000	39
67915000	40
67920000	41
67925000	42
67930000	43
67935000	44
67940000	45
67945000	46
67950000	47
67955000	48
67960000	49
67965000	50
67970000	51
67975000	52
67980000	53
67985000	54
67990000	55
67995000	56
68000000	57
68005000	58
68010000	59
68015000	60
68020000	61
68025000	62
68030000	63
