149545000	0
149550000	1
149555000	2
149560000	3
149565000	4
149570000	5
149575000	6
149580000	7
149585000	8
149590000	9
149595000	10
149600000	11
149605000	12
149610000	13
149615000	14
149620000	15
149625000	16
149630000	17
149635000	18
149640000	19
149645000	20
149650000	21
149655000	22
149660000	23
149665000	24
149670000	25
149675000	26
149680000	27
149685000	28
149690000	29
149790000	30
149795000	31
149800000	32
149805000	33
149810000	34
149815000	35
149820000	36
149825000	37
149830000	38
149835000	39
149840000	40
149845000	41
149850000	42
149855000	43
149860000	44
149865000	45
