148195000	0
148200000	1
148205000	2
148210000	3
148215000	4
148220000	5
148225000	6
148230000	7
148235000	8
148240000	9
148245000	10
148250000	11
148255000	12
148260000	13
148265000	14
148270000	15
148275000	16
148280000	17
148285000	18
148290000	19
148295000	20
148300000	21
148305000	22
148310000	23
148315000	24
148320000	25
148325000	26
148330000	27
148335000	28
148340000	29
148345000	30
148350000	31
148355000	32
148360000	33
148365000	34
148370000	35
148375000	36
148380000	37
148385000	38
148390000	39
148395000	40
148400000	41
148405000	42
148410000	43
148415000	44
148420000	45
148425000	46
148430000	47
148435000	48
148440000	49
148445000	50
148450000	51
148455000	52
148460000	53
148465000	54
148470000	55
148475000	56
148480000	57
148485000	58
148490000	59
148495000	60
148500000	61
148505000	62
148510000	63
148515000	64
148520000	65
148525000	66
148530000	67
148535000	68
148540000	69
148545000	70
148550000	71
148555000	72
148560000	73
148565000	74
148570000	75
148575000	76
148580000	77
148585000	78
148590000	79
148595000	80
148600000	81
148605000	82
148610000	83
148615000	84
148620000	85
148625000	86
148630000	87
148635000	88
148640000	89
148645000	90
148650000	91
148655000	92
148660000	93
148665000	94
148670000	95
148675000	96
148680000	97
148685000	98
148690000	99
148695000	100
148700000	101
148705000	102
148710000	103
148715000	104
148720000	105
148725000	106
148730000	107
148735000	108
148740000	109
148745000	110
148750000	111
148755000	112
148760000	113
148765000	114
148770000	115
148775000	116
148780000	117
148785000	118
148790000	119
148795000	120
