82370000	0
82375000	1
82380000	2
82385000	3
82390000	4
82395000	5
82400000	6
82405000	7
82410000	8
82415000	9
82420000	10
82425000	11
82430000	12
82435000	13
82440000	14
82445000	15
82450000	16
82455000	17
82460000	18
82465000	19
82470000	20
82475000	21
82480000	22
82485000	23
82490000	24
82495000	25
82500000	26
82505000	27
82510000	28
82515000	29
82520000	30
82525000	31
82530000	32
82535000	33
82540000	34
82545000	35
82550000	36
82555000	37
82560000	38
82565000	39
82570000	40
82575000	41
82580000	42
82585000	43
82590000	44
82595000	45
82600000	46
82605000	47
82610000	48
82615000	49
82620000	50
82625000	51
82630000	52
82635000	53
82640000	54
82645000	55
82650000	56
82655000	57
82660000	58
82665000	59
82670000	60
82675000	61
82680000	62
82685000	63
82690000	64
82695000	65
82700000	66
82705000	67
82710000	68
82715000	69
82720000	70
82725000	71
82730000	72
82735000	73
82740000	74
82745000	75
82750000	76
82755000	77
82760000	78
82765000	79
