40265000	0
40266000	1
40267000	2
40268000	3
40269000	4
40270000	5
40271000	6
40272000	7
40273000	8
40274000	9
40275000	10
40276000	11
40277000	12
40278000	13
40279000	14
40280000	15
40281000	16
40282000	17
40283000	18
40284000	19
40285000	20
40286000	21
40287000	22
40288000	23
40289000	24
40290000	25
40291000	26
40292000	27
40293000	28
40294000	29
40295000	30
40296000	31
40297000	32
40298000	33
40299000	34
40300000	35
40301000	36
40302000	37
40303000	38
40304000	39
40305000	40
40306000	41
40307000	42
40308000	43
40309000	44
40310000	45
40311000	46
40312000	47
40313000	48
40314000	49
40315000	50
40316000	51
40317000	52
40318000	53
40319000	54
40320000	55
40321000	56
40322000	57
40323000	58
40324000	59
40325000	60
40326000	61
40327000	62
40328000	63
40329000	64
40330000	65
40331000	66
40332000	67
40333000	68
40334000	69
40335000	70
40336000	71
40337000	72
40338000	73
40339000	74
40340000	75
40341000	76
40342000	77
40343000	78
40344000	79
40345000	80
40346000	81
40347000	82
40348000	83
40349000	84
40350000	85
40351000	86
40352000	87
40353000	88
40354000	89
40355000	90
40356000	91
40357000	92
40358000	93
40359000	94
40360000	95
40361000	96
40362000	97
40363000	98
40364000	99
40365000	100
40366000	101
40367000	102
40368000	103
40369000	104
40370000	105
40371000	106
40372000	107
40373000	108
40374000	109
40375000	110
40376000	111
40377000	112
40378000	113
40379000	114
40380000	115
40381000	116
40382000	117
40383000	118
40384000	119
40385000	120
40386000	121
40387000	122
40388000	123
40389000	124
40390000	125
40391000	126
40392000	127
40393000	128
40394000	129
40395000	130
40396000	131
40397000	132
40398000	133
40399000	134
40400000	135
40401000	136
40402000	137
40403000	138
40404000	139
40405000	140
40406000	141
40407000	142
40408000	143
40409000	144
40410000	145
40411000	146
40412000	147
40413000	148
40414000	149
40415000	150
40416000	151
40417000	152
40418000	153
40419000	154
40420000	155
40421000	156
40422000	157
40423000	158
40424000	159
40425000	160
40426000	161
40427000	162
40428000	163
40429000	164
40430000	165
40431000	166
40432000	167
40433000	168
40434000	169
40435000	170
40436000	171
40437000	172
40438000	173
40439000	174
40440000	175
40441000	176
40442000	177
40443000	178
40444000	179
40445000	180
40446000	181
40447000	182
40448000	183
40449000	184
40450000	185
40451000	186
40452000	187
40453000	188
40454000	189
40455000	190
40456000	191
40457000	192
40458000	193
40459000	194
40460000	195
40461000	196
40462000	197
40463000	198
40464000	199
40465000	200
40466000	201
40467000	202
40468000	203
40469000	204
40470000	205
40471000	206
40472000	207
40473000	208
40474000	209
40475000	210
40476000	211
40477000	212
40478000	213
40479000	214
40480000	215
40481000	216
40482000	217
40483000	218
40484000	219
40485000	220
40486000	221
40487000	222
40488000	223
40489000	224
40490000	225
40491000	226
40492000	227
40493000	228
40494000	229
40495000	230
40496000	231
40497000	232
40498000	233
40499000	234
40500000	235
40501000	236
40502000	237
40503000	238
40504000	239
40505000	240
40506000	241
40507000	242
40508000	243
40509000	244
40510000	245
