57915000	0
57920000	1
57925000	2
57930000	3
57935000	4
57940000	5
57945000	6
57950000	7
57955000	8
57960000	9
57965000	10
57970000	11
57975000	12
57980000	13
57985000	14
57990000	15
57995000	16
58000000	17
58005000	18
58010000	19
58015000	20
58020000	21
58025000	22
58030000	23
58035000	24
58040000	25
58045000	26
58050000	27
58055000	28
58060000	29
58065000	30
58070000	31
58075000	32
58080000	33
58085000	34
58090000	35
58095000	36
58100000	37
58105000	38
58110000	39
58115000	40
58120000	41
58125000	42
58130000	43
58135000	44
58140000	45
58145000	46
58150000	47
58155000	48
58160000	49
58165000	50
58170000	51
58175000	52
58180000	53
58185000	54
58190000	55
58195000	56
58200000	57
58205000	58
58210000	59
58215000	60
58220000	61
58225000	62
58230000	63
58235000	64
58240000	65
58245000	66
58250000	67
58255000	68
58260000	69
58265000	70
58270000	71
58275000	72
58280000	73
58285000	74
58290000	75
58295000	76
58300000	77
58305000	78
58310000	79
58315000	80
58320000	81
58325000	82
58330000	83
58335000	84
58340000	85
58345000	86
58350000	87
58355000	88
58360000	89
58365000	90
58370000	91
58375000	92
58380000	93
58385000	94
58390000	95
58395000	96
58400000	97
58405000	98
58410000	99
58415000	100
58420000	101
58425000	102
58430000	103
58435000	104
58440000	105
58445000	106
58450000	107
58455000	108
58460000	109
58465000	110
58470000	111
58475000	112
58480000	113
58485000	114
58490000	115
58495000	116
58500000	117
58505000	118
58510000	119
58515000	120
58520000	121
58525000	122
58530000	123
58535000	124
58540000	125
58545000	126
58550000	127
58555000	128
58560000	129
58565000	130
58570000	131
58575000	132
58580000	133
58585000	134
58590000	135
58595000	136
58600000	137
58605000	138
58610000	139
58615000	140
58620000	141
58625000	142
58630000	143
58635000	144
58640000	145
58645000	146
58650000	147
58655000	148
58660000	149
58665000	150
58670000	151
58675000	152
58680000	153
58685000	154
58690000	155
58695000	156
58700000	157
58705000	158
58710000	159
58715000	160
58720000	161
58725000	162
58730000	163
58735000	164
58740000	165
58745000	166
58750000	167
58755000	168
58760000	169
58765000	170
58770000	171
58775000	172
58780000	173
58785000	174
58790000	175
58795000	176
58800000	177
58805000	178
58810000	179
58815000	180
58820000	181
58825000	182
58830000	183
58835000	184
58840000	185
58845000	186
58850000	187
58855000	188
58860000	189
58865000	190
58870000	191
58875000	192
58880000	193
58885000	194
58890000	195
58895000	196
58900000	197
58905000	198
58910000	199
58915000	200
58920000	201
58925000	202
58930000	203
58935000	204
58940000	205
58945000	206
58950000	207
58955000	208
58960000	209
58965000	210
58970000	211
58975000	212
58980000	213
58985000	214
58990000	215
58995000	216
59000000	217
59005000	218
59010000	219
59015000	220
59020000	221
59025000	222
59030000	223
59035000	224
59040000	225
59045000	226
59050000	227
59055000	228
59060000	229
59065000	230
59070000	231
59075000	232
59080000	233
59085000	234
59090000	235
59095000	236
59100000	237
59105000	238
59110000	239
59115000	240
