119681000	0
119682000	1
119683000	2
119684000	3
119685000	4
119686000	5
119687000	6
119688000	7
119689000	8
119690000	9
119691000	10
119692000	11
119693000	12
119694000	13
119695000	14
119696000	15
119697000	16
119698000	17
119699000	18
119700000	19
119701000	20
119702000	21
119703000	22
119704000	23
119705000	24
119706000	25
119707000	26
119708000	27
119709000	28
119710000	29
119711000	30
119712000	31
119713000	32
119714000	33
119715000	34
119716000	35
119717000	36
119718000	37
119719000	38
119720000	39
119721000	40
119722000	41
119723000	42
119724000	43
119725000	44
119726000	45
119727000	46
119728000	47
119729000	48
119730000	49
119731000	50
119732000	51
119733000	52
119734000	53
119735000	54
119736000	55
119737000	56
119738000	57
119739000	58
119740000	59
119741000	60
119742000	61
119743000	62
119744000	63
119745000	64
119746000	65
119747000	66
119748000	67
119749000	68
119750000	69
119751000	70
119752000	71
119753000	72
119754000	73
119755000	74
119756000	75
119757000	76
119758000	77
119759000	78
119760000	79
119761000	80
119762000	81
119763000	82
119764000	83
119765000	84
119766000	85
119767000	86
119768000	87
119769000	88
119770000	89
119771000	90
119772000	91
119773000	92
119774000	93
119775000	94
119776000	95
119777000	96
119778000	97
119779000	98
119780000	99
119781000	100
119782000	101
119783000	102
119784000	103
119785000	104
119786000	105
119787000	106
119788000	107
119789000	108
119790000	109
119791000	110
119792000	111
119793000	112
119794000	113
119795000	114
119796000	115
119797000	116
119798000	117
119799000	118
119800000	119
119801000	120
119802000	121
119803000	122
119804000	123
119805000	124
119806000	125
119807000	126
119808000	127
119809000	128
119810000	129
119811000	130
119812000	131
119813000	132
119814000	133
