79855000	0
79860000	1
79865000	2
79870000	3
79875000	4
79880000	5
79885000	6
79890000	7
79895000	8
79900000	9
79905000	10
79910000	11
79915000	12
79920000	13
79925000	14
79930000	15
79935000	16
79940000	17
79945000	18
79950000	19
79955000	20
79960000	21
79965000	22
79970000	23
79975000	24
79980000	25
79985000	26
79990000	27
79995000	28
80000000	29
80005000	30
80010000	31
80015000	32
80020000	33
80025000	34
80030000	35
80035000	36
80040000	37
80045000	38
80050000	39
80055000	40
80060000	41
80065000	42
80070000	43
80075000	44
80080000	45
80085000	46
80090000	47
80095000	48
80100000	49
80105000	50
80110000	51
80115000	52
80120000	53
80125000	54
80130000	55
80135000	56
80140000	57
80145000	58
80150000	59
80155000	60
80160000	61
80165000	62
80170000	63
80175000	64
80180000	65
80185000	66
80190000	67
80195000	68
80200000	69
80205000	70
80210000	71
80215000	72
80220000	73
80225000	74
80230000	75
80235000	76
80240000	77
80245000	78
80250000	79
80255000	80
80260000	81
80265000	82
80270000	83
80275000	84
80280000	85
80285000	86
80290000	87
80295000	88
80300000	89
80305000	90
80310000	91
80315000	92
80320000	93
80325000	94
80330000	95
80335000	96
80340000	97
80345000	98
80350000	99
80355000	100
80360000	101
80365000	102
80370000	103
80375000	104
80380000	105
80385000	106
80390000	107
80395000	108
80400000	109
80405000	110
80410000	111
80415000	112
80420000	113
80425000	114
80430000	115
80435000	116
80440000	117
80445000	118
80450000	119
80455000	120
80460000	121
80465000	122
80470000	123
80475000	124
80480000	125
80485000	126
80490000	127
80495000	128
80500000	129
80505000	130
80510000	131
80515000	132
80520000	133
80525000	134
80530000	135
80535000	136
80540000	137
80545000	138
80550000	139
80555000	140
80560000	141
80565000	142
80570000	143
80575000	144
80580000	145
80585000	146
80590000	147
80595000	148
80600000	149
80605000	150
80610000	151
80615000	152
80620000	153
80625000	154
80630000	155
80635000	156
80640000	157
80645000	158
80650000	159
80655000	160
80660000	161
80665000	162
80670000	163
80675000	164
80680000	165
80685000	166
80690000	167
80695000	168
80700000	169
80705000	170
80710000	171
80715000	172
80720000	173
80725000	174
80730000	175
80735000	176
80740000	177
80745000	178
80750000	179
80755000	180
80760000	181
80765000	182
80770000	183
80775000	184
80780000	185
80785000	186
80790000	187
80795000	188
80800000	189
80805000	190
80810000	191
80815000	192
80820000	193
80825000	194
80830000	195
80835000	196
80840000	197
80845000	198
80850000	199
80855000	200
80860000	201
80865000	202
80870000	203
80875000	204
80880000	205
80885000	206
80890000	207
80895000	208
80900000	209
80905000	210
80910000	211
80915000	212
80920000	213
80925000	214
80930000	215
80935000	216
80940000	217
80945000	218
80950000	219
80955000	220
