121455000	0
121460000	1
121465000	2
121470000	3
121475000	4
121480000	5
121485000	6
121490000	7
121495000	8
121500000	9
121505000	10
121510000	11
121515000	12
121520000	13
121525000	14
121530000	15
121535000	16
121540000	17
121545000	18
121550000	19
121555000	20
121560000	21
121565000	22
121570000	23
121575000	24
121580000	25
121585000	26
121590000	27
121595000	28
121600000	29
121605000	30
121610000	31
121615000	32
121620000	33
121625000	34
121630000	35
121635000	36
121640000	37
121645000	38
121650000	39
121655000	40
121660000	41
121665000	42
121670000	43
121675000	44
121680000	45
121685000	46
121690000	47
121695000	48
121700000	49
121705000	50
121710000	51
121715000	52
121720000	53
121725000	54
121730000	55
121735000	56
121740000	57
121745000	58
121750000	59
121755000	60
121760000	61
121765000	62
121770000	63
121775000	64
121780000	65
121785000	66
121790000	67
121795000	68
121800000	69
121805000	70
121810000	71
121815000	72
121820000	73
121825000	74
121830000	75
121835000	76
121840000	77
121845000	78
121850000	79
121855000	80
121860000	81
121865000	82
121870000	83
121875000	84
121880000	85
121885000	86
121890000	87
121895000	88
121900000	89
121905000	90
121910000	91
121915000	92
121920000	93
121925000	94
121930000	95
121935000	96
121940000	97
121945000	98
121950000	99
121955000	100
121960000	101
121965000	102
121970000	103
121975000	104
121980000	105
121985000	106
121990000	107
121995000	108
122000000	109
122005000	110
122010000	111
122015000	112
122020000	113
122025000	114
122030000	115
122035000	116
122040000	117
122045000	118
122050000	119
122055000	120
122060000	121
122065000	122
122070000	123
122075000	124
122080000	125
122085000	126
122090000	127
122095000	128
122100000	129
122105000	130
122110000	131
122115000	132
122120000	133
122125000	134
122130000	135
122135000	136
122140000	137
122145000	138
122150000	139
122155000	140
122160000	141
122165000	142
122170000	143
122175000	144
122180000	145
122185000	146
122190000	147
122195000	148
122200000	149
122205000	150
122210000	151
122215000	152
122220000	153
122225000	154
122230000	155
122235000	156
122240000	157
122245000	158
122250000	159
122255000	160
122260000	161
122265000	162
122270000	163
122275000	164
122280000	165
122285000	166
122290000	167
122295000	168
122300000	169
122305000	170
122310000	171
122315000	172
122320000	173
122325000	174
122330000	175
122335000	176
122340000	177
122345000	178
122350000	179
122355000	180
122360000	181
122365000	182
122370000	183
122375000	184
122380000	185
122385000	186
122390000	187
122395000	188
122400000	189
122405000	190
122410000	191
122415000	192
122420000	193
122425000	194
122430000	195
122435000	196
122440000	197
122445000	198
122450000	199
122455000	200
122460000	201
122465000	202
122470000	203
122475000	204
122480000	205
122485000	206
122490000	207
122495000	208
122500000	209
122505000	210
122510000	211
122515000	212
122520000	213
122525000	214
122530000	215
122535000	216
122540000	217
122545000	218
122550000	219
122555000	220
122560000	221
122565000	222
122570000	223
122575000	224
122580000	225
122585000	226
122590000	227
122595000	228
122600000	229
122605000	230
122610000	231
122615000	232
122620000	233
122625000	234
122630000	235
122635000	236
122640000	237
122645000	238
122650000	239
122655000	240
122660000	241
122665000	242
122670000	243
122675000	244
122680000	245
122685000	246
122690000	247
122695000	248
122700000	249
122705000	250
122710000	251
122715000	252
122720000	253
122725000	254
122730000	255
122735000	256
122740000	257
122745000	258
122750000	259
122755000	260
122760000	261
122765000	262
122770000	263
122775000	264
122780000	265
122785000	266
122790000	267
122795000	268
122800000	269
122805000	270
122810000	271
122815000	272
122820000	273
122825000	274
122830000	275
122835000	276
122840000	277
122845000	278
122850000	279
122855000	280
122860000	281
122865000	282
122870000	283
122875000	284
122880000	285
122885000	286
122890000	287
122895000	288
122900000	289
122905000	290
122910000	291
122915000	292
122920000	293
122925000	294
122930000	295
122935000	296
122940000	297
122945000	298
122950000	299
122955000	300
122960000	301
122965000	302
122970000	303
122975000	304
122980000	305
122985000	306
122990000	307
122995000	308
123000000	309
123005000	310
123010000	311
123015000	312
123020000	313
123025000	314
123030000	315
123035000	316
123040000	317
123045000	318
123050000	319
123055000	320
123060000	321
123065000	322
123070000	323
123075000	324
123080000	325
123085000	326
123090000	327
123095000	328
123100000	329
123105000	330
123110000	331
123115000	332
123120000	333
123125000	334
123130000	335
123135000	336
123140000	337
123145000	338
123150000	339
123155000	340
123160000	341
123165000	342
123170000	343
123175000	344
123180000	345
123185000	346
123190000	347
123195000	348
123200000	349
123205000	350
123210000	351
123215000	352
123220000	353
123225000	354
123230000	355
123235000	356
123240000	357
123245000	358
123250000	359
123255000	360
123260000	361
123265000	362
123270000	363
123275000	364
123280000	365
123285000	366
123290000	367
123295000	368
123300000	369
123305000	370
123310000	371
123315000	372
123320000	373
123325000	374
123330000	375
123335000	376
123340000	377
123345000	378
123350000	379
123355000	380
123360000	381
123365000	382
123370000	383
123375000	384
123380000	385
123385000	386
123390000	387
123395000	388
123400000	389
123405000	390
123410000	391
123415000	392
123420000	393
123425000	394
123430000	395
123435000	396
123440000	397
123445000	398
123450000	399
123455000	400
123460000	401
123465000	402
123470000	403
