81905000	0
81910000	1
81915000	2
81920000	3
81925000	4
81930000	5
81935000	6
81940000	7
81945000	8
81950000	9
81955000	10
81960000	11
81965000	12
81970000	13
81975000	14
81980000	15
81985000	16
81990000	17
81995000	18
82000000	19
82005000	20
82010000	21
82015000	22
82020000	23
82025000	24
82030000	25
82035000	26
82040000	27
82045000	28
82050000	29
82055000	30
82060000	31
82065000	32
82070000	33
82075000	34
82080000	35
82085000	36
82090000	37
82095000	38
82100000	39
82105000	40
82110000	41
82115000	42
82120000	43
82125000	44
82130000	45
82135000	46
82140000	47
82145000	48
82150000	49
82155000	50
82160000	51
82165000	52
82170000	53
82175000	54
82180000	55
82185000	56
82190000	57
82195000	58
82200000	59
82205000	60
82210000	61
82215000	62
82220000	63
82225000	64
82230000	65
82235000	66
82240000	67
82245000	68
82250000	69
82255000	70
82260000	71
82265000	72
82270000	73
82275000	74
82280000	75
82285000	76
82290000	77
82295000	78
82300000	79
82305000	80
82310000	81
82315000	82
82320000	83
82325000	84
82330000	85
82335000	86
82340000	87
82345000	88
82350000	89
82355000	90
82360000	91
82365000	92
82370000	93
82375000	94
82380000	95
82385000	96
82390000	97
82395000	98
82400000	99
82405000	100
82410000	101
82415000	102
82420000	103
82425000	104
82430000	105
82435000	106
82440000	107
82445000	108
82450000	109
82455000	110
82460000	111
82465000	112
82470000	113
82475000	114
82480000	115
82485000	116
82490000	117
82495000	118
82500000	119
82505000	120
82510000	121
82515000	122
82520000	123
82525000	124
82530000	125
82535000	126
82540000	127
