23585000	0
23590000	1
23595000	2
23600000	3
23605000	4
23610000	5
23615000	6
23620000	7
23625000	8
23630000	9
23635000	10
23640000	11
23645000	12
23650000	13
23655000	14
23660000	15
23665000	16
23670000	17
23675000	18
23680000	19
23685000	20
23690000	21
23695000	22
23700000	23
23705000	24
23710000	25
23715000	26
23720000	27
23725000	28
23730000	29
23735000	30
23740000	31
23745000	32
23750000	33
23755000	34
23760000	35
23765000	36
23770000	37
23775000	38
23780000	39
23785000	40
23790000	41
23795000	42
23800000	43
23805000	44
23810000	45
23815000	46
23820000	47
23825000	48
23830000	49
23835000	50
23840000	51
23845000	52
23850000	53
23855000	54
23860000	55
23865000	56
23870000	57
23875000	58
23880000	59
23885000	60
23890000	61
23895000	62
23900000	63
23905000	64
23910000	65
23915000	66
23920000	67
23925000	68
23930000	69
23935000	70
23940000	71
23945000	72
23950000	73
23955000	74
23960000	75
23965000	76
23970000	77
23975000	78
23980000	79
23985000	80
23990000	81
23995000	82
24000000	83
24005000	84
24010000	85
24015000	86
24020000	87
24025000	88
24030000	89
24035000	90
24040000	91
24045000	92
24050000	93
24055000	94
24060000	95
24065000	96
24070000	97
24075000	98
24080000	99
24085000	100
24090000	101
