6270000	0
6275000	1
6280000	2
6285000	3
6290000	4
6295000	5
6300000	6
6305000	7
6310000	8
6315000	9
6320000	10
6325000	11
6330000	12
6335000	13
6340000	14
6345000	15
6350000	16
6355000	17
6360000	18
6365000	19
6370000	20
6375000	21
6380000	22
6385000	23
6390000	24
6395000	25
6400000	26
6405000	27
6410000	28
6415000	29
6420000	30
6425000	31
6430000	32
6435000	33
6440000	34
6445000	35
6450000	36
6455000	37
6460000	38
6465000	39
6470000	40
6475000	41
6480000	42
6485000	43
6490000	44
6495000	45
6500000	46
6505000	47
6510000	48
6515000	49
6520000	50
6525000	51
6530000	52
6535000	53
6540000	54
6545000	55
6550000	56
6555000	57
6560000	58
6565000	59
6570000	60
6575000	61
6580000	62
6585000	63
6590000	64
6595000	65
6600000	66
6605000	67
6610000	68
6615000	69
6620000	70
6625000	71
6630000	72
6635000	73
6640000	74
6645000	75
6650000	76
6655000	77
6660000	78
6665000	79
6670000	80
6675000	81
6680000	82
6685000	83
6690000	84
6695000	85
6700000	86
6705000	87
6710000	88
6715000	89
6720000	90
6725000	91
6730000	92
6735000	93
6740000	94
6745000	95
6750000	96
6755000	97
6760000	98
6765000	99
6770000	100
6775000	101
6780000	102
6785000	103
6790000	104
6795000	105
6800000	106
6805000	107
6810000	108
6815000	109
6820000	110
6825000	111
6830000	112
6835000	113
6870000	114
6875000	115
6880000	116
6885000	117
6890000	118
6895000	119
6900000	120
6905000	121
6910000	122
6915000	123
6920000	124
6925000	125
6930000	126
6935000	127
6940000	128
6945000	129
6950000	130
6955000	131
6960000	132
6965000	133
6970000	134
6975000	135
6980000	136
6985000	137
6990000	138
6995000	139
7000000	140
7005000	141
7010000	142
