79200000	0
79205000	1
79210000	2
79215000	3
79220000	4
79225000	5
79230000	6
79235000	7
79240000	8
79245000	9
79250000	10
79255000	11
79260000	12
79265000	13
79270000	14
79275000	15
79280000	16
79285000	17
79290000	18
79295000	19
79300000	20
79305000	21
79310000	22
79315000	23
79320000	24
79325000	25
79330000	26
79335000	27
79340000	28
79345000	29
79350000	30
79355000	31
79360000	32
79365000	33
79370000	34
79375000	35
79380000	36
79385000	37
79390000	38
79395000	39
79400000	40
79405000	41
79410000	42
79415000	43
79420000	44
79425000	45
79430000	46
79435000	47
79440000	48
79445000	49
79450000	50
79455000	51
79460000	52
79465000	53
79470000	54
79475000	55
79480000	56
79485000	57
79490000	58
79495000	59
79500000	60
79505000	61
79510000	62
79515000	63
79520000	64
79525000	65
79530000	66
79535000	67
79540000	68
79545000	69
79550000	70
79555000	71
79560000	72
79565000	73
79570000	74
79575000	75
79580000	76
79585000	77
79590000	78
79595000	79
79600000	80
79605000	81
79610000	82
79615000	83
79620000	84
79625000	85
