23700000	0
23705000	1
23710000	2
23715000	3
23720000	4
23725000	5
23730000	6
23735000	7
23740000	8
23745000	9
23750000	10
23755000	11
23760000	12
23765000	13
23770000	14
23775000	15
23780000	16
23785000	17
23790000	18
23795000	19
23800000	20
23805000	21
23810000	22
23815000	23
23820000	24
23825000	25
23830000	26
23835000	27
23840000	28
23845000	29
23850000	30
23855000	31
23860000	32
23865000	33
23870000	34
23875000	35
23880000	36
23885000	37
23890000	38
23895000	39
23900000	40
23905000	41
23910000	42
23915000	43
23920000	44
23925000	45
23930000	46
23935000	47
23940000	48
23945000	49
23950000	50
23955000	51
23960000	52
23965000	53
23970000	54
23975000	55
23980000	56
23985000	57
23990000	58
23995000	59
24000000	60
24005000	61
24010000	62
24015000	63
24020000	64
24025000	65
24030000	66
24035000	67
24040000	68
24045000	69
24050000	70
24055000	71
24060000	72
24065000	73
24070000	74
24075000	75
24080000	76
24085000	77
24090000	78
24095000	79
24100000	80
24105000	81
24110000	82
24115000	83
24120000	84
24125000	85
24130000	86
24135000	87
24140000	88
24145000	89
24150000	90
24155000	91
24160000	92
24165000	93
24170000	94
24175000	95
24180000	96
24185000	97
24190000	98
24195000	99
24200000	100
24205000	101
24210000	102
24215000	103
24220000	104
24225000	105
24230000	106
24235000	107
24240000	108
24245000	109
24250000	110
24255000	111
24260000	112
24265000	113
24270000	114
24275000	115
24280000	116
24285000	117
