72740000	0
72745000	1
72750000	2
72755000	3
72760000	4
72765000	5
72770000	6
72775000	7
72780000	8
72785000	9
72790000	10
72795000	11
72800000	12
72805000	13
72810000	14
72815000	15
72820000	16
72825000	17
72830000	18
72835000	19
72840000	20
72845000	21
72850000	22
72855000	23
72860000	24
72865000	25
72870000	26
72875000	27
72880000	28
72885000	29
72890000	30
72895000	31
72900000	32
72905000	33
72910000	34
72915000	35
72920000	36
72925000	37
72930000	38
72935000	39
72940000	40
72945000	41
72950000	42
72955000	43
72960000	44
72965000	45
72970000	46
72975000	47
72980000	48
72985000	49
72990000	50
72995000	51
73000000	52
73005000	53
73010000	54
73015000	55
73020000	56
73025000	57
73030000	58
73035000	59
73040000	60
73045000	61
73050000	62
73055000	63
