70980000	0
70985000	1
70990000	2
70995000	3
71000000	4
71005000	5
71010000	6
71015000	7
71020000	8
71025000	9
71030000	10
71035000	11
71040000	12
71045000	13
71050000	14
71055000	15
71060000	16
71065000	17
71070000	18
71075000	19
71080000	20
71085000	21
71090000	22
71095000	23
71100000	24
71105000	25
71110000	26
71115000	27
71120000	28
71125000	29
71130000	30
71135000	31
71140000	32
71145000	33
71150000	34
71155000	35
71160000	36
71165000	37
71170000	38
71175000	39
71180000	40
71185000	41
71190000	42
71195000	43
71200000	44
71205000	45
71210000	46
71215000	47
71220000	48
71225000	49
71230000	50
71235000	51
71240000	52
71245000	53
71250000	54
71255000	55
71260000	56
71265000	57
71270000	58
71275000	59
71280000	60
71285000	61
71290000	62
71295000	63
71300000	64
71305000	65
71310000	66
71315000	67
71320000	68
71325000	69
71330000	70
71335000	71
71340000	72
71345000	73
71350000	74
71355000	75
71360000	76
71365000	77
71370000	78
71375000	79
71380000	80
71385000	81
71390000	82
71395000	83
71400000	84
71405000	85
71410000	86
71415000	87
71420000	88
71425000	89
71430000	90
71435000	91
71440000	92
71445000	93
71450000	94
71455000	95
71460000	96
71465000	97
71470000	98
71475000	99
71480000	100
71485000	101
71490000	102
71495000	103
71500000	104
71505000	105
71510000	106
71515000	107
71520000	108
71525000	109
71530000	110
71535000	111
71540000	112
71545000	113
71550000	114
71555000	115
71560000	116
71565000	117
71570000	118
71575000	119
71580000	120
71585000	121
71590000	122
71595000	123
71600000	124
71605000	125
71610000	126
71615000	127
71620000	128
71625000	129
71630000	130
71635000	131
71640000	132
71645000	133
71650000	134
71655000	135
71660000	136
71665000	137
71670000	138
71675000	139
71680000	140
71685000	141
71690000	142
71695000	143
71700000	144
71705000	145
71710000	146
71715000	147
71720000	148
71725000	149
71730000	150
71735000	151
71740000	152
71745000	153
71750000	154
71755000	155
71760000	156
71765000	157
71770000	158
71775000	159
71780000	160
71785000	161
71790000	162
