17735000	0
17740000	1
17745000	2
17750000	3
17755000	4
17760000	5
17765000	6
17770000	7
17775000	8
17780000	9
17785000	10
17790000	11
17795000	12
17800000	13
17805000	14
17810000	15
17815000	16
17820000	17
17825000	18
17830000	19
17835000	20
17840000	21
17845000	22
17850000	23
17855000	24
17860000	25
17865000	26
17870000	27
17875000	28
17880000	29
17885000	30
17890000	31
17895000	32
17900000	33
17905000	34
17910000	35
17915000	36
17920000	37
17925000	38
17930000	39
17935000	40
17940000	41
17945000	42
17950000	43
17955000	44
17960000	45
17965000	46
17970000	47
17975000	48
17980000	49
17985000	50
17990000	51
17995000	52
18000000	53
18005000	54
18010000	55
18015000	56
18020000	57
18025000	58
18030000	59
18035000	60
18040000	61
18045000	62
18050000	63
18055000	64
18060000	65
18065000	66
18070000	67
18075000	68
18080000	69
18085000	70
18090000	71
18095000	72
18100000	73
18105000	74
18110000	75
18115000	76
18120000	77
18125000	78
18130000	79
18135000	80
18140000	81
18145000	82
18150000	83
18155000	84
18160000	85
18165000	86
18170000	87
18175000	88
18180000	89
18185000	90
18190000	91
18195000	92
18200000	93
18205000	94
18210000	95
18215000	96
18220000	97
18225000	98
18230000	99
18235000	100
18240000	101
18245000	102
18250000	103
18255000	104
18260000	105
18265000	106
18270000	107
18275000	108
18280000	109
18285000	110
18290000	111
18295000	112
18300000	113
18305000	114
18310000	115
18315000	116
18320000	117
18325000	118
18330000	119
18335000	120
18340000	121
18345000	122
18350000	123
18355000	124
18360000	125
18365000	126
