80160000	0
80165000	1
80170000	2
80175000	3
80180000	4
80185000	5
80190000	6
80195000	7
80200000	8
80205000	9
80210000	10
80215000	11
80220000	12
80225000	13
80230000	14
80235000	15
80240000	16
80245000	17
80250000	18
80255000	19
80260000	20
80265000	21
80270000	22
80275000	23
80280000	24
80285000	25
80290000	26
80295000	27
80300000	28
80305000	29
80310000	30
80315000	31
80320000	32
80325000	33
80330000	34
80335000	35
80340000	36
80345000	37
80350000	38
80355000	39
80360000	40
80365000	41
80370000	42
80375000	43
80380000	44
80385000	45
80390000	46
80395000	47
80400000	48
80405000	49
80410000	50
80415000	51
80420000	52
80425000	53
80430000	54
80435000	55
80440000	56
80445000	57
80450000	58
80455000	59
80460000	60
80465000	61
80470000	62
80475000	63
80480000	64
80485000	65
80490000	66
80495000	67
80500000	68
80505000	69
80510000	70
80515000	71
80520000	72
80525000	73
80530000	74
80535000	75
80540000	76
