229820000	0
229825000	1
229830000	2
229835000	3
229840000	4
229845000	5
229850000	6
229855000	7
229860000	8
229865000	9
229870000	10
229875000	11
229880000	12
229885000	13
229890000	14
229895000	15
229900000	16
229905000	17
229910000	18
229915000	19
229920000	20
229925000	21
229930000	22
229935000	23
229940000	24
229945000	25
229950000	26
229955000	27
229960000	28
229965000	29
229970000	30
229975000	31
229980000	32
229985000	33
229990000	34
229995000	35
230000000	36
230005000	37
230010000	38
230015000	39
230020000	40
230025000	41
230030000	42
230035000	43
230040000	44
230045000	45
230050000	46
230055000	47
230060000	48
230065000	49
230070000	50
230075000	51
230080000	52
230085000	53
230090000	54
230095000	55
230100000	56
230105000	57
230110000	58
230115000	59
230120000	60
230125000	61
230130000	62
230135000	63
230140000	64
230145000	65
230150000	66
230155000	67
230160000	68
230165000	69
230170000	70
230175000	71
230180000	72
230185000	73
230190000	74
230195000	75
230200000	76
230205000	77
230210000	78
230215000	79
230220000	80
230225000	81
230230000	82
230235000	83
230240000	84
230245000	85
230250000	86
230255000	87
230260000	88
230265000	89
230270000	90
230275000	91
230280000	92
230285000	93
230290000	94
230295000	95
230300000	96
230305000	97
230310000	98
230315000	99
230320000	100
230325000	101
230330000	102
230335000	103
230340000	104
230345000	105
230350000	106
230355000	107
230360000	108
230365000	109
230370000	110
230375000	111
230380000	112
230385000	113
230390000	114
230395000	115
230400000	116
230405000	117
230410000	118
230415000	119
230420000	120
230425000	121
230430000	122
230435000	123
230440000	124
230445000	125
230450000	126
230455000	127
230460000	128
