12205000	0
12210000	1
12215000	2
12220000	3
12225000	4
12230000	5
12235000	6
12240000	7
12245000	8
12250000	9
12255000	10
12260000	11
12265000	12
12270000	13
12275000	14
12280000	15
12285000	16
12290000	17
12295000	18
12300000	19
12305000	20
12310000	21
12315000	22
12320000	23
12325000	24
12330000	25
12335000	26
12340000	27
12345000	28
12350000	29
12355000	30
12360000	31
12365000	32
12370000	33
12375000	34
12380000	35
12385000	36
12390000	37
12395000	38
12400000	39
12405000	40
12410000	41
12415000	42
12420000	43
12425000	44
12430000	45
12435000	46
12440000	47
12445000	48
12450000	49
12455000	50
12460000	51
12465000	52
12470000	53
12475000	54
12480000	55
12485000	56
12490000	57
12495000	58
12500000	59
12505000	60
