49010000	0
49015000	1
49020000	2
49025000	3
49030000	4
49035000	5
49040000	6
49045000	7
49050000	8
49055000	9
49060000	10
49065000	11
49070000	12
49075000	13
49080000	14
49085000	15
49090000	16
49095000	17
49100000	18
49105000	19
49110000	20
49115000	21
49120000	22
49125000	23
49130000	24
49135000	25
49140000	26
49145000	27
49150000	28
49155000	29
49160000	30
49165000	31
49170000	32
49175000	33
49180000	34
49185000	35
49190000	36
49195000	37
49200000	38
49205000	39
49210000	40
49215000	41
49220000	42
49225000	43
49230000	44
49235000	45
49240000	46
49245000	47
49250000	48
49255000	49
49260000	50
49265000	51
49270000	52
49275000	53
49280000	54
49285000	55
49290000	56
49295000	57
49300000	58
49305000	59
49310000	60
49315000	61
49320000	62
49325000	63
49330000	64
49335000	65
49340000	66
49345000	67
49350000	68
49355000	69
49360000	70
