161361000	0
161362000	1
161363000	2
161364000	3
161365000	4
161366000	5
161367000	6
161368000	7
161369000	8
161370000	9
161371000	10
161372000	11
161373000	12
161374000	13
161375000	14
161376000	15
161377000	16
161378000	17
161379000	18
161380000	19
161381000	20
161382000	21
161383000	22
161384000	23
161385000	24
161386000	25
161387000	26
161388000	27
161389000	28
161390000	29
161391000	30
161392000	31
161394000	32
161395000	33
161396000	34
161397000	35
161398000	36
161399000	37
161400000	38
161401000	39
161402000	40
161403000	41
161404000	42
161405000	43
161406000	44
161407000	45
161408000	46
161409000	47
161410000	48
161412000	49
161414000	50
161427000	51
161428000	52
161429000	53
161442000	54
161443000	55
161444000	56
161445000	57
161446000	58
161447000	59
161448000	60
161449000	61
161450000	62
161451000	63
161452000	64
161453000	65
161454000	66
161455000	67
161456000	68
161457000	69
161458000	70
161459000	71
161460000	72
161461000	73
161462000	74
161463000	75
161464000	76
161465000	77
161466000	78
161467000	79
161468000	80
161469000	81
161470000	82
161471000	83
161472000	84
161473000	85
161474000	86
161475000	87
161476000	88
161477000	89
161478000	90
161479000	91
161480000	92
161481000	93
161482000	94
161483000	95
161484000	96
161485000	97
161486000	98
161487000	99
161488000	100
161489000	101
161490000	102
161491000	103
161492000	104
161493000	105
161494000	106
161495000	107
161496000	108
161497000	109
161498000	110
161499000	111
161500000	112
161501000	113
161502000	114
161503000	115
161504000	116
161505000	117
161506000	118
161507000	119
161508000	120
161509000	121
161510000	122
161511000	123
161512000	124
161513000	125
161514000	126
161515000	127
161516000	128
161517000	129
161518000	130
161519000	131
161520000	132
161521000	133
161522000	134
161523000	135
161524000	136
161525000	137
161526000	138
161527000	139
161528000	140
161529000	141
161530000	142
161531000	143
161532000	144
161533000	145
161534000	146
161535000	147
161536000	148
161537000	149
161538000	150
161539000	151
161540000	152
161541000	153
161542000	154
161548000	155
161549000	156
161557000	157
161559000	158
161560000	159
161561000	160
161562000	161
161564000	162
161565000	163
161566000	164
161567000	165
161568000	166
161569000	167
161570000	168
161571000	169
161572000	170
161573000	171
161574000	172
161575000	173
161576000	174
161577000	175
161578000	176
161579000	177
161580000	178
161581000	179
161582000	180
161583000	181
161584000	182
161585000	183
161586000	184
161587000	185
161588000	186
161589000	187
161590000	188
161591000	189
161592000	190
161593000	191
161594000	192
161595000	193
161596000	194
161597000	195
161598000	196
161600000	197
161601000	198
161602000	199
161603000	200
161604000	201
161605000	202
161606000	203
161607000	204
161608000	205
161609000	206
161610000	207
161611000	208
161612000	209
161613000	210
161614000	211
161615000	212
161616000	213
161617000	214
161618000	215
161619000	216
161620000	217
161621000	218
161622000	219
161623000	220
161624000	221
161628000	222
161630000	223
161631000	224
161639000	225
161640000	226
161641000	227
161642000	228
161643000	229
161644000	230
161645000	231
161646000	232
161647000	233
161648000	234
161649000	235
161650000	236
161651000	237
161652000	238
161653000	239
161654000	240
161655000	241
161656000	242
161657000	243
161658000	244
161659000	245
161660000	246
161661000	247
161662000	248
161663000	249
161664000	250
161665000	251
161666000	252
161667000	253
161668000	254
161669000	255
161670000	256
161671000	257
161672000	258
161673000	259
161674000	260
161675000	261
161676000	262
161677000	263
161678000	264
161679000	265
161680000	266
161681000	267
161682000	268
161683000	269
161684000	270
161685000	271
161686000	272
161687000	273
161688000	274
161689000	275
161690000	276
161691000	277
161692000	278
161693000	279
161694000	280
161695000	281
161696000	282
161697000	283
161698000	284
161699000	285
161700000	286
161701000	287
161702000	288
161703000	289
161704000	290
161705000	291
161706000	292
161707000	293
161708000	294
161709000	295
161710000	296
161711000	297
161712000	298
161713000	299
161714000	300
161715000	301
161716000	302
161717000	303
161718000	304
161719000	305
161720000	306
161721000	307
161722000	308
161723000	309
161724000	310
161725000	311
161726000	312
161727000	313
161728000	314
161729000	315
161730000	316
161731000	317
161732000	318
161733000	319
161734000	320
161735000	321
161736000	322
161737000	323
161738000	324
161739000	325
161740000	326
161741000	327
161742000	328
161743000	329
161744000	330
161745000	331
161746000	332
161747000	333
161748000	334
161749000	335
