48810000	0
48815000	1
48820000	2
48825000	3
48830000	4
48835000	5
48840000	6
48845000	7
48850000	8
48855000	9
48860000	10
48865000	11
48870000	12
48875000	13
48880000	14
48885000	15
48890000	16
48895000	17
48900000	18
48905000	19
48910000	20
48915000	21
48920000	22
48925000	23
48930000	24
48935000	25
48940000	26
48945000	27
48950000	28
48955000	29
48960000	30
48965000	31
48970000	32
48975000	33
48980000	34
48985000	35
48990000	36
48995000	37
49000000	38
49005000	39
49010000	40
49015000	41
49020000	42
49025000	43
49030000	44
49035000	45
49040000	46
49045000	47
49050000	48
49055000	49
49060000	50
49065000	51
49070000	52
49075000	53
49080000	54
49085000	55
49090000	56
49095000	57
49100000	58
49105000	59
49110000	60
49115000	61
49120000	62
49125000	63
49130000	64
49135000	65
