132815000	0
132820000	1
132825000	2
132830000	3
132835000	4
132840000	5
132845000	6
132850000	7
132855000	8
132860000	9
132865000	10
132870000	11
132875000	12
132880000	13
132885000	14
132890000	15
132895000	16
132900000	17
132905000	18
132910000	19
132915000	20
132920000	21
132925000	22
132930000	23
132935000	24
132940000	25
132945000	26
132950000	27
132955000	28
132960000	29
132965000	30
132970000	31
132975000	32
132980000	33
132985000	34
132990000	35
132995000	36
133000000	37
133005000	38
133010000	39
133015000	40
133020000	41
133025000	42
133030000	43
133035000	44
133040000	45
133045000	46
133050000	47
133055000	48
133060000	49
