42900000	0
42905000	1
42910000	2
42915000	3
42920000	4
42925000	5
42930000	6
42935000	7
42940000	8
42945000	9
42950000	10
42955000	11
42960000	12
42965000	13
42970000	14
42975000	15
42980000	16
42985000	17
42990000	18
42995000	19
43000000	20
43005000	21
43010000	22
43015000	23
43020000	24
43025000	25
43030000	26
43035000	27
43040000	28
43045000	29
43050000	30
43055000	31
43060000	32
43065000	33
43070000	34
43075000	35
43080000	36
43085000	37
43090000	38
43095000	39
43100000	40
43105000	41
43110000	42
43115000	43
43120000	44
43125000	45
43130000	46
43135000	47
43140000	48
43145000	49
43150000	50
43155000	51
43160000	52
43165000	53
43170000	54
43175000	55
43180000	56
43185000	57
43190000	58
43195000	59
43200000	60
43205000	61
43210000	62
43215000	63
43220000	64
43225000	65
43230000	66
43235000	67
43240000	68
43245000	69
43250000	70
43255000	71
43260000	72
43265000	73
43270000	74
43275000	75
43280000	76
43285000	77
43290000	78
43295000	79
43300000	80
43305000	81
43310000	82
43315000	83
43320000	84
43325000	85
43330000	86
43335000	87
43340000	88
43345000	89
43350000	90
43355000	91
43360000	92
43365000	93
43370000	94
43375000	95
43380000	96
43385000	97
43390000	98
43395000	99
43400000	100
43405000	101
43410000	102
43415000	103
43420000	104
43425000	105
43430000	106
43435000	107
43440000	108
43445000	109
43450000	110
43455000	111
43460000	112
43465000	113
43470000	114
43475000	115
43480000	116
43485000	117
43490000	118
43495000	119
