83535000	0
83540000	1
83545000	2
83550000	3
83555000	4
83560000	5
83565000	6
83570000	7
83575000	8
83580000	9
83585000	10
83590000	11
83595000	12
83600000	13
83605000	14
83610000	15
83615000	16
83620000	17
83625000	18
83630000	19
83635000	20
83640000	21
83645000	22
83650000	23
83655000	24
83660000	25
83665000	26
83670000	27
83675000	28
83680000	29
83685000	30
83690000	31
83695000	32
83700000	33
83705000	34
83710000	35
83715000	36
83720000	37
83725000	38
83730000	39
83735000	40
83740000	41
83745000	42
83750000	43
83755000	44
83760000	45
83765000	46
83770000	47
83775000	48
83780000	49
83785000	50
83790000	51
83795000	52
83800000	53
83805000	54
83810000	55
83815000	56
83820000	57
83825000	58
83830000	59
83835000	60
83840000	61
83845000	62
83850000	63
83855000	64
83860000	65
83865000	66
83870000	67
83875000	68
83880000	69
83885000	70
83890000	71
83895000	72
83900000	73
83905000	74
83910000	75
83915000	76
83920000	77
83925000	78
83930000	79
83935000	80
83940000	81
83945000	82
83950000	83
83955000	84
83960000	85
83965000	86
83970000	87
83975000	88
83980000	89
83985000	90
83990000	91
83995000	92
84000000	93
84005000	94
84010000	95
84015000	96
84020000	97
84025000	98
84030000	99
84035000	100
84040000	101
84045000	102
84050000	103
84055000	104
84060000	105
84065000	106
84070000	107
84075000	108
84080000	109
84085000	110
84090000	111
84095000	112
84100000	113
84105000	114
84110000	115
84115000	116
84120000	117
84125000	118
84130000	119
84135000	120
84140000	121
84145000	122
84150000	123
84155000	124
84160000	125
84165000	126
84170000	127
84175000	128
84180000	129
84185000	130
84190000	131
84195000	132
84200000	133
84205000	134
84210000	135
84215000	136
84220000	137
84225000	138
84230000	139
84235000	140
84240000	141
84245000	142
84250000	143
84255000	144
84260000	145
84265000	146
84270000	147
84275000	148
84280000	149
84285000	150
84290000	151
84295000	152
84300000	153
84305000	154
84310000	155
84315000	156
84320000	157
84325000	158
84330000	159
84335000	160
84340000	161
84345000	162
84350000	163
84355000	164
84360000	165
84365000	166
84370000	167
84375000	168
84380000	169
84385000	170
84390000	171
84395000	172
84400000	173
84405000	174
84410000	175
84415000	176
84420000	177
84425000	178
84430000	179
84435000	180
84440000	181
84445000	182
