63525000	0
63530000	1
63535000	2
63540000	3
63545000	4
63550000	5
63555000	6
63560000	7
63565000	8
63570000	9
63575000	10
63580000	11
63585000	12
63590000	13
63595000	14
63600000	15
63605000	16
63610000	17
63615000	18
63620000	19
63625000	20
63630000	21
63635000	22
63640000	23
63645000	24
63650000	25
63655000	26
63660000	27
63665000	28
63670000	29
63675000	30
63680000	31
63685000	32
63690000	33
63695000	34
63700000	35
63705000	36
63710000	37
63715000	38
63720000	39
63725000	40
63730000	41
63735000	42
63740000	43
63745000	44
63750000	45
63755000	46
63760000	47
63765000	48
63770000	49
63775000	50
63780000	51
63785000	52
63790000	53
63795000	54
63800000	55
63805000	56
63810000	57
63815000	58
63820000	59
63825000	60
63830000	61
63835000	62
63840000	63
63845000	64
63850000	65
63855000	66
63860000	67
63865000	68
63870000	69
63875000	70
63880000	71
63885000	72
63890000	73
63895000	74
63900000	75
63905000	76
63910000	77
63915000	78
63920000	79
63925000	80
63930000	81
63935000	82
63940000	83
63945000	84
63950000	85
63955000	86
63960000	87
63965000	88
63970000	89
63975000	90
63980000	91
63985000	92
63990000	93
63995000	94
64000000	95
64005000	96
64010000	97
64015000	98
64020000	99
64025000	100
64030000	101
64035000	102
64040000	103
64045000	104
64050000	105
64055000	106
64060000	107
64065000	108
64070000	109
64075000	110
64080000	111
64085000	112
64090000	113
64095000	114
64100000	115
64105000	116
64110000	117
64115000	118
64120000	119
64125000	120
64130000	121
64135000	122
64140000	123
64145000	124
64150000	125
64155000	126
64160000	127
64165000	128
64170000	129
64175000	130
64180000	131
64185000	132
64190000	133
64195000	134
64200000	135
64205000	136
64210000	137
64215000	138
64220000	139
64225000	140
64230000	141
64235000	142
64240000	143
64245000	144
64250000	145
64255000	146
64260000	147
64265000	148
64270000	149
64275000	150
64280000	151
64285000	152
64290000	153
64295000	154
64300000	155
64305000	156
64310000	157
64315000	158
64320000	159
64325000	160
64330000	161
64335000	162
64340000	163
64345000	164
64350000	165
64355000	166
64360000	167
64365000	168
64370000	169
64375000	170
64380000	171
64385000	172
64390000	173
64395000	174
64400000	175
64405000	176
64410000	177
64415000	178
64420000	179
64425000	180
64430000	181
64435000	182
64440000	183
64445000	184
64450000	185
64455000	186
64460000	187
64465000	188
64470000	189
64475000	190
64480000	191
64485000	192
64490000	193
64495000	194
64500000	195
64505000	196
64510000	197
64515000	198
64520000	199
64525000	200
64530000	201
64535000	202
64540000	203
