85295000	0
85300000	1
85305000	2
85310000	3
85315000	4
85320000	5
85325000	6
85330000	7
85335000	8
85340000	9
85345000	10
85350000	11
85355000	12
85360000	13
85365000	14
85370000	15
85375000	16
85380000	17
85385000	18
85390000	19
85395000	20
85400000	21
85405000	22
85410000	23
85415000	24
85420000	25
85425000	26
85430000	27
85435000	28
85440000	29
85445000	30
85450000	31
85455000	32
85460000	33
85465000	34
85470000	35
85475000	36
85480000	37
85485000	38
85490000	39
85495000	40
85500000	41
85505000	42
85510000	43
85515000	44
85520000	45
85525000	46
85530000	47
85535000	48
85540000	49
85545000	50
85550000	51
85555000	52
85560000	53
85565000	54
85570000	55
85575000	56
85580000	57
85585000	58
85590000	59
85595000	60
85600000	61
85605000	62
85610000	63
85615000	64
85620000	65
85625000	66
85630000	67
85635000	68
85640000	69
85645000	70
85650000	71
85655000	72
85660000	73
85665000	74
85670000	75
85675000	76
85680000	77
85685000	78
85690000	79
85695000	80
85700000	81
85705000	82
85710000	83
85715000	84
85720000	85
85725000	86
85730000	87
85735000	88
85740000	89
85745000	90
85750000	91
85755000	92
85760000	93
85765000	94
85770000	95
85775000	96
85780000	97
85785000	98
85790000	99
85795000	100
85800000	101
85805000	102
85810000	103
85815000	104
85820000	105
85825000	106
85830000	107
85835000	108
85840000	109
85845000	110
85850000	111
85855000	112
85860000	113
85865000	114
85870000	115
85875000	116
85880000	117
85885000	118
85890000	119
85895000	120
85900000	121
85905000	122
85910000	123
85915000	124
85920000	125
85925000	126
85930000	127
85935000	128
85940000	129
85945000	130
85950000	131
85955000	132
85960000	133
85965000	134
85970000	135
85975000	136
85980000	137
85985000	138
85990000	139
85995000	140
86000000	141
86005000	142
86010000	143
86015000	144
