129765000	0
129770000	1
129775000	2
129780000	3
129785000	4
129790000	5
129795000	6
129800000	7
129805000	8
129810000	9
129815000	10
129820000	11
129825000	12
129830000	13
129835000	14
129840000	15
129845000	16
129850000	17
129855000	18
129860000	19
129865000	20
129870000	21
129875000	22
129880000	23
129885000	24
129890000	25
129895000	26
129900000	27
129905000	28
129910000	29
129915000	30
129920000	31
129925000	32
129930000	33
129935000	34
129940000	35
129945000	36
129950000	37
129955000	38
129960000	39
129965000	40
129970000	41
129975000	42
129980000	43
129985000	44
129990000	45
129995000	46
130000000	47
130005000	48
130010000	49
130015000	50
130020000	51
130025000	52
130030000	53
130035000	54
130040000	55
130045000	56
130050000	57
130055000	58
130060000	59
130065000	60
130070000	61
130075000	62
130080000	63
130085000	64
130090000	65
130095000	66
130100000	67
130105000	68
130110000	69
130115000	70
130120000	71
130125000	72
130130000	73
130135000	74
130140000	75
130145000	76
130150000	77
130155000	78
130160000	79
130165000	80
130170000	81
130175000	82
130180000	83
130185000	84
130190000	85
130195000	86
130200000	87
130205000	88
130210000	89
130215000	90
130220000	91
130225000	92
130230000	93
130235000	94
130240000	95
130245000	96
130250000	97
130255000	98
130260000	99
130265000	100
130270000	101
130275000	102
130280000	103
130285000	104
130290000	105
130295000	106
130300000	107
