68695000	0
68700000	1
68705000	2
68710000	3
68715000	4
68720000	5
68725000	6
68730000	7
68735000	8
68740000	9
68745000	10
68750000	11
68755000	12
68760000	13
68765000	14
68770000	15
68775000	16
68780000	17
68785000	18
68790000	19
68795000	20
68800000	21
68805000	22
68810000	23
68815000	24
68820000	25
68825000	26
68830000	27
68835000	28
68840000	29
68845000	30
68850000	31
68855000	32
68860000	33
68865000	34
68870000	35
68875000	36
68880000	37
68885000	38
68890000	39
68895000	40
68900000	41
68905000	42
68910000	43
68915000	44
68920000	45
68925000	46
68930000	47
68935000	48
68940000	49
68945000	50
68950000	51
68955000	52
68960000	53
68965000	54
68970000	55
68975000	56
68980000	57
68985000	58
68990000	59
68995000	60
69000000	61
69005000	62
69010000	63
69015000	64
69020000	65
69025000	66
69030000	67
69035000	68
69040000	69
69045000	70
69050000	71
69055000	72
69060000	73
69065000	74
69070000	75
69075000	76
69080000	77
69085000	78
69090000	79
69095000	80
69100000	81
69105000	82
69110000	83
69115000	84
69120000	85
69125000	86
69130000	87
69135000	88
69140000	89
69145000	90
69150000	91
69155000	92
69160000	93
69165000	94
69170000	95
69175000	96
69180000	97
69185000	98
69190000	99
69195000	100
69200000	101
69205000	102
