20165000	0
20170000	1
20175000	2
20180000	3
20185000	4
20190000	5
20195000	6
20200000	7
20205000	8
20210000	9
20215000	10
20220000	11
20225000	12
20230000	13
20235000	14
20240000	15
20245000	16
20250000	17
20255000	18
20260000	19
20265000	20
20270000	21
20275000	22
20280000	23
20285000	24
20290000	25
20295000	26
20300000	27
20305000	28
20310000	29
20315000	30
20320000	31
20325000	32
20330000	33
20335000	34
20340000	35
20345000	36
20350000	37
20355000	38
20360000	39
20365000	40
20370000	41
20375000	42
20380000	43
20385000	44
