32570000	0
32575000	1
32580000	2
32585000	3
32590000	4
32595000	5
32600000	6
32605000	7
32610000	8
32615000	9
32620000	10
32625000	11
32630000	12
32635000	13
32640000	14
32645000	15
32650000	16
32655000	17
32660000	18
32665000	19
32670000	20
32675000	21
32680000	22
32685000	23
32690000	24
32695000	25
32700000	26
32705000	27
32710000	28
32715000	29
32720000	30
32725000	31
32730000	32
32735000	33
32740000	34
32745000	35
32750000	36
32755000	37
32760000	38
32765000	39
32770000	40
32775000	41
32780000	42
32785000	43
32790000	44
32795000	45
32800000	46
32805000	47
32810000	48
32815000	49
32820000	50
32825000	51
32830000	52
32835000	53
32840000	54
32845000	55
32850000	56
32855000	57
32860000	58
32865000	59
32870000	60
32875000	61
32880000	62
32885000	63
32890000	64
32895000	65
32900000	66
