14235000	0
14240000	1
14245000	2
14250000	3
14255000	4
14260000	5
14265000	6
14270000	7
14275000	8
14280000	9
14285000	10
14290000	11
14295000	12
14300000	13
14305000	14
14310000	15
14315000	16
14320000	17
14325000	18
14330000	19
14335000	20
14340000	21
14345000	22
14350000	23
14355000	24
14360000	25
14365000	26
14370000	27
14375000	28
14380000	29
14385000	30
14390000	31
14395000	32
14400000	33
14405000	34
14410000	35
14415000	36
14420000	37
14425000	38
14430000	39
14435000	40
14440000	41
14445000	42
14450000	43
14455000	44
14460000	45
14465000	46
14470000	47
14475000	48
14480000	49
14485000	50
14490000	51
14495000	52
14500000	53
14505000	54
14510000	55
14515000	56
14520000	57
14525000	58
14530000	59
14535000	60
14540000	61
14545000	62
14550000	63
14555000	64
14560000	65
14565000	66
14570000	67
