46960000	0
46965000	1
46970000	2
46975000	3
46980000	4
46985000	5
46990000	6
46995000	7
47000000	8
47005000	9
47010000	10
47015000	11
47020000	12
47025000	13
47030000	14
47035000	15
47040000	16
47045000	17
47050000	18
47055000	19
47060000	20
47065000	21
47070000	22
47075000	23
47080000	24
47085000	25
47090000	26
47095000	27
47100000	28
47105000	29
47110000	30
47115000	31
47120000	32
47125000	33
47130000	34
47135000	35
47140000	36
47145000	37
47150000	38
47155000	39
47160000	40
47165000	41
47170000	42
47175000	43
47180000	44
47185000	45
47190000	46
47195000	47
47200000	48
47205000	49
47210000	50
47215000	51
47220000	52
47225000	53
47230000	54
47235000	55
47240000	56
47245000	57
47250000	58
47255000	59
47260000	60
47265000	61
47270000	62
47275000	63
47280000	64
47285000	65
47290000	66
47295000	67
47300000	68
47305000	69
47310000	70
47315000	71
47320000	72
47325000	73
47330000	74
47335000	75
47340000	76
47345000	77
47350000	78
