60450000	0
60451000	1
60452000	2
60453000	3
60454000	4
60455000	5
60456000	6
60457000	7
60458000	8
60459000	9
60460000	10
60461000	11
60462000	12
60463000	13
60464000	14
60465000	15
60466000	16
60467000	17
60468000	18
60469000	19
60470000	20
60471000	21
60472000	22
60473000	23
60474000	24
60475000	25
60476000	26
60477000	27
60478000	28
60479000	29
60480000	30
60481000	31
60482000	32
60483000	33
60484000	34
60485000	35
60486000	36
60487000	37
60488000	38
60489000	39
60490000	40
60491000	41
60492000	42
60493000	43
60494000	44
60495000	45
60496000	46
60497000	47
60498000	48
60499000	49
60500000	50
60501000	51
60502000	52
60503000	53
60504000	54
60505000	55
60506000	56
60507000	57
60508000	58
60509000	59
60510000	60
60511000	61
60512000	62
60513000	63
60514000	64
60515000	65
60516000	66
60517000	67
60518000	68
60519000	69
60520000	70
60521000	71
60522000	72
60523000	73
60524000	74
60525000	75
60526000	76
60527000	77
60528000	78
60529000	79
60530000	80
60531000	81
60532000	82
60533000	83
60534000	84
