214375000	0
214376000	1
214377000	2
214378000	3
214379000	4
214380000	5
214381000	6
214382000	7
214383000	8
214384000	9
214385000	10
214386000	11
214387000	12
214388000	13
214389000	14
214390000	15
214391000	16
214392000	17
214393000	18
214394000	19
214395000	20
214396000	21
214397000	22
214398000	23
214399000	24
214400000	25
214401000	26
214402000	27
214403000	28
214404000	29
214405000	30
214406000	31
214407000	32
214408000	33
214409000	34
214410000	35
214411000	36
214412000	37
214413000	38
214414000	39
214415000	40
214416000	41
214417000	42
214418000	43
214419000	44
214420000	45
214421000	46
214422000	47
214423000	48
214424000	49
214425000	50
214426000	51
214427000	52
214428000	53
214429000	54
214430000	55
214431000	56
214432000	57
214433000	58
214434000	59
214435000	60
214436000	61
214437000	62
214438000	63
214439000	64
214440000	65
214441000	66
214442000	67
214443000	68
214444000	69
214445000	70
214446000	71
214447000	72
214448000	73
214449000	74
214450000	75
214451000	76
214452000	77
214453000	78
214454000	79
214455000	80
214456000	81
214457000	82
214458000	83
214459000	84
214460000	85
214461000	86
214462000	87
214463000	88
214464000	89
214465000	90
214466000	91
214467000	92
214468000	93
214469000	94
214470000	95
214471000	96
214472000	97
214473000	98
214474000	99
214475000	100
214476000	101
214477000	102
214478000	103
214479000	104
214480000	105
214481000	106
214482000	107
214483000	108
214484000	109
214485000	110
214486000	111
214487000	112
214488000	113
214489000	114
214490000	115
214491000	116
214492000	117
214493000	118
214494000	119
214495000	120
214496000	121
214497000	122
214498000	123
214499000	124
214500000	125
214501000	126
214502000	127
214503000	128
214504000	129
214505000	130
214506000	131
214507000	132
214508000	133
214509000	134
214510000	135
214511000	136
214512000	137
214513000	138
214514000	139
214515000	140
214516000	141
214517000	142
214518000	143
214519000	144
214520000	145
214521000	146
214522000	147
214523000	148
214524000	149
214525000	150
214526000	151
214527000	152
214528000	153
214529000	154
214530000	155
214531000	156
214532000	157
214533000	158
214534000	159
214535000	160
214536000	161
214537000	162
214538000	163
214539000	164
214540000	165
214541000	166
214542000	167
214543000	168
214544000	169
214545000	170
214546000	171
214547000	172
214548000	173
214549000	174
214550000	175
214551000	176
214552000	177
214553000	178
214554000	179
214555000	180
214556000	181
214557000	182
214558000	183
214559000	184
214560000	185
214561000	186
214562000	187
214563000	188
214564000	189
214565000	190
214566000	191
214567000	192
214568000	193
214569000	194
214570000	195
214571000	196
214572000	197
214573000	198
214574000	199
214575000	200
214576000	201
214577000	202
214578000	203
214579000	204
214580000	205
214581000	206
214582000	207
214583000	208
214584000	209
214585000	210
214586000	211
214587000	212
214588000	213
214589000	214
214590000	215
214591000	216
214592000	217
214593000	218
214594000	219
214595000	220
214596000	221
214597000	222
214598000	223
214599000	224
214600000	225
214601000	226
214602000	227
214603000	228
214604000	229
214605000	230
214606000	231
214607000	232
214608000	233
214609000	234
214610000	235
214611000	236
214612000	237
214613000	238
214614000	239
214615000	240
214616000	241
214617000	242
214618000	243
214619000	244
214620000	245
214621000	246
214622000	247
214623000	248
214624000	249
214625000	250
214626000	251
214627000	252
214628000	253
214629000	254
214630000	255
214631000	256
214632000	257
214633000	258
214634000	259
214635000	260
214636000	261
214637000	262
214638000	263
214639000	264
214640000	265
214641000	266
214642000	267
214643000	268
214644000	269
214645000	270
214646000	271
214647000	272
214648000	273
214649000	274
214650000	275
214651000	276
214652000	277
214653000	278
214654000	279
214655000	280
214656000	281
214657000	282
214658000	283
214659000	284
214660000	285
214661000	286
214662000	287
214663000	288
214664000	289
214665000	290
214666000	291
214667000	292
214668000	293
214669000	294
214670000	295
214671000	296
214672000	297
214673000	298
214674000	299
214675000	300
214676000	301
214677000	302
214678000	303
214679000	304
214680000	305
214681000	306
214682000	307
214683000	308
214684000	309
214685000	310
214686000	311
214687000	312
214688000	313
214689000	314
214690000	315
214691000	316
214692000	317
214693000	318
214694000	319
214695000	320
214696000	321
214697000	322
214698000	323
214699000	324
214700000	325
214701000	326
214702000	327
214703000	328
214704000	329
214705000	330
214706000	331
214707000	332
214708000	333
214709000	334
214710000	335
214711000	336
214712000	337
214713000	338
214714000	339
214715000	340
214716000	341
214717000	342
214718000	343
214719000	344
214720000	345
214721000	346
214722000	347
214723000	348
214724000	349
214725000	350
214726000	351
214727000	352
214728000	353
214729000	354
214730000	355
214731000	356
214732000	357
214733000	358
214734000	359
214735000	360
214736000	361
214737000	362
214738000	363
214739000	364
214740000	365
214741000	366
214742000	367
214743000	368
214744000	369
214745000	370
214746000	371
214747000	372
214748000	373
214749000	374
214750000	375
214751000	376
214752000	377
214753000	378
214754000	379
214755000	380
214756000	381
214757000	382
214758000	383
214759000	384
214760000	385
214761000	386
214762000	387
214763000	388
214764000	389
214765000	390
214766000	391
214767000	392
214768000	393
214769000	394
214770000	395
214771000	396
214772000	397
214773000	398
214774000	399
214775000	400
214776000	401
214777000	402
214778000	403
214779000	404
214780000	405
214781000	406
214782000	407
214783000	408
214784000	409
214785000	410
214786000	411
214787000	412
214788000	413
214789000	414
214790000	415
214791000	416
214792000	417
214793000	418
214794000	419
214795000	420
214796000	421
214797000	422
214798000	423
214799000	424
214800000	425
214801000	426
214802000	427
214803000	428
214804000	429
214805000	430
214806000	431
214807000	432
214808000	433
214809000	434
214810000	435
