5825000	0
5830000	1
5835000	2
5840000	3
5845000	4
5850000	5
5855000	6
5860000	7
5865000	8
5870000	9
5875000	10
5880000	11
5885000	12
5890000	13
5895000	14
5900000	15
5905000	16
5910000	17
5915000	18
5920000	19
5925000	20
5930000	21
5935000	22
5940000	23
5945000	24
5950000	25
5960000	26
5965000	27
5970000	28
5980000	29
5995000	30
6015000	31
6020000	32
6025000	33
6030000	34
6035000	35
6040000	36
6045000	37
6050000	38
6055000	39
6060000	40
6065000	41
6070000	42
6075000	43
6080000	44
6085000	45
6090000	46
6095000	47
6100000	48
6105000	49
6110000	50
6115000	51
6120000	52
6125000	53
6130000	54
6135000	55
6140000	56
6145000	57
6150000	58
6155000	59
6160000	60
6165000	61
6170000	62
6175000	63
6180000	64
