36565000	0
36566000	1
36567000	2
36568000	3
36569000	4
36570000	5
36571000	6
36572000	7
36573000	8
36579000	9
36580000	10
36581000	11
36582000	12
36583000	13
36584000	14
36585000	15
36586000	16
36587000	17
36588000	18
36589000	19
36590000	20
36591000	21
36592000	22
36593000	23
36594000	24
36595000	25
36596000	26
36597000	27
36598000	28
36599000	29
36600000	30
36601000	31
36602000	32
36603000	33
36604000	34
36605000	35
36606000	36
36607000	37
36608000	38
36609000	39
36610000	40
36611000	41
36612000	42
36613000	43
36614000	44
36615000	45
36616000	46
36617000	47
36618000	48
36619000	49
36620000	50
36621000	51
36622000	52
36623000	53
36624000	54
36625000	55
36626000	56
36627000	57
36628000	58
36629000	59
36630000	60
36631000	61
36632000	62
36633000	63
36634000	64
36635000	65
36637000	66
36638000	67
36639000	68
36640000	69
36641000	70
36642000	71
36643000	72
36644000	73
36645000	74
36646000	75
36647000	76
36648000	77
36649000	78
36650000	79
36651000	80
36652000	81
36653000	82
36654000	83
36655000	84
36656000	85
36657000	86
36658000	87
36659000	88
36660000	89
36661000	90
36662000	91
36663000	92
36664000	93
36665000	94
36666000	95
36667000	96
36668000	97
36669000	98
36670000	99
36671000	100
36672000	101
36673000	102
36675000	103
36676000	104
36677000	105
36678000	106
36679000	107
36680000	108
36681000	109
36682000	110
36683000	111
36684000	112
36685000	113
36686000	114
36687000	115
36688000	116
36689000	117
36690000	118
36691000	119
36692000	120
36693000	121
36694000	122
36695000	123
36696000	124
36697000	125
36698000	126
36699000	127
36700000	128
36701000	129
36702000	130
36703000	131
36704000	132
36705000	133
36706000	134
36707000	135
36708000	136
36709000	137
36710000	138
36711000	139
36712000	140
36713000	141
36714000	142
36715000	143
36716000	144
36717000	145
36718000	146
36719000	147
36720000	148
36721000	149
36722000	150
36723000	151
36724000	152
36725000	153
36726000	154
36727000	155
36728000	156
36729000	157
36730000	158
36731000	159
36732000	160
36733000	161
36734000	162
36735000	163
36736000	164
36737000	165
36738000	166
36739000	167
36740000	168
36741000	169
36742000	170
36743000	171
36744000	172
36745000	173
36746000	174
36747000	175
36748000	176
36749000	177
36750000	178
36751000	179
36752000	180
36753000	181
36754000	182
36755000	183
36756000	184
36757000	185
36758000	186
36759000	187
36760000	188
36761000	189
36762000	190
36763000	191
36764000	192
36765000	193
36766000	194
36767000	195
36768000	196
36769000	197
36770000	198
36771000	199
36772000	200
36773000	201
36774000	202
36775000	203
36776000	204
36777000	205
36778000	206
36779000	207
36780000	208
36781000	209
36782000	210
36783000	211
36784000	212
36785000	213
36786000	214
36787000	215
36788000	216
36789000	217
36790000	218
