27190000	0
27195000	1
27200000	2
27205000	3
27210000	4
27215000	5
27220000	6
27225000	7
27230000	8
27235000	9
27240000	10
27245000	11
27250000	12
27255000	13
27260000	14
27265000	15
27270000	16
27275000	17
27280000	18
27285000	19
27290000	20
27295000	21
27300000	22
27305000	23
27310000	24
27315000	25
27320000	26
27325000	27
27330000	28
27335000	29
27340000	30
27345000	31
27350000	32
27355000	33
27360000	34
27365000	35
27370000	36
27375000	37
27380000	38
27385000	39
27390000	40
27395000	41
27400000	42
27405000	43
27410000	44
27415000	45
27420000	46
27425000	47
27430000	48
27435000	49
27440000	50
27445000	51
27450000	52
27455000	53
27460000	54
27465000	55
27470000	56
27475000	57
27480000	58
27485000	59
27490000	60
27495000	61
27500000	62
27505000	63
27510000	64
27515000	65
27520000	66
27525000	67
27530000	68
27535000	69
27540000	70
27545000	71
27550000	72
27555000	73
27560000	74
27565000	75
27570000	76
27575000	77
27580000	78
27585000	79
27590000	80
27595000	81
27600000	82
27605000	83
27610000	84
27615000	85
27620000	86
27625000	87
27630000	88
27635000	89
27640000	90
27645000	91
27650000	92
27655000	93
27660000	94
27665000	95
27670000	96
27675000	97
27680000	98
27685000	99
27690000	100
27695000	101
27700000	102
27705000	103
27710000	104
27715000	105
27720000	106
27725000	107
27730000	108
27735000	109
27740000	110
27745000	111
27750000	112
27755000	113
27760000	114
27765000	115
27770000	116
27775000	117
27780000	118
27785000	119
27790000	120
27795000	121
27800000	122
27805000	123
27810000	124
27815000	125
27820000	126
27825000	127
27830000	128
27835000	129
27840000	130
27845000	131
27850000	132
27855000	133
27860000	134
27865000	135
