224300000	0
224305000	1
224310000	2
224315000	3
224320000	4
224325000	5
224330000	6
224335000	7
224340000	8
224345000	9
224350000	10
224355000	11
224360000	12
224365000	13
224370000	14
224375000	15
224380000	16
224385000	17
224390000	18
224395000	19
224400000	20
224405000	21
224410000	22
224415000	23
224420000	24
224425000	25
224430000	26
224435000	27
224440000	28
224445000	29
224450000	30
224455000	31
224460000	32
224465000	33
224470000	34
224475000	35
224480000	36
224485000	37
224490000	38
224495000	39
224500000	40
224505000	41
224510000	42
224515000	43
224520000	44
224525000	45
