86420000	0
86425000	1
86430000	2
86435000	3
86440000	4
86445000	5
86450000	6
86455000	7
86460000	8
86465000	9
86470000	10
86475000	11
86480000	12
86485000	13
86490000	14
86495000	15
86500000	16
86505000	17
86510000	18
86515000	19
86520000	20
86525000	21
86530000	22
86535000	23
86540000	24
86545000	25
86550000	26
86555000	27
86560000	28
86565000	29
86570000	30
86575000	31
86580000	32
86585000	33
86590000	34
86595000	35
86600000	36
86605000	37
86610000	38
86615000	39
86620000	40
86625000	41
86630000	42
86635000	43
86640000	44
86645000	45
86650000	46
86655000	47
86660000	48
86665000	49
86670000	50
86675000	51
86680000	52
86685000	53
86690000	54
86695000	55
86700000	56
86705000	57
86710000	58
86715000	59
86720000	60
86725000	61
86730000	62
86735000	63
86740000	64
86745000	65
86750000	66
86755000	67
86760000	68
86765000	69
86770000	70
86775000	71
86780000	72
86785000	73
86790000	74
86795000	75
86800000	76
86805000	77
86810000	78
86815000	79
86820000	80
86825000	81
86830000	82
86835000	83
86840000	84
86845000	85
86850000	86
86855000	87
86860000	88
86865000	89
86870000	90
86875000	91
86880000	92
86885000	93
86890000	94
86895000	95
86900000	96
86905000	97
86910000	98
86915000	99
86920000	100
86925000	101
86930000	102
86935000	103
86940000	104
86945000	105
86950000	106
86955000	107
86960000	108
86965000	109
86970000	110
86975000	111
86980000	112
86985000	113
86990000	114
86995000	115
87000000	116
87005000	117
87010000	118
87015000	119
87020000	120
87025000	121
87030000	122
87035000	123
87040000	124
87045000	125
87050000	126
87055000	127
87060000	128
87065000	129
87070000	130
87075000	131
87080000	132
87085000	133
87090000	134
87095000	135
87100000	136
87105000	137
87110000	138
87115000	139
87120000	140
87125000	141
87130000	142
87135000	143
87140000	144
87145000	145
87150000	146
87155000	147
87160000	148
87165000	149
87170000	150
87175000	151
87180000	152
87185000	153
87190000	154
87195000	155
87200000	156
87205000	157
87210000	158
87215000	159
87220000	160
87225000	161
87230000	162
87235000	163
87240000	164
87245000	165
87250000	166
87255000	167
87260000	168
87265000	169
87270000	170
87275000	171
87280000	172
87285000	173
87290000	174
87295000	175
87300000	176
87305000	177
87310000	178
87315000	179
87320000	180
87325000	181
87330000	182
87335000	183
87340000	184
87345000	185
87350000	186
87355000	187
87360000	188
87365000	189
87370000	190
87375000	191
87380000	192
87385000	193
87390000	194
87395000	195
87400000	196
87405000	197
87410000	198
87415000	199
87420000	200
87425000	201
87430000	202
87435000	203
87440000	204
87445000	205
87450000	206
87455000	207
87460000	208
87465000	209
87470000	210
87475000	211
87480000	212
87485000	213
87490000	214
87495000	215
87500000	216
87505000	217
87510000	218
87515000	219
87520000	220
87525000	221
87530000	222
87535000	223
87540000	224
87545000	225
87550000	226
87555000	227
87560000	228
87565000	229
87570000	230
87575000	231
87580000	232
87585000	233
87590000	234
87595000	235
87600000	236
87605000	237
87610000	238
87615000	239
87620000	240
87625000	241
87630000	242
87635000	243
87640000	244
87645000	245
87650000	246
87655000	247
87660000	248
87665000	249
87670000	250
87675000	251
87680000	252
87685000	253
87690000	254
87695000	255
87700000	256
87705000	257
87710000	258
87715000	259
87720000	260
87725000	261
87730000	262
87735000	263
87740000	264
87745000	265
87750000	266
87755000	267
87760000	268
87765000	269
87770000	270
87775000	271
87780000	272
87785000	273
87790000	274
87795000	275
87800000	276
87805000	277
87810000	278
87815000	279
87820000	280
87825000	281
87830000	282
87835000	283
87840000	284
87845000	285
87850000	286
87855000	287
87860000	288
87865000	289
87870000	290
87875000	291
87880000	292
87885000	293
87890000	294
87895000	295
87900000	296
87905000	297
87910000	298
87915000	299
87920000	300
87925000	301
87930000	302
87935000	303
87940000	304
87945000	305
87950000	306
87955000	307
87960000	308
87965000	309
87970000	310
87975000	311
87980000	312
87985000	313
87990000	314
87995000	315
88000000	316
88005000	317
88010000	318
88015000	319
88020000	320
88025000	321
88030000	322
88035000	323
88040000	324
88045000	325
88050000	326
88055000	327
88060000	328
88065000	329
88070000	330
88075000	331
88080000	332
88085000	333
88090000	334
88095000	335
88100000	336
88105000	337
88110000	338
88115000	339
88120000	340
88125000	341
88130000	342
88135000	343
88140000	344
88145000	345
88150000	346
88155000	347
88160000	348
88165000	349
88170000	350
88175000	351
88180000	352
88185000	353
88190000	354
88195000	355
88200000	356
88205000	357
88210000	358
88215000	359
88220000	360
88225000	361
88230000	362
88235000	363
88240000	364
88245000	365
88250000	366
88255000	367
88260000	368
88265000	369
88270000	370
88275000	371
88280000	372
88285000	373
88290000	374
88295000	375
88300000	376
88305000	377
88310000	378
88315000	379
88320000	380
88325000	381
88330000	382
88335000	383
88340000	384
88345000	385
88350000	386
88355000	387
88360000	388
88365000	389
88370000	390
88375000	391
88380000	392
88385000	393
88390000	394
88395000	395
88400000	396
88405000	397
88410000	398
88415000	399
88420000	400
88425000	401
88430000	402
88435000	403
88440000	404
88445000	405
88450000	406
88455000	407
88460000	408
88465000	409
88470000	410
88475000	411
88480000	412
88485000	413
88490000	414
88495000	415
88500000	416
88505000	417
88510000	418
88515000	419
88520000	420
88525000	421
88530000	422
88535000	423
88540000	424
88545000	425
88550000	426
88555000	427
88560000	428
88565000	429
88570000	430
88575000	431
88580000	432
88585000	433
88590000	434
88595000	435
88600000	436
88605000	437
88610000	438
88615000	439
88620000	440
88625000	441
88630000	442
88635000	443
88640000	444
88645000	445
88650000	446
88655000	447
88660000	448
88665000	449
88670000	450
