24630000	0
24635000	1
24640000	2
24645000	3
24650000	4
24655000	5
24660000	6
24665000	7
24670000	8
24675000	9
24680000	10
24685000	11
24690000	12
24695000	13
24700000	14
24705000	15
24710000	16
24715000	17
24720000	18
24725000	19
24730000	20
24735000	21
24740000	22
24745000	23
24750000	24
24755000	25
24760000	26
24765000	27
24770000	28
24775000	29
24780000	30
24785000	31
24790000	32
24795000	33
24800000	34
24805000	35
24810000	36
24815000	37
24820000	38
24825000	39
24830000	40
24835000	41
24840000	42
24845000	43
24850000	44
24855000	45
24860000	46
24865000	47
24870000	48
24875000	49
24880000	50
24885000	51
24890000	52
24895000	53
24900000	54
24905000	55
24910000	56
24915000	57
24920000	58
24925000	59
24930000	60
24935000	61
24940000	62
24945000	63
24950000	64
24955000	65
24960000	66
24965000	67
24970000	68
24975000	69
24980000	70
24985000	71
24990000	72
24995000	73
25000000	74
25005000	75
25010000	76
25015000	77
25020000	78
25025000	79
25030000	80
25035000	81
25040000	82
25045000	83
25050000	84
25055000	85
