104120000	0
104125000	1
104130000	2
104135000	3
104140000	4
104145000	5
104150000	6
104155000	7
104160000	8
104165000	9
104170000	10
104175000	11
104180000	12
104185000	13
104190000	14
104195000	15
104200000	16
104205000	17
104210000	18
104215000	19
104220000	20
104225000	21
104230000	22
104235000	23
104240000	24
104245000	25
104250000	26
104255000	27
104260000	28
104265000	29
104270000	30
104275000	31
104280000	32
104285000	33
104290000	34
104295000	35
104300000	36
104305000	37
104310000	38
104315000	39
104320000	40
104325000	41
104330000	42
104335000	43
104340000	44
104345000	45
104350000	46
104355000	47
104360000	48
104365000	49
104370000	50
104375000	51
104380000	52
104385000	53
104390000	54
104395000	55
104400000	56
104405000	57
104410000	58
104415000	59
104420000	60
104425000	61
104430000	62
104435000	63
104440000	64
104445000	65
104450000	66
104455000	67
104460000	68
104465000	69
104470000	70
104475000	71
104480000	72
104485000	73
104490000	74
104495000	75
104500000	76
104505000	77
104510000	78
104515000	79
104520000	80
104525000	81
104530000	82
104535000	83
104540000	84
104545000	85
104550000	86
104555000	87
104560000	88
104565000	89
104570000	90
104575000	91
104580000	92
104585000	93
104590000	94
104595000	95
104600000	96
104605000	97
104610000	98
104615000	99
104620000	100
104625000	101
104630000	102
104635000	103
104640000	104
104645000	105
104650000	106
104655000	107
104660000	108
104665000	109
104670000	110
104675000	111
104680000	112
104685000	113
104690000	114
104695000	115
104700000	116
104705000	117
104710000	118
104715000	119
104720000	120
104725000	121
104730000	122
104735000	123
104740000	124
104745000	125
104750000	126
104755000	127
104760000	128
104765000	129
104770000	130
104775000	131
104780000	132
104785000	133
104790000	134
104795000	135
104800000	136
104805000	137
104810000	138
104815000	139
104820000	140
104825000	141
104830000	142
104835000	143
104840000	144
104845000	145
104850000	146
104855000	147
104860000	148
