58930000	0
58935000	1
58940000	2
58945000	3
58950000	4
58955000	5
58960000	6
58965000	7
58970000	8
58975000	9
58980000	10
58985000	11
58990000	12
58995000	13
59000000	14
59005000	15
59010000	16
59015000	17
59020000	18
59025000	19
59030000	20
59035000	21
59040000	22
59045000	23
59050000	24
59055000	25
59060000	26
59065000	27
59070000	28
59075000	29
59080000	30
59085000	31
59090000	32
59095000	33
59100000	34
59105000	35
59110000	36
59115000	37
59120000	38
59125000	39
59130000	40
59135000	41
59140000	42
59145000	43
59150000	44
59155000	45
59160000	46
59165000	47
59170000	48
59175000	49
59180000	50
59185000	51
59190000	52
59195000	53
59200000	54
59205000	55
59210000	56
59215000	57
59220000	58
59225000	59
59230000	60
59235000	61
59240000	62
59245000	63
59250000	64
59255000	65
59260000	66
59265000	67
59270000	68
59275000	69
59280000	70
59285000	71
59290000	72
59295000	73
59300000	74
59305000	75
59310000	76
