132395000	0
132400000	1
132405000	2
132410000	3
132415000	4
132420000	5
132425000	6
132430000	7
132435000	8
132440000	9
132445000	10
132450000	11
132455000	12
132460000	13
132465000	14
132470000	15
132475000	16
132480000	17
132485000	18
132490000	19
132495000	20
132500000	21
132505000	22
132510000	23
132515000	24
132520000	25
132525000	26
132530000	27
132535000	28
132540000	29
132545000	30
132550000	31
132555000	32
132560000	33
132565000	34
132570000	35
132575000	36
132580000	37
132585000	38
132590000	39
132595000	40
132600000	41
132605000	42
132610000	43
132615000	44
132620000	45
132625000	46
132630000	47
132635000	48
132640000	49
132645000	50
132650000	51
132655000	52
132660000	53
132665000	54
132670000	55
132675000	56
132680000	57
132685000	58
132690000	59
132695000	60
132700000	61
132705000	62
132710000	63
132715000	64
132720000	65
132725000	66
132730000	67
132735000	68
132740000	69
132745000	70
132750000	71
132755000	72
132760000	73
132765000	74
132770000	75
132775000	76
132780000	77
132785000	78
132790000	79
132795000	80
132800000	81
132805000	82
132810000	83
132815000	84
132820000	85
132825000	86
132830000	87
132835000	88
132840000	89
132845000	90
132850000	91
132855000	92
132860000	93
132865000	94
