112165000	0
112170000	1
112175000	2
112180000	3
112185000	4
112190000	5
112195000	6
112200000	7
112205000	8
112210000	9
112215000	10
112220000	11
112225000	12
112230000	13
112235000	14
112240000	15
112245000	16
112250000	17
112255000	18
112260000	19
112265000	20
112270000	21
112275000	22
112280000	23
112285000	24
112290000	25
112295000	26
112300000	27
112305000	28
112310000	29
112315000	30
112320000	31
112325000	32
112330000	33
112335000	34
112340000	35
112345000	36
112350000	37
112355000	38
112360000	39
112365000	40
112370000	41
112375000	42
112380000	43
112385000	44
112390000	45
112395000	46
112400000	47
112405000	48
112410000	49
112415000	50
112420000	51
112425000	52
112430000	53
112435000	54
112440000	55
112445000	56
112450000	57
112455000	58
112460000	59
112465000	60
112470000	61
112475000	62
112480000	63
112485000	64
112490000	65
112495000	66
112500000	67
112505000	68
112510000	69
112515000	70
112520000	71
112525000	72
112530000	73
112535000	74
112540000	75
112545000	76
112550000	77
112555000	78
112560000	79
112565000	80
112570000	81
112575000	82
112580000	83
112585000	84
112590000	85
112595000	86
112600000	87
112605000	88
112610000	89
112615000	90
112620000	91
112625000	92
112630000	93
112635000	94
112640000	95
112645000	96
112650000	97
112655000	98
112660000	99
112665000	100
112670000	101
