4635000	0
4640000	1
4645000	2
4650000	3
4655000	4
4660000	5
4665000	6
4670000	7
4675000	8
4680000	9
4685000	10
4690000	11
4695000	12
4700000	13
4705000	14
4710000	15
4715000	16
4720000	17
4725000	18
4730000	19
4735000	20
4740000	21
4745000	22
4750000	23
4755000	24
4760000	25
4765000	26
4770000	27
4775000	28
4780000	29
4785000	30
4790000	31
4795000	32
4800000	33
4805000	34
4810000	35
4815000	36
4820000	37
4825000	38
4830000	39
4835000	40
4840000	41
4845000	42
4850000	43
4855000	44
4860000	45
4865000	46
4870000	47
4875000	48
4880000	49
4885000	50
4890000	51
4895000	52
4900000	53
4905000	54
4910000	55
4915000	56
4920000	57
4925000	58
4930000	59
4935000	60
4940000	61
4945000	62
4950000	63
4955000	64
4960000	65
4965000	66
4970000	67
4975000	68
4980000	69
4985000	70
4990000	71
4995000	72
5000000	73
5005000	74
5010000	75
5015000	76
5020000	77
5025000	78
5030000	79
5035000	80
5040000	81
5045000	82
5050000	83
5055000	84
5060000	85
5065000	86
5070000	87
5075000	88
5080000	89
5085000	90
5090000	91
5095000	92
5100000	93
5105000	94
5110000	95
5115000	96
5120000	97
5125000	98
5130000	99
5135000	100
5140000	101
5145000	102
5150000	103
5155000	104
5160000	105
5165000	106
5170000	107
5175000	108
5180000	109
5185000	110
5190000	111
5195000	112
5200000	113
5205000	114
5210000	115
5215000	116
5220000	117
5225000	118
5230000	119
5235000	120
5240000	121
5245000	122
5250000	123
5255000	124
5260000	125
5265000	126
5270000	127
5275000	128
5280000	129
5285000	130
5290000	131
5295000	132
5300000	133
5305000	134
5310000	135
5315000	136
5320000	137
5325000	138
5330000	139
5335000	140
5340000	141
5345000	142
5350000	143
5355000	144
5360000	145
5365000	146
5370000	147
5375000	148
5380000	149
5385000	150
5390000	151
5395000	152
5400000	153
5405000	154
5410000	155
5415000	156
5420000	157
5425000	158
5430000	159
5435000	160
5440000	161
5445000	162
5450000	163
5455000	164
5460000	165
5465000	166
5470000	167
5475000	168
5480000	169
5485000	170
5490000	171
5495000	172
5500000	173
