102150000	0
102155000	1
102160000	2
102165000	3
102170000	4
102175000	5
102180000	6
102185000	7
102190000	8
102195000	9
102200000	10
102205000	11
102210000	12
102215000	13
102220000	14
102225000	15
102230000	16
102235000	17
102240000	18
102245000	19
102250000	20
102255000	21
102260000	22
102265000	23
102270000	24
102275000	25
102280000	26
102285000	27
102290000	28
102295000	29
102300000	30
102305000	31
102310000	32
102315000	33
102320000	34
102325000	35
102330000	36
102335000	37
102340000	38
102345000	39
102350000	40
102355000	41
102360000	42
102365000	43
102370000	44
102375000	45
102380000	46
102385000	47
102390000	48
102395000	49
102400000	50
102405000	51
102410000	52
102415000	53
102420000	54
102425000	55
102430000	56
102435000	57
102440000	58
102445000	59
102450000	60
102455000	61
102460000	62
102465000	63
102470000	64
102475000	65
102480000	66
102485000	67
102490000	68
102495000	69
102500000	70
102505000	71
102510000	72
102515000	73
102520000	74
102525000	75
102530000	76
102535000	77
102540000	78
102545000	79
102550000	80
102555000	81
102560000	82
102565000	83
102570000	84
102575000	85
102580000	86
102585000	87
102590000	88
102595000	89
102600000	90
102605000	91
102610000	92
102615000	93
102620000	94
102625000	95
102630000	96
102635000	97
102640000	98
102645000	99
102650000	100
102655000	101
102660000	102
102665000	103
102670000	104
102675000	105
102680000	106
102685000	107
102690000	108
102695000	109
102700000	110
102705000	111
102710000	112
102715000	113
102720000	114
102725000	115
102730000	116
102735000	117
102740000	118
102745000	119
102750000	120
102755000	121
102760000	122
102765000	123
102770000	124
102775000	125
102780000	126
102785000	127
102790000	128
102795000	129
102800000	130
102805000	131
102810000	132
102815000	133
102820000	134
102825000	135
102830000	136
102835000	137
102840000	138
102845000	139
102850000	140
102855000	141
102860000	142
102865000	143
102870000	144
102875000	145
102880000	146
102885000	147
102890000	148
102895000	149
102900000	150
102905000	151
102910000	152
102915000	153
102920000	154
102925000	155
102930000	156
102935000	157
102940000	158
