92660000	0
92665000	1
92670000	2
92675000	3
92680000	4
92685000	5
92690000	6
92695000	7
92700000	8
92705000	9
92710000	10
92715000	11
92720000	12
92725000	13
92730000	14
92735000	15
92740000	16
92745000	17
92750000	18
92755000	19
92760000	20
92765000	21
92770000	22
92775000	23
92780000	24
92785000	25
92790000	26
92795000	27
92800000	28
92805000	29
92810000	30
92815000	31
92820000	32
92825000	33
92830000	34
92835000	35
92840000	36
92845000	37
92850000	38
92855000	39
92860000	40
92865000	41
92875000	42
92880000	43
92885000	44
92890000	45
92895000	46
92900000	47
92905000	48
92910000	49
92915000	50
92920000	51
92925000	52
92930000	53
92935000	54
92940000	55
92945000	56
92950000	57
92955000	58
92960000	59
92965000	60
92970000	61
92975000	62
92980000	63
92985000	64
92990000	65
92995000	66
93000000	67
93005000	68
93010000	69
93015000	70
93020000	71
93025000	72
93030000	73
93035000	74
93040000	75
93045000	76
93050000	77
93055000	78
93060000	79
93065000	80
93070000	81
93075000	82
93080000	83
93085000	84
93090000	85
93095000	86
93100000	87
93105000	88
93110000	89
93115000	90
93120000	91
93125000	92
93130000	93
93135000	94
93140000	95
93145000	96
93150000	97
93160000	98
93165000	99
93170000	100
93175000	101
93180000	102
93185000	103
93190000	104
93195000	105
93200000	106
93205000	107
93210000	108
93215000	109
93220000	110
93225000	111
93230000	112
93235000	113
93240000	114
93245000	115
93250000	116
93255000	117
93260000	118
93265000	119
93270000	120
93275000	121
93280000	122
93285000	123
93290000	124
93295000	125
93300000	126
93305000	127
93310000	128
93315000	129
93320000	130
93325000	131
93330000	132
93335000	133
93340000	134
93345000	135
93350000	136
93355000	137
93360000	138
93365000	139
93370000	140
93375000	141
93380000	142
93385000	143
93390000	144
93395000	145
93400000	146
93405000	147
93410000	148
93415000	149
93420000	150
93425000	151
93430000	152
93435000	153
93440000	154
93445000	155
93450000	156
93455000	157
93460000	158
93465000	159
93470000	160
93475000	161
93480000	162
93485000	163
93490000	164
93495000	165
93500000	166
93505000	167
93510000	168
93515000	169
93520000	170
93525000	171
93530000	172
93535000	173
93540000	174
