104060000	0
104065000	1
104070000	2
104075000	3
104080000	4
104085000	5
104090000	6
104095000	7
104100000	8
104105000	9
104110000	10
104115000	11
104120000	12
104125000	13
104130000	14
104135000	15
104140000	16
104145000	17
104150000	18
104155000	19
104160000	20
104165000	21
104170000	22
104175000	23
104180000	24
104185000	25
104190000	26
104195000	27
104200000	28
104205000	29
104210000	30
104215000	31
104220000	32
104225000	33
104230000	34
104235000	35
104240000	36
104245000	37
104250000	38
104255000	39
104260000	40
104265000	41
104270000	42
104275000	43
104280000	44
104285000	45
104290000	46
104295000	47
104300000	48
104305000	49
104310000	50
104315000	51
104320000	52
104325000	53
104330000	54
104335000	55
104340000	56
104345000	57
104350000	58
104355000	59
104360000	60
104365000	61
104370000	62
104375000	63
104380000	64
104385000	65
104390000	66
104395000	67
104400000	68
104405000	69
104410000	70
104415000	71
104420000	72
104425000	73
104430000	74
104435000	75
104440000	76
104445000	77
104450000	78
104455000	79
104460000	80
104465000	81
104470000	82
104475000	83
104480000	84
104485000	85
104490000	86
104495000	87
104500000	88
104505000	89
104510000	90
104515000	91
104520000	92
104525000	93
104530000	94
104535000	95
104540000	96
104545000	97
104550000	98
104555000	99
104560000	100
104565000	101
104570000	102
104575000	103
104580000	104
104585000	105
104590000	106
104595000	107
104600000	108
104605000	109
104610000	110
104615000	111
104620000	112
104625000	113
104630000	114
104635000	115
104640000	116
104645000	117
104650000	118
104655000	119
104660000	120
104665000	121
104670000	122
104675000	123
104680000	124
104685000	125
104690000	126
104695000	127
104700000	128
104705000	129
104710000	130
104715000	131
104720000	132
104725000	133
104730000	134
104735000	135
104740000	136
104745000	137
104750000	138
104755000	139
104760000	140
104765000	141
104770000	142
104775000	143
104780000	144
104785000	145
104790000	146
104795000	147
104800000	148
104805000	149
104810000	150
104815000	151
104820000	152
104825000	153
104830000	154
104835000	155
104840000	156
104845000	157
104850000	158
104855000	159
104860000	160
104865000	161
104870000	162
104875000	163
104880000	164
104885000	165
104890000	166
104895000	167
104900000	168
104905000	169
104910000	170
104915000	171
104920000	172
104925000	173
104930000	174
104935000	175
104940000	176
104945000	177
104950000	178
104955000	179
104960000	180
104965000	181
104970000	182
104975000	183
104980000	184
104985000	185
104990000	186
104995000	187
105000000	188
105005000	189
105010000	190
105015000	191
105020000	192
105025000	193
105030000	194
105035000	195
105040000	196
105045000	197
105050000	198
105055000	199
105060000	200
105065000	201
105070000	202
105075000	203
105080000	204
105085000	205
105090000	206
105095000	207
105100000	208
105105000	209
105110000	210
105115000	211
105120000	212
105125000	213
105130000	214
105135000	215
105140000	216
105145000	217
105150000	218
105155000	219
105160000	220
105165000	221
105170000	222
105175000	223
105180000	224
105185000	225
105190000	226
105195000	227
105200000	228
105205000	229
105210000	230
105215000	231
105220000	232
105225000	233
105230000	234
105235000	235
105240000	236
105245000	237
105250000	238
105255000	239
105260000	240
105265000	241
105270000	242
105275000	243
105280000	244
105285000	245
105290000	246
105295000	247
105300000	248
105305000	249
105310000	250
105315000	251
105320000	252
105325000	253
105330000	254
105335000	255
105340000	256
105345000	257
105350000	258
105355000	259
105360000	260
105365000	261
105370000	262
105375000	263
105380000	264
105385000	265
105390000	266
105395000	267
105400000	268
105405000	269
105410000	270
105415000	271
105420000	272
105425000	273
105430000	274
105435000	275
105440000	276
105445000	277
105450000	278
105455000	279
105460000	280
105465000	281
105470000	282
105475000	283
105480000	284
105485000	285
105490000	286
105495000	287
105500000	288
105505000	289
105510000	290
105515000	291
105520000	292
105525000	293
105530000	294
105535000	295
105540000	296
105545000	297
105550000	298
105555000	299
105560000	300
105565000	301
105570000	302
105575000	303
105580000	304
105585000	305
105590000	306
105595000	307
105600000	308
105605000	309
105610000	310
105615000	311
105620000	312
105625000	313
105630000	314
105635000	315
105640000	316
105645000	317
105650000	318
105655000	319
105660000	320
105665000	321
105670000	322
105675000	323
105680000	324
105685000	325
105690000	326
105695000	327
105700000	328
105705000	329
105710000	330
105715000	331
105720000	332
105725000	333
105730000	334
105735000	335
105740000	336
105745000	337
105750000	338
105755000	339
105760000	340
105765000	341
105770000	342
105775000	343
105780000	344
105785000	345
105790000	346
105795000	347
105800000	348
105805000	349
105810000	350
105815000	351
105820000	352
105825000	353
105830000	354
105835000	355
105840000	356
105845000	357
105850000	358
105855000	359
105860000	360
105865000	361
105870000	362
105875000	363
105880000	364
105885000	365
105890000	366
105895000	367
105900000	368
105905000	369
105910000	370
105915000	371
105920000	372
105925000	373
105930000	374
105935000	375
105940000	376
105945000	377
105950000	378
105955000	379
105960000	380
105965000	381
105970000	382
105975000	383
105980000	384
105985000	385
105990000	386
105995000	387
106000000	388
106005000	389
106010000	390
106015000	391
106020000	392
106025000	393
106030000	394
106035000	395
106040000	396
106045000	397
106050000	398
106055000	399
106060000	400
106065000	401
106070000	402
106075000	403
106080000	404
106085000	405
106090000	406
106095000	407
106100000	408
106105000	409
106110000	410
106115000	411
106120000	412
106125000	413
106130000	414
106135000	415
106140000	416
106145000	417
106150000	418
106155000	419
106160000	420
106165000	421
106170000	422
106175000	423
106180000	424
106185000	425
106190000	426
106195000	427
106200000	428
106210000	429
106215000	430
106220000	431
106225000	432
106230000	433
106235000	434
106240000	435
106245000	436
106250000	437
106255000	438
106260000	439
106265000	440
106270000	441
106275000	442
106280000	443
106285000	444
106290000	445
106295000	446
106300000	447
106305000	448
106310000	449
106315000	450
106320000	451
106325000	452
106330000	453
106335000	454
106340000	455
106345000	456
106350000	457
106355000	458
106360000	459
106365000	460
106370000	461
106375000	462
106380000	463
106385000	464
106390000	465
106395000	466
106400000	467
106405000	468
106410000	469
106415000	470
106420000	471
106425000	472
106430000	473
106435000	474
106440000	475
106445000	476
106450000	477
106455000	478
106460000	479
106465000	480
106470000	481
106475000	482
106480000	483
106485000	484
106490000	485
106495000	486
106500000	487
106505000	488
106510000	489
106515000	490
106520000	491
106525000	492
106530000	493
106535000	494
106540000	495
106545000	496
106550000	497
106555000	498
106560000	499
106565000	500
106570000	501
106575000	502
106580000	503
106585000	504
106590000	505
106595000	506
106600000	507
106605000	508
106610000	509
106615000	510
106620000	511
106625000	512
106630000	513
106635000	514
106640000	515
106645000	516
106650000	517
106655000	518
106660000	519
106665000	520
106670000	521
106675000	522
106680000	523
106685000	524
106690000	525
106695000	526
106700000	527
106705000	528
106710000	529
106715000	530
106720000	531
106725000	532
106730000	533
106735000	534
106740000	535
106745000	536
106750000	537
106755000	538
106760000	539
106765000	540
106770000	541
106775000	542
106780000	543
106785000	544
106790000	545
106795000	546
106800000	547
106805000	548
106810000	549
106815000	550
106820000	551
106825000	552
106830000	553
106835000	554
106840000	555
106845000	556
106850000	557
106855000	558
106860000	559
106865000	560
106870000	561
106875000	562
106880000	563
106885000	564
106890000	565
106895000	566
106900000	567
106905000	568
106910000	569
106915000	570
106920000	571
106925000	572
106930000	573
106935000	574
106940000	575
106945000	576
106950000	577
106955000	578
106960000	579
106965000	580
106970000	581
106975000	582
106980000	583
106985000	584
106990000	585
106995000	586
107000000	587
107005000	588
107010000	589
107015000	590
107020000	591
107025000	592
107030000	593
107035000	594
107040000	595
107045000	596
107050000	597
107055000	598
107060000	599
107065000	600
107070000	601
107075000	602
107080000	603
107085000	604
107090000	605
107095000	606
107100000	607
107105000	608
107110000	609
107115000	610
107120000	611
107125000	612
107130000	613
107135000	614
107140000	615
107145000	616
107150000	617
107155000	618
107160000	619
107165000	620
107170000	621
