43490000	0
43495000	1
43500000	2
43505000	3
43510000	4
43515000	5
43520000	6
43525000	7
43530000	8
43535000	9
43540000	10
43545000	11
43550000	12
43555000	13
43560000	14
43565000	15
43570000	16
43575000	17
43580000	18
43585000	19
43590000	20
43595000	21
43600000	22
43605000	23
43610000	24
43615000	25
43620000	26
43625000	27
43630000	28
43635000	29
43640000	30
43645000	31
43650000	32
43655000	33
43660000	34
43665000	35
43670000	36
43675000	37
43680000	38
43685000	39
43690000	40
43695000	41
43700000	42
43705000	43
43710000	44
43715000	45
43720000	46
43725000	47
43730000	48
43735000	49
43740000	50
43745000	51
43750000	52
43755000	53
43760000	54
43765000	55
43770000	56
43775000	57
43780000	58
43785000	59
43790000	60
43795000	61
43800000	62
43805000	63
43810000	64
43815000	65
43820000	66
43825000	67
43830000	68
43835000	69
43840000	70
43845000	71
43850000	72
43855000	73
43860000	74
43865000	75
43870000	76
43875000	77
43880000	78
43885000	79
43890000	80
43895000	81
43900000	82
43905000	83
43910000	84
43915000	85
43920000	86
43925000	87
43930000	88
43935000	89
43940000	90
43945000	91
43950000	92
43955000	93
43960000	94
43965000	95
43970000	96
43975000	97
43980000	98
43985000	99
43990000	100
43995000	101
44000000	102
44005000	103
44010000	104
44015000	105
44020000	106
44025000	107
44030000	108
44035000	109
44040000	110
44045000	111
44050000	112
44055000	113
44060000	114
44065000	115
44070000	116
44075000	117
44080000	118
44085000	119
44090000	120
44095000	121
44100000	122
44105000	123
44110000	124
44115000	125
44120000	126
44125000	127
44130000	128
44135000	129
44140000	130
44145000	131
44150000	132
44155000	133
44160000	134
44165000	135
44170000	136
44175000	137
44180000	138
44185000	139
44190000	140
44195000	141
44200000	142
44205000	143
44210000	144
44215000	145
44220000	146
44225000	147
44230000	148
44235000	149
44240000	150
44245000	151
44250000	152
44255000	153
44260000	154
44265000	155
44270000	156
44275000	157
44280000	158
44285000	159
44290000	160
44295000	161
44300000	162
44305000	163
44310000	164
44315000	165
44320000	166
44325000	167
44330000	168
44335000	169
44340000	170
44345000	171
44350000	172
44355000	173
44360000	174
44365000	175
44370000	176
44375000	177
44380000	178
44385000	179
44390000	180
44395000	181
44400000	182
44405000	183
44410000	184
44415000	185
44420000	186
44425000	187
44430000	188
44435000	189
44440000	190
44445000	191
44450000	192
44455000	193
44460000	194
44465000	195
44470000	196
44475000	197
44480000	198
44485000	199
44490000	200
44495000	201
44500000	202
44505000	203
44510000	204
44515000	205
44520000	206
44525000	207
44530000	208
44535000	209
44540000	210
44545000	211
44550000	212
44555000	213
44560000	214
44565000	215
44570000	216
44575000	217
44580000	218
44585000	219
44590000	220
44595000	221
44600000	222
44605000	223
44610000	224
44615000	225
44620000	226
44625000	227
44630000	228
44635000	229
44640000	230
44645000	231
44650000	232
44655000	233
44660000	234
44665000	235
44670000	236
44675000	237
44680000	238
44685000	239
44690000	240
44695000	241
44700000	242
44705000	243
44710000	244
44715000	245
44720000	246
44725000	247
44730000	248
44735000	249
44740000	250
44745000	251
44750000	252
44755000	253
44760000	254
44765000	255
44770000	256
44775000	257
44780000	258
44785000	259
44790000	260
44795000	261
44800000	262
44805000	263
44810000	264
44815000	265
44820000	266
44825000	267
44830000	268
44835000	269
44840000	270
44845000	271
44850000	272
44855000	273
44860000	274
44865000	275
44870000	276
44875000	277
44880000	278
44885000	279
44890000	280
44895000	281
44900000	282
44905000	283
44910000	284
44915000	285
44920000	286
44925000	287
44930000	288
44935000	289
