61215000	0
61220000	1
61225000	2
61230000	3
61235000	4
61240000	5
61245000	6
61250000	7
61255000	8
61260000	9
61265000	10
61270000	11
61275000	12
61280000	13
61285000	14
61290000	15
61295000	16
61300000	17
61305000	18
61310000	19
61315000	20
61320000	21
61325000	22
61330000	23
61335000	24
61340000	25
61345000	26
61350000	27
61355000	28
61360000	29
61365000	30
61370000	31
61375000	32
61380000	33
61385000	34
61390000	35
61395000	36
61400000	37
61405000	38
61410000	39
61415000	40
61420000	41
61425000	42
61430000	43
61435000	44
61440000	45
61445000	46
61450000	47
61455000	48
61460000	49
61465000	50
61470000	51
61475000	52
61480000	53
61485000	54
61490000	55
61495000	56
61500000	57
61505000	58
61510000	59
61515000	60
61520000	61
61525000	62
61530000	63
61535000	64
61540000	65
61545000	66
61550000	67
61555000	68
61560000	69
61565000	70
61570000	71
61575000	72
61580000	73
61585000	74
61590000	75
61595000	76
61600000	77
61605000	78
61610000	79
61615000	80
61620000	81
61625000	82
61630000	83
61635000	84
61640000	85
61645000	86
61650000	87
61655000	88
61660000	89
61665000	90
61670000	91
61675000	92
61680000	93
61685000	94
61690000	95
61695000	96
61700000	97
61705000	98
61710000	99
61715000	100
61720000	101
61725000	102
61730000	103
61735000	104
61740000	105
61745000	106
61750000	107
61755000	108
61760000	109
61765000	110
61770000	111
61775000	112
61780000	113
61785000	114
61790000	115
61795000	116
61800000	117
61805000	118
61810000	119
61815000	120
61820000	121
61825000	122
61830000	123
61835000	124
61840000	125
61845000	126
61850000	127
61855000	128
61860000	129
61865000	130
61870000	131
61875000	132
61880000	133
61885000	134
61890000	135
61895000	136
61900000	137
61905000	138
61910000	139
61915000	140
