123465000	0
123470000	1
123475000	2
123480000	3
123485000	4
123490000	5
123495000	6
123500000	7
123505000	8
123510000	9
123515000	10
123520000	11
123525000	12
123530000	13
123535000	14
123540000	15
123545000	16
123550000	17
123555000	18
123560000	19
123565000	20
123570000	21
123575000	22
123580000	23
123585000	24
123590000	25
123595000	26
123600000	27
123605000	28
123610000	29
123615000	30
123620000	31
123625000	32
123630000	33
123635000	34
123640000	35
123645000	36
123650000	37
123655000	38
123660000	39
123665000	40
123670000	41
123675000	42
123680000	43
123685000	44
123690000	45
123695000	46
123700000	47
123705000	48
123710000	49
123715000	50
123720000	51
123725000	52
123730000	53
123735000	54
123740000	55
123745000	56
123750000	57
123755000	58
123760000	59
123765000	60
123770000	61
123775000	62
123780000	63
123785000	64
123790000	65
123795000	66
123800000	67
123805000	68
123810000	69
123815000	70
123820000	71
123825000	72
123830000	73
123835000	74
123840000	75
123845000	76
123850000	77
123855000	78
123860000	79
123865000	80
123870000	81
123875000	82
123880000	83
123885000	84
123890000	85
123895000	86
123900000	87
123905000	88
123910000	89
123915000	90
123920000	91
123925000	92
