107875000	0
107880000	1
107885000	2
107890000	3
107895000	4
107900000	5
107905000	6
107910000	7
107915000	8
107920000	9
107925000	10
107930000	11
107935000	12
107940000	13
107945000	14
107950000	15
107955000	16
107960000	17
107965000	18
107970000	19
107975000	20
107980000	21
107985000	22
107990000	23
107995000	24
108000000	25
108005000	26
108010000	27
108015000	28
108020000	29
108025000	30
108030000	31
108035000	32
108040000	33
108045000	34
108050000	35
108055000	36
108060000	37
108065000	38
108070000	39
108075000	40
108080000	41
108085000	42
108090000	43
108095000	44
108100000	45
108105000	46
108110000	47
108115000	48
108120000	49
108125000	50
108130000	51
108135000	52
108140000	53
108145000	54
108150000	55
108155000	56
108160000	57
108165000	58
108170000	59
108175000	60
108180000	61
108185000	62
108190000	63
108195000	64
108200000	65
108205000	66
108210000	67
108215000	68
108220000	69
108225000	70
108230000	71
108235000	72
108240000	73
108245000	74
108250000	75
108255000	76
108260000	77
108265000	78
108270000	79
108275000	80
108280000	81
108285000	82
108290000	83
108295000	84
108300000	85
108305000	86
108310000	87
108315000	88
108320000	89
108325000	90
108330000	91
108335000	92
108340000	93
108345000	94
108350000	95
108355000	96
108360000	97
108365000	98
108370000	99
108375000	100
108380000	101
108385000	102
108390000	103
108395000	104
108400000	105
108405000	106
108410000	107
108415000	108
108420000	109
108425000	110
108430000	111
108435000	112
108440000	113
108445000	114
108450000	115
108455000	116
108460000	117
108465000	118
108470000	119
108475000	120
108480000	121
108485000	122
108490000	123
108495000	124
108500000	125
108505000	126
108510000	127
108515000	128
108520000	129
108525000	130
108530000	131
108535000	132
108540000	133
108545000	134
108550000	135
108555000	136
108560000	137
108565000	138
108570000	139
108575000	140
108580000	141
108585000	142
108590000	143
108595000	144
108600000	145
108605000	146
108610000	147
108615000	148
108620000	149
108625000	150
108630000	151
108635000	152
108640000	153
108645000	154
108650000	155
108655000	156
108660000	157
108665000	158
108670000	159
108675000	160
108680000	161
108685000	162
108690000	163
108695000	164
108700000	165
108705000	166
108710000	167
108715000	168
108720000	169
108725000	170
108730000	171
108735000	172
108740000	173
108745000	174
108750000	175
108755000	176
108760000	177
108765000	178
108770000	179
108775000	180
108780000	181
108785000	182
108790000	183
108795000	184
108800000	185
108805000	186
108810000	187
108815000	188
108820000	189
108825000	190
108830000	191
108835000	192
108840000	193
108845000	194
108850000	195
108855000	196
108860000	197
108865000	198
108870000	199
108875000	200
108880000	201
108885000	202
108890000	203
108895000	204
108900000	205
108905000	206
108910000	207
108915000	208
108920000	209
108925000	210
108930000	211
108935000	212
108940000	213
108945000	214
108950000	215
108955000	216
108960000	217
108965000	218
108970000	219
108975000	220
108980000	221
108985000	222
108990000	223
108995000	224
109000000	225
109005000	226
109010000	227
109015000	228
109020000	229
109025000	230
109030000	231
109035000	232
109040000	233
109045000	234
109050000	235
109055000	236
109060000	237
109065000	238
109070000	239
109075000	240
109080000	241
109085000	242
109090000	243
109095000	244
109100000	245
109105000	246
109110000	247
109115000	248
109120000	249
109125000	250
109130000	251
109135000	252
109140000	253
109145000	254
109150000	255
109155000	256
109160000	257
109165000	258
109170000	259
109175000	260
109180000	261
109185000	262
109190000	263
109195000	264
109200000	265
109205000	266
109210000	267
109215000	268
109220000	269
109225000	270
109230000	271
109235000	272
109240000	273
109245000	274
109250000	275
109255000	276
109260000	277
109265000	278
109270000	279
109275000	280
109280000	281
109285000	282
109290000	283
109295000	284
109300000	285
109305000	286
109310000	287
109315000	288
109320000	289
109325000	290
109330000	291
109335000	292
109340000	293
109345000	294
109350000	295
109355000	296
109360000	297
109365000	298
109370000	299
109375000	300
109380000	301
109385000	302
109390000	303
109395000	304
109400000	305
109405000	306
109410000	307
109415000	308
109420000	309
109425000	310
109430000	311
109435000	312
109440000	313
109445000	314
109450000	315
109455000	316
109460000	317
109465000	318
109470000	319
109475000	320
109480000	321
109485000	322
109490000	323
109495000	324
109500000	325
109505000	326
109510000	327
109515000	328
109520000	329
109525000	330
109530000	331
109535000	332
109540000	333
109545000	334
109550000	335
109555000	336
109560000	337
109565000	338
109570000	339
109575000	340
109580000	341
109585000	342
109590000	343
109595000	344
109600000	345
