86025000	0
86030000	1
86035000	2
86040000	3
86045000	4
86050000	5
86055000	6
86060000	7
86065000	8
86070000	9
86075000	10
86080000	11
86085000	12
86090000	13
86095000	14
86100000	15
86105000	16
86110000	17
86115000	18
86120000	19
86125000	20
86130000	21
86135000	22
86140000	23
86145000	24
86150000	25
86155000	26
86160000	27
86165000	28
86170000	29
86175000	30
86180000	31
86185000	32
86190000	33
86195000	34
86200000	35
86205000	36
86210000	37
86215000	38
86220000	39
86225000	40
86230000	41
86235000	42
86240000	43
86245000	44
86250000	45
86255000	46
86260000	47
86265000	48
86270000	49
86275000	50
86280000	51
86285000	52
86290000	53
86295000	54
86300000	55
86305000	56
86310000	57
86315000	58
86320000	59
86325000	60
86330000	61
86335000	62
86340000	63
86345000	64
86350000	65
86355000	66
86360000	67
86365000	68
86370000	69
86375000	70
86380000	71
86385000	72
86390000	73
86395000	74
86400000	75
86405000	76
86410000	77
86415000	78
86420000	79
86425000	80
86430000	81
86435000	82
86440000	83
86445000	84
86450000	85
86455000	86
86460000	87
86465000	88
86470000	89
86475000	90
86480000	91
86485000	92
86490000	93
86495000	94
86500000	95
86505000	96
86510000	97
86515000	98
86520000	99
86525000	100
86530000	101
86535000	102
86540000	103
86545000	104
86550000	105
86555000	106
86560000	107
86565000	108
86570000	109
86575000	110
86580000	111
86585000	112
86590000	113
86595000	114
86600000	115
86605000	116
86610000	117
86615000	118
86620000	119
86625000	120
86630000	121
86635000	122
86640000	123
86645000	124
