31985000	0
31990000	1
31995000	2
32000000	3
32005000	4
32010000	5
32015000	6
32020000	7
32025000	8
32030000	9
32035000	10
32040000	11
32045000	12
32050000	13
32055000	14
32060000	15
32065000	16
32070000	17
32075000	18
32080000	19
32085000	20
32090000	21
32095000	22
32100000	23
32105000	24
32110000	25
32115000	26
32120000	27
32125000	28
32130000	29
32135000	30
32140000	31
32145000	32
32150000	33
32155000	34
32160000	35
32165000	36
32170000	37
32175000	38
32180000	39
32185000	40
32190000	41
32195000	42
32200000	43
32205000	44
32210000	45
32215000	46
32220000	47
32225000	48
32230000	49
32235000	50
32240000	51
32245000	52
32250000	53
32255000	54
32260000	55
32265000	56
32270000	57
32275000	58
32280000	59
32285000	60
32290000	61
32295000	62
32300000	63
32305000	64
32310000	65
32315000	66
