84080000	0
84085000	1
84090000	2
84095000	3
84100000	4
84105000	5
84110000	6
84115000	7
84120000	8
84125000	9
84130000	10
84135000	11
84140000	12
84145000	13
84150000	14
84155000	15
84160000	16
84165000	17
84170000	18
84175000	19
84180000	20
84185000	21
84190000	22
84195000	23
84200000	24
84205000	25
84210000	26
84215000	27
84220000	28
84225000	29
84230000	30
84235000	31
84240000	32
84245000	33
84250000	34
84255000	35
84260000	36
84265000	37
84270000	38
84275000	39
84280000	40
84285000	41
84290000	42
84295000	43
84300000	44
84305000	45
84310000	46
84315000	47
84320000	48
84325000	49
84330000	50
84335000	51
84340000	52
84345000	53
84350000	54
84355000	55
84360000	56
84365000	57
84370000	58
84375000	59
84380000	60
84385000	61
84390000	62
84395000	63
84400000	64
84405000	65
84410000	66
84415000	67
84420000	68
84425000	69
84430000	70
84435000	71
84440000	72
84445000	73
84450000	74
84455000	75
84460000	76
84465000	77
84470000	78
84475000	79
84480000	80
84485000	81
84490000	82
84495000	83
84500000	84
84505000	85
84510000	86
84515000	87
84520000	88
84525000	89
84530000	90
84535000	91
84540000	92
84545000	93
84550000	94
84555000	95
84560000	96
84565000	97
84570000	98
84575000	99
84580000	100
84585000	101
84590000	102
84595000	103
84600000	104
84605000	105
84610000	106
84615000	107
84620000	108
84625000	109
84630000	110
84635000	111
84640000	112
84645000	113
84650000	114
84655000	115
84660000	116
84665000	117
84670000	118
84675000	119
84680000	120
84685000	121
84690000	122
84695000	123
84700000	124
84705000	125
84710000	126
84715000	127
84720000	128
84725000	129
84730000	130
84735000	131
84740000	132
84745000	133
84750000	134
84755000	135
84760000	136
84765000	137
84770000	138
84775000	139
84780000	140
84785000	141
84790000	142
84795000	143
84800000	144
84805000	145
84810000	146
84815000	147
84820000	148
84825000	149
84830000	150
84835000	151
84840000	152
84845000	153
84850000	154
84855000	155
84860000	156
84865000	157
84870000	158
84875000	159
84880000	160
84885000	161
84890000	162
84895000	163
84900000	164
84905000	165
84910000	166
84915000	167
84920000	168
84925000	169
84930000	170
84935000	171
84940000	172
84945000	173
84950000	174
84955000	175
84960000	176
84965000	177
84970000	178
84975000	179
84980000	180
84985000	181
84990000	182
84995000	183
85000000	184
85005000	185
85010000	186
85015000	187
85020000	188
85025000	189
85030000	190
85035000	191
85040000	192
85045000	193
85050000	194
85055000	195
85060000	196
85065000	197
85070000	198
85075000	199
85080000	200
85085000	201
85090000	202
85095000	203
85100000	204
85105000	205
85110000	206
85115000	207
85120000	208
85125000	209
85130000	210
85135000	211
85140000	212
85145000	213
85150000	214
85155000	215
85160000	216
85165000	217
85170000	218
85175000	219
85180000	220
85185000	221
85190000	222
85195000	223
85200000	224
85205000	225
85210000	226
85215000	227
85220000	228
85225000	229
85230000	230
85235000	231
85240000	232
85245000	233
85250000	234
85255000	235
85260000	236
85265000	237
85270000	238
85275000	239
85280000	240
85285000	241
