44945000	0
44950000	1
44955000	2
44960000	3
44965000	4
44970000	5
44975000	6
44980000	7
44985000	8
44990000	9
44995000	10
45000000	11
45005000	12
45010000	13
45015000	14
45020000	15
45025000	16
45030000	17
45035000	18
45040000	19
45045000	20
45050000	21
45055000	22
45060000	23
45065000	24
45070000	25
45075000	26
45080000	27
45085000	28
45090000	29
45095000	30
45100000	31
45105000	32
45110000	33
45115000	34
45120000	35
45125000	36
45130000	37
45135000	38
45140000	39
45145000	40
45150000	41
45155000	42
45160000	43
45165000	44
45170000	45
45175000	46
45180000	47
45185000	48
45190000	49
45195000	50
45200000	51
45205000	52
45210000	53
45215000	54
45220000	55
45225000	56
45230000	57
45235000	58
45240000	59
45245000	60
45250000	61
45255000	62
45260000	63
45265000	64
45270000	65
45275000	66
45280000	67
45285000	68
45290000	69
45295000	70
45300000	71
45305000	72
45310000	73
45315000	74
45320000	75
45325000	76
45330000	77
45335000	78
45340000	79
45345000	80
45350000	81
45355000	82
45360000	83
45365000	84
45370000	85
45375000	86
45380000	87
45385000	88
45390000	89
45395000	90
45400000	91
45405000	92
45410000	93
45415000	94
45420000	95
45425000	96
45430000	97
45435000	98
45440000	99
45445000	100
45450000	101
45455000	102
45460000	103
45465000	104
45470000	105
45475000	106
45480000	107
45485000	108
45490000	109
45495000	110
45500000	111
45505000	112
45510000	113
45515000	114
45520000	115
45525000	116
45530000	117
45535000	118
45540000	119
45545000	120
45550000	121
45555000	122
45560000	123
45565000	124
45570000	125
45575000	126
45580000	127
45585000	128
45590000	129
45595000	130
45600000	131
45605000	132
45610000	133
45615000	134
45620000	135
45625000	136
45630000	137
45635000	138
45640000	139
45645000	140
45650000	141
45655000	142
45660000	143
45665000	144
45670000	145
45675000	146
45680000	147
45685000	148
45690000	149
45695000	150
45700000	151
45705000	152
45710000	153
45715000	154
45720000	155
45725000	156
45730000	157
45735000	158
45740000	159
45745000	160
45750000	161
45755000	162
45760000	163
45765000	164
45770000	165
45775000	166
45780000	167
45785000	168
45790000	169
45795000	170
45800000	171
45805000	172
45810000	173
45815000	174
45820000	175
45825000	176
45830000	177
45835000	178
45840000	179
45845000	180
45850000	181
45855000	182
45860000	183
45865000	184
45870000	185
45875000	186
45880000	187
45885000	188
45890000	189
45895000	190
45900000	191
45905000	192
45910000	193
45915000	194
45920000	195
45925000	196
45930000	197
45935000	198
45940000	199
