2190000	0
2195000	1
2200000	2
2205000	3
2210000	4
2215000	5
2220000	6
2225000	7
2230000	8
2235000	9
2240000	10
2245000	11
2250000	12
2255000	13
2260000	14
2265000	15
2270000	16
2275000	17
2280000	18
2285000	19
2290000	20
2295000	21
2300000	22
2305000	23
2310000	24
2315000	25
2320000	26
2325000	27
2330000	28
2335000	29
2340000	30
2345000	31
2350000	32
2355000	33
2360000	34
2365000	35
2370000	36
2375000	37
2380000	38
2385000	39
2390000	40
2395000	41
2400000	42
2405000	43
2410000	44
2415000	45
2420000	46
2425000	47
2430000	48
2435000	49
2440000	50
2445000	51
2450000	52
2455000	53
2460000	54
2465000	55
2470000	56
2475000	57
2480000	58
2485000	59
2490000	60
2495000	61
2500000	62
2505000	63
2510000	64
2515000	65
2520000	66
2525000	67
2530000	68
2535000	69
2540000	70
2545000	71
2550000	72
2555000	73
2560000	74
2565000	75
2570000	76
2575000	77
2580000	78
2585000	79
2590000	80
2595000	81
2600000	82
2605000	83
2610000	84
2615000	85
2620000	86
2625000	87
2630000	88
2635000	89
2640000	90
2645000	91
2650000	92
2655000	93
2660000	94
2665000	95
2670000	96
2675000	97
2680000	98
2685000	99
2690000	100
2695000	101
2700000	102
2705000	103
2710000	104
2715000	105
2720000	106
2725000	107
2730000	108
2735000	109
2740000	110
2745000	111
2750000	112
2755000	113
2760000	114
2765000	115
2770000	116
2775000	117
2780000	118
2785000	119
2790000	120
2795000	121
2800000	122
2805000	123
2810000	124
2815000	125
2820000	126
2825000	127
2830000	128
2835000	129
2840000	130
2845000	131
2850000	132
2855000	133
2860000	134
2865000	135
2870000	136
2875000	137
2880000	138
2885000	139
2890000	140
2895000	141
2900000	142
2905000	143
2910000	144
2915000	145
2920000	146
2925000	147
2930000	148
2935000	149
2940000	150
2945000	151
2950000	152
