4165000	0
4166000	1
4167000	2
4168000	3
4169000	4
4170000	5
4171000	6
4172000	7
4173000	8
4174000	9
4175000	10
4176000	11
4177000	12
4178000	13
4179000	14
4180000	15
4181000	16
4182000	17
4183000	18
4184000	19
4185000	20
4186000	21
4187000	22
4188000	23
4189000	24
4190000	25
4191000	26
4193000	27
4196000	28
4197000	29
4198000	30
4199000	31
4200000	32
4201000	33
4202000	34
4203000	35
4204000	36
4205000	37
4206000	38
4207000	39
4208000	40
4209000	41
4210000	42
4211000	43
4212000	44
4213000	45
4214000	46
4215000	47
4216000	48
4217000	49
4218000	50
4219000	51
4220000	52
4221000	53
4222000	54
4223000	55
4224000	56
4225000	57
4226000	58
4227000	59
4228000	60
4229000	61
4230000	62
4231000	63
4232000	64
4233000	65
4234000	66
4235000	67
4236000	68
4237000	69
4238000	70
4239000	71
4240000	72
4241000	73
4242000	74
4243000	75
4244000	76
4245000	77
4246000	78
4247000	79
4248000	80
4249000	81
4252000	82
4253000	83
4255000	84
4256000	85
4257000	86
4258000	87
4259000	88
4260000	89
4261000	90
4262000	91
4264000	92
4265000	93
4266000	94
4267000	95
4268000	96
4269000	97
4270000	98
4271000	99
4272000	100
4273000	101
4274000	102
4275000	103
4276000	104
4277000	105
4279000	106
4280000	107
4281000	108
4282000	109
4283000	110
4295000	111
4296000	112
4297000	113
4301000	114
4304000	115
4306000	116
4307000	117
4308000	118
4311000	119
4319000	120
4320000	121
4321000	122
4323000	123
4324000	124
4325000	125
4326000	126
4327000	127
4328000	128
4329000	129
4332000	130
4333000	131
4334000	132
4335000	133
4336000	134
4338000	135
4339000	136
4340000	137
4341000	138
4342000	139
4343000	140
4344000	141
4345000	142
4346000	143
4347000	144
4348000	145
4349000	146
4350000	147
4351000	148
4352000	149
4353000	150
4358000	151
4359000	152
4361000	153
4362000	154
4364000	155
4365000	156
4366000	157
4367000	158
4368000	159
4369000	160
4370000	161
4372000	162
4373000	163
4375000	164
4376000	165
4377000	166
4378000	167
4379000	168
4380000	169
4381000	170
4382000	171
4383000	172
4384000	173
4385000	174
4386000	175
4387000	176
4388000	177
4389000	178
4390000	179
4391000	180
4392000	181
4393000	182
4394000	183
4395000	184
4396000	185
4397000	186
4398000	187
4399000	188
4400000	189
4401000	190
4402000	191
4403000	192
4404000	193
4405000	194
4406000	195
4407000	196
4408000	197
4409000	198
4410000	199
4411000	200
4412000	201
4413000	202
4414000	203
4415000	204
4416000	205
4417000	206
4418000	207
4419000	208
4420000	209
4421000	210
4422000	211
4423000	212
4424000	213
4425000	214
4426000	215
4427000	216
4428000	217
4429000	218
4430000	219
4431000	220
4432000	221
4433000	222
4434000	223
4435000	224
4436000	225
4437000	226
4438000	227
4439000	228
4440000	229
4441000	230
4442000	231
4443000	232
4444000	233
4445000	234
4446000	235
4447000	236
4448000	237
4449000	238
4450000	239
4451000	240
4452000	241
4453000	242
4454000	243
4455000	244
4456000	245
4457000	246
4458000	247
4459000	248
4460000	249
4461000	250
4462000	251
4463000	252
4464000	253
4465000	254
4466000	255
4467000	256
4468000	257
4469000	258
4470000	259
4471000	260
4472000	261
4473000	262
4474000	263
4475000	264
4476000	265
4477000	266
4478000	267
4479000	268
4480000	269
4481000	270
4482000	271
4483000	272
4484000	273
4485000	274
4486000	275
4487000	276
4488000	277
4489000	278
4490000	279
4491000	280
4492000	281
4493000	282
4494000	283
4495000	284
4496000	285
4497000	286
4498000	287
4499000	288
4500000	289
4501000	290
4502000	291
4503000	292
4504000	293
4505000	294
4506000	295
4507000	296
4508000	297
4509000	298
4510000	299
4511000	300
4512000	301
4513000	302
4514000	303
4515000	304
4516000	305
4517000	306
4518000	307
4519000	308
4520000	309
4521000	310
4522000	311
4523000	312
4524000	313
4525000	314
4526000	315
4527000	316
4528000	317
4529000	318
4530000	319
4531000	320
4532000	321
4533000	322
4534000	323
4535000	324
4536000	325
4537000	326
4538000	327
4539000	328
4540000	329
4541000	330
4542000	331
4543000	332
4544000	333
4545000	334
4546000	335
4547000	336
4548000	337
4549000	338
4550000	339
4551000	340
4552000	341
4553000	342
4554000	343
4555000	344
4556000	345
4557000	346
4558000	347
4559000	348
4560000	349
4561000	350
4562000	351
4563000	352
4564000	353
4565000	354
4566000	355
4567000	356
4568000	357
4569000	358
4570000	359
4571000	360
4572000	361
4573000	362
4574000	363
4575000	364
4576000	365
4577000	366
4578000	367
4579000	368
4580000	369
4581000	370
4582000	371
4583000	372
4584000	373
4585000	374
4586000	375
4587000	376
4588000	377
4589000	378
4590000	379
4591000	380
4592000	381
4593000	382
4594000	383
4595000	384
4596000	385
4597000	386
4598000	387
4599000	388
4600000	389
4601000	390
4602000	391
4603000	392
4604000	393
4605000	394
4606000	395
4607000	396
4608000	397
4609000	398
4610000	399
