152895000	0
152900000	1
152905000	2
152910000	3
152915000	4
152920000	5
152925000	6
152930000	7
152935000	8
152940000	9
152945000	10
152950000	11
152955000	12
152960000	13
152965000	14
152970000	15
152975000	16
152980000	17
152985000	18
152990000	19
152995000	20
153000000	21
153005000	22
153010000	23
153015000	24
153020000	25
153025000	26
153030000	27
153035000	28
153040000	29
153045000	30
153050000	31
153055000	32
153060000	33
153065000	34
153070000	35
153075000	36
153080000	37
153085000	38
153090000	39
153095000	40
153100000	41
153105000	42
153110000	43
153115000	44
153120000	45
153125000	46
153130000	47
153135000	48
153140000	49
153145000	50
153150000	51
153155000	52
153160000	53
153165000	54
153170000	55
153175000	56
153180000	57
153185000	58
153190000	59
153195000	60
153200000	61
153205000	62
153210000	63
153215000	64
153220000	65
153225000	66
153230000	67
153235000	68
153240000	69
153245000	70
153250000	71
153255000	72
153260000	73
153265000	74
153270000	75
153275000	76
153280000	77
153285000	78
153290000	79
153295000	80
153300000	81
153305000	82
153310000	83
153315000	84
153320000	85
153325000	86
153330000	87
153335000	88
153340000	89
153345000	90
153350000	91
153355000	92
153360000	93
153365000	94
153370000	95
153375000	96
153380000	97
153385000	98
153390000	99
153395000	100
153400000	101
153405000	102
153410000	103
153415000	104
153420000	105
153425000	106
153430000	107
153435000	108
153440000	109
153445000	110
153450000	111
153455000	112
153460000	113
153465000	114
153470000	115
153475000	116
153480000	117
153485000	118
153490000	119
153495000	120
153500000	121
153505000	122
