76310000	0
76315000	1
76320000	2
76325000	3
76330000	4
76335000	5
76340000	6
76345000	7
76350000	8
76355000	9
76360000	10
76365000	11
76370000	12
76375000	13
76380000	14
76385000	15
76390000	16
76395000	17
76400000	18
76405000	19
76410000	20
76415000	21
76420000	22
76425000	23
76430000	24
76435000	25
76440000	26
76445000	27
76450000	28
76455000	29
76460000	30
76465000	31
76470000	32
76475000	33
76480000	34
76485000	35
76490000	36
76495000	37
76500000	38
76505000	39
76510000	40
76515000	41
76520000	42
76525000	43
76530000	44
76535000	45
76540000	46
76545000	47
76550000	48
76555000	49
76560000	50
