152915000	0
152920000	1
152925000	2
152930000	3
152935000	4
152940000	5
152945000	6
152950000	7
152955000	8
152960000	9
152965000	10
152970000	11
152975000	12
152980000	13
152985000	14
152990000	15
152995000	16
153000000	17
153005000	18
153010000	19
153015000	20
153020000	21
153025000	22
153030000	23
153035000	24
153040000	25
153045000	26
153050000	27
153055000	28
153060000	29
153065000	30
153070000	31
153075000	32
153080000	33
153085000	34
153090000	35
153095000	36
153100000	37
153105000	38
153110000	39
153115000	40
153120000	41
153125000	42
153130000	43
153135000	44
153140000	45
153145000	46
153150000	47
153155000	48
153160000	49
153165000	50
153170000	51
153175000	52
153180000	53
153185000	54
153190000	55
153195000	56
153200000	57
153205000	58
153210000	59
153215000	60
153220000	61
153225000	62
153230000	63
153235000	64
153240000	65
153245000	66
153250000	67
153255000	68
153260000	69
153265000	70
153270000	71
153275000	72
153280000	73
153285000	74
153290000	75
153295000	76
153300000	77
153305000	78
153310000	79
153315000	80
