111981000	0
111982000	1
111983000	2
111984000	3
111985000	4
111986000	5
111987000	6
111988000	7
111989000	8
111990000	9
111991000	10
111992000	11
111993000	12
111994000	13
111995000	14
111996000	15
111997000	16
111998000	17
111999000	18
112000000	19
112001000	20
112002000	21
112003000	22
112004000	23
112005000	24
112006000	25
112007000	26
112008000	27
112009000	28
112010000	29
112011000	30
112012000	31
112013000	32
112014000	33
112015000	34
112016000	35
112017000	36
112018000	37
112019000	38
112020000	39
112021000	40
112022000	41
112023000	42
112024000	43
112025000	44
112026000	45
112027000	46
112028000	47
112029000	48
112030000	49
112031000	50
112032000	51
112033000	52
112034000	53
112035000	54
112036000	55
112037000	56
112038000	57
112039000	58
112040000	59
112041000	60
112042000	61
112043000	62
112044000	63
112045000	64
112046000	65
112047000	66
112048000	67
112049000	68
112050000	69
112051000	70
112052000	71
112053000	72
112054000	73
112055000	74
112056000	75
112057000	76
112058000	77
112059000	78
112060000	79
112061000	80
112062000	81
112063000	82
112064000	83
112065000	84
112066000	85
112067000	86
112068000	87
112069000	88
112070000	89
112071000	90
112072000	91
112073000	92
112074000	93
112075000	94
112076000	95
112077000	96
112078000	97
112079000	98
112080000	99
112081000	100
112082000	101
112083000	102
112084000	103
112085000	104
112086000	105
112087000	106
112088000	107
112089000	108
112090000	109
112091000	110
112092000	111
112093000	112
112094000	113
112095000	114
112096000	115
112097000	116
112098000	117
112099000	118
112100000	119
112101000	120
112102000	121
112103000	122
112104000	123
112105000	124
112106000	125
112107000	126
112108000	127
112109000	128
112110000	129
112111000	130
112112000	131
112113000	132
112114000	133
112115000	134
112116000	135
112117000	136
112118000	137
112119000	138
112120000	139
112121000	140
112122000	141
112123000	142
112124000	143
112125000	144
112126000	145
112127000	146
112128000	147
112129000	148
112130000	149
112131000	150
112132000	151
112133000	152
112134000	153
112135000	154
112136000	155
112137000	156
112138000	157
112139000	158
112140000	159
112141000	160
112142000	161
112143000	162
112144000	163
112145000	164
112146000	165
112147000	166
112148000	167
112149000	168
112150000	169
112151000	170
112152000	171
112153000	172
112154000	173
112155000	174
112156000	175
112157000	176
112158000	177
112159000	178
112160000	179
112161000	180
112162000	181
112163000	182
112164000	183
112165000	184
112166000	185
112167000	186
112168000	187
112169000	188
112170000	189
112171000	190
112172000	191
112173000	192
112174000	193
112175000	194
112176000	195
112177000	196
112178000	197
112179000	198
112180000	199
112181000	200
112182000	201
112183000	202
112184000	203
112185000	204
112186000	205
112187000	206
112188000	207
112189000	208
112190000	209
112191000	210
112192000	211
112193000	212
112194000	213
112195000	214
112196000	215
112197000	216
112198000	217
112199000	218
112200000	219
112201000	220
112202000	221
112203000	222
112204000	223
112205000	224
112206000	225
112207000	226
112208000	227
112209000	228
112210000	229
112211000	230
112212000	231
112213000	232
112214000	233
112215000	234
112216000	235
112217000	236
112218000	237
112219000	238
112220000	239
112221000	240
112222000	241
112223000	242
112224000	243
112225000	244
112226000	245
112227000	246
112228000	247
112229000	248
112230000	249
112231000	250
112232000	251
112233000	252
112234000	253
112235000	254
112236000	255
112237000	256
112238000	257
112239000	258
112240000	259
112241000	260
112242000	261
112243000	262
112244000	263
112245000	264
112246000	265
112247000	266
112248000	267
112249000	268
112250000	269
112251000	270
112252000	271
112253000	272
112254000	273
112255000	274
112256000	275
112257000	276
112258000	277
112259000	278
112260000	279
112261000	280
112262000	281
112263000	282
112264000	283
112265000	284
112266000	285
112267000	286
112268000	287
112269000	288
112270000	289
112271000	290
112272000	291
112273000	292
112274000	293
112275000	294
112276000	295
112277000	296
112278000	297
112279000	298
112280000	299
112281000	300
112282000	301
112283000	302
112284000	303
112285000	304
112286000	305
112287000	306
112288000	307
112289000	308
112290000	309
112291000	310
112292000	311
112293000	312
112294000	313
112295000	314
112296000	315
112297000	316
112298000	317
112299000	318
112300000	319
112301000	320
112302000	321
112303000	322
112304000	323
112305000	324
112306000	325
112307000	326
112308000	327
112309000	328
112310000	329
112311000	330
112312000	331
112313000	332
112314000	333
112315000	334
