152990000	0
152995000	1
153000000	2
153005000	3
153010000	4
153015000	5
153020000	6
153025000	7
153030000	8
153035000	9
153040000	10
153045000	11
153050000	12
153055000	13
153060000	14
153065000	15
153070000	16
153075000	17
153080000	18
153085000	19
153090000	20
153095000	21
153100000	22
153105000	23
153110000	24
153115000	25
153120000	26
153125000	27
153130000	28
153135000	29
153140000	30
153145000	31
153150000	32
153155000	33
153160000	34
153165000	35
153170000	36
153175000	37
153180000	38
153185000	39
153190000	40
153195000	41
153200000	42
153205000	43
153210000	44
153215000	45
153220000	46
153225000	47
153230000	48
153235000	49
153240000	50
153245000	51
153250000	52
153255000	53
153260000	54
153265000	55
153270000	56
153275000	57
153280000	58
153285000	59
153290000	60
153295000	61
153300000	62
153305000	63
153310000	64
153315000	65
153320000	66
153325000	67
153330000	68
153335000	69
153340000	70
153345000	71
153350000	72
153355000	73
153360000	74
