131650000	0
131655000	1
131660000	2
131665000	3
131670000	4
131675000	5
131680000	6
131685000	7
131690000	8
131695000	9
131700000	10
131705000	11
131710000	12
131715000	13
131720000	14
131725000	15
131730000	16
131735000	17
131740000	18
131745000	19
131750000	20
131755000	21
131760000	22
131765000	23
131770000	24
131775000	25
131780000	26
131785000	27
131790000	28
131795000	29
131800000	30
131805000	31
131810000	32
131815000	33
131820000	34
131825000	35
131830000	36
131835000	37
131840000	38
131845000	39
131850000	40
131855000	41
131860000	42
131865000	43
131870000	44
131875000	45
131880000	46
131885000	47
131890000	48
131895000	49
131900000	50
131905000	51
131910000	52
131915000	53
131920000	54
131925000	55
131930000	56
131935000	57
131940000	58
131945000	59
131950000	60
131955000	61
131960000	62
131965000	63
131970000	64
131975000	65
131980000	66
131985000	67
131990000	68
131995000	69
132000000	70
132005000	71
132010000	72
132015000	73
