26701000	0
26702000	1
26703000	2
26704000	3
26705000	4
26706000	5
26707000	6
26708000	7
26709000	8
26710000	9
26711000	10
26712000	11
26713000	12
26714000	13
26715000	14
26716000	15
26717000	16
26718000	17
26719000	18
26720000	19
26721000	20
26722000	21
26723000	22
26724000	23
26725000	24
26726000	25
26727000	26
26728000	27
26729000	28
26730000	29
26731000	30
26732000	31
26733000	32
26734000	33
26735000	34
26736000	35
26737000	36
26738000	37
26739000	38
26740000	39
26741000	40
26742000	41
26743000	42
26744000	43
26745000	44
26746000	45
26747000	46
26748000	47
26749000	48
26750000	49
26751000	50
26752000	51
26753000	52
26754000	53
26755000	54
26756000	55
26757000	56
26758000	57
26759000	58
26760000	59
26761000	60
26762000	61
26763000	62
26764000	63
26765000	64
26766000	65
26767000	66
26768000	67
26769000	68
26770000	69
26771000	70
26772000	71
26773000	72
26774000	73
