225635000	0
225636000	1
225637000	2
225638000	3
225639000	4
225640000	5
225641000	6
225642000	7
225643000	8
225644000	9
225645000	10
225646000	11
225647000	12
225648000	13
225649000	14
225650000	15
225651000	16
225652000	17
225653000	18
225654000	19
225655000	20
225656000	21
225657000	22
225658000	23
225659000	24
225660000	25
225661000	26
225662000	27
225663000	28
225664000	29
225665000	30
225666000	31
225667000	32
225668000	33
225669000	34
225670000	35
225671000	36
225672000	37
225673000	38
225674000	39
225675000	40
225676000	41
225677000	42
225678000	43
225679000	44
225680000	45
225681000	46
225682000	47
225683000	48
225684000	49
225685000	50
225686000	51
225687000	52
225688000	53
225689000	54
225690000	55
225691000	56
225692000	57
225693000	58
225694000	59
225695000	60
225696000	61
225697000	62
225698000	63
225699000	64
225700000	65
225701000	66
225702000	67
225703000	68
225704000	69
225705000	70
225706000	71
225707000	72
225708000	73
225709000	74
225710000	75
225711000	76
225712000	77
225713000	78
225714000	79
225715000	80
225716000	81
225717000	82
225718000	83
225719000	84
225720000	85
225721000	86
225722000	87
225723000	88
225724000	89
225725000	90
225726000	91
225727000	92
225728000	93
225729000	94
225730000	95
225731000	96
225732000	97
225733000	98
225734000	99
225735000	100
225736000	101
225737000	102
225738000	103
225739000	104
225740000	105
225741000	106
225742000	107
225743000	108
225744000	109
225745000	110
225746000	111
225747000	112
225748000	113
225749000	114
225750000	115
225751000	116
225752000	117
225753000	118
225754000	119
225755000	120
225756000	121
225757000	122
225758000	123
225759000	124
225760000	125
225761000	126
225762000	127
225763000	128
225764000	129
225765000	130
225766000	131
225767000	132
225768000	133
225769000	134
225770000	135
225771000	136
225772000	137
225773000	138
225774000	139
225775000	140
225776000	141
225777000	142
225778000	143
225779000	144
225780000	145
225781000	146
225782000	147
225783000	148
225784000	149
225785000	150
225786000	151
225787000	152
225788000	153
225789000	154
225790000	155
225791000	156
225792000	157
225793000	158
225794000	159
225795000	160
225796000	161
225797000	162
225798000	163
225799000	164
225800000	165
225801000	166
225802000	167
225803000	168
225804000	169
225805000	170
225806000	171
225807000	172
225808000	173
225809000	174
225810000	175
225811000	176
225812000	177
225813000	178
225814000	179
225815000	180
225816000	181
225817000	182
225818000	183
225819000	184
225820000	185
225821000	186
225822000	187
225823000	188
225824000	189
225825000	190
225826000	191
225827000	192
225828000	193
225829000	194
225830000	195
225831000	196
225832000	197
225833000	198
225834000	199
225835000	200
225836000	201
225837000	202
225838000	203
225839000	204
225840000	205
225841000	206
225842000	207
225843000	208
225844000	209
225845000	210
225846000	211
225847000	212
225848000	213
225849000	214
225850000	215
225851000	216
225852000	217
225853000	218
225854000	219
225855000	220
225856000	221
225857000	222
225858000	223
225859000	224
225860000	225
225861000	226
225862000	227
225863000	228
225864000	229
225865000	230
225866000	231
225867000	232
225868000	233
225869000	234
225870000	235
225871000	236
225872000	237
225873000	238
225874000	239
225875000	240
225876000	241
225877000	242
225878000	243
225879000	244
225880000	245
225881000	246
225882000	247
225883000	248
225884000	249
225885000	250
225886000	251
225887000	252
225888000	253
225889000	254
225890000	255
225891000	256
225892000	257
225893000	258
225894000	259
225895000	260
225896000	261
225897000	262
225898000	263
225899000	264
225900000	265
225901000	266
225902000	267
225903000	268
225904000	269
225905000	270
225906000	271
225907000	272
225908000	273
225909000	274
225910000	275
225911000	276
225912000	277
225913000	278
225914000	279
225915000	280
225916000	281
225917000	282
225918000	283
225919000	284
225920000	285
225921000	286
225922000	287
225923000	288
225924000	289
225925000	290
225926000	291
225927000	292
225928000	293
225929000	294
225930000	295
225931000	296
225932000	297
225933000	298
225934000	299
225935000	300
225936000	301
225937000	302
225938000	303
225939000	304
225940000	305
225941000	306
225942000	307
225943000	308
225944000	309
225945000	310
225946000	311
225947000	312
225948000	313
225949000	314
225950000	315
225951000	316
225952000	317
225953000	318
225954000	319
225955000	320
225956000	321
225957000	322
225958000	323
225959000	324
225960000	325
225961000	326
225962000	327
225963000	328
225964000	329
225965000	330
225966000	331
225967000	332
225968000	333
225969000	334
225970000	335
225971000	336
225972000	337
225973000	338
225974000	339
225975000	340
225976000	341
225977000	342
225978000	343
225979000	344
225980000	345
225981000	346
225982000	347
225983000	348
225984000	349
225985000	350
225986000	351
225987000	352
225988000	353
225989000	354
225990000	355
225991000	356
225992000	357
225993000	358
225994000	359
225995000	360
225996000	361
225997000	362
225998000	363
225999000	364
226000000	365
226001000	366
226002000	367
226003000	368
226004000	369
226005000	370
226006000	371
226007000	372
226008000	373
226009000	374
226010000	375
226011000	376
226012000	377
226013000	378
226014000	379
226015000	380
226016000	381
226017000	382
226018000	383
226019000	384
226020000	385
226021000	386
226022000	387
226023000	388
226024000	389
226025000	390
226026000	391
226027000	392
226028000	393
226029000	394
226030000	395
226031000	396
226032000	397
226033000	398
226034000	399
226035000	400
226036000	401
226037000	402
226038000	403
226039000	404
226040000	405
226041000	406
226042000	407
226043000	408
226044000	409
226045000	410
226046000	411
226047000	412
226048000	413
226049000	414
226050000	415
226051000	416
226052000	417
226053000	418
226054000	419
226055000	420
226056000	421
226057000	422
226058000	423
226059000	424
226060000	425
226061000	426
226062000	427
226063000	428
226064000	429
226065000	430
226066000	431
226067000	432
226068000	433
226069000	434
226070000	435
226071000	436
226072000	437
226073000	438
226074000	439
226075000	440
226076000	441
226077000	442
226078000	443
226079000	444
226080000	445
226081000	446
226082000	447
226083000	448
226084000	449
226085000	450
226086000	451
226087000	452
226088000	453
226089000	454
226090000	455
226091000	456
226092000	457
226093000	458
226094000	459
226095000	460
226096000	461
226097000	462
226098000	463
226099000	464
226100000	465
226101000	466
226102000	467
226103000	468
226104000	469
226105000	470
226106000	471
226107000	472
226108000	473
226109000	474
226110000	475
226111000	476
226112000	477
226113000	478
226114000	479
226115000	480
226116000	481
226117000	482
226118000	483
226119000	484
226120000	485
226121000	486
226122000	487
226123000	488
226124000	489
226125000	490
226126000	491
226127000	492
226128000	493
226129000	494
226130000	495
226131000	496
226132000	497
226133000	498
226134000	499
226135000	500
226136000	501
226137000	502
226138000	503
226139000	504
226140000	505
226141000	506
226142000	507
226143000	508
226144000	509
226145000	510
226146000	511
226147000	512
226148000	513
226149000	514
226150000	515
226151000	516
226152000	517
226153000	518
226154000	519
226155000	520
226156000	521
226157000	522
226158000	523
226159000	524
226160000	525
226161000	526
226162000	527
226163000	528
226164000	529
226165000	530
226166000	531
226167000	532
226168000	533
226169000	534
226170000	535
226171000	536
226172000	537
226173000	538
226174000	539
226175000	540
226176000	541
226177000	542
226178000	543
226179000	544
226180000	545
226181000	546
226182000	547
226183000	548
226184000	549
226185000	550
226186000	551
226187000	552
226188000	553
226189000	554
226190000	555
226191000	556
226192000	557
226193000	558
226194000	559
226195000	560
226196000	561
226197000	562
226198000	563
226199000	564
226200000	565
226201000	566
226202000	567
226203000	568
226204000	569
226205000	570
226206000	571
226207000	572
226208000	573
226209000	574
226210000	575
226211000	576
226212000	577
226213000	578
226214000	579
226215000	580
226216000	581
226217000	582
226218000	583
226219000	584
226220000	585
226221000	586
226222000	587
226223000	588
226224000	589
226225000	590
226226000	591
226227000	592
226228000	593
226229000	594
226230000	595
226231000	596
226232000	597
226233000	598
226234000	599
226235000	600
226236000	601
226237000	602
226238000	603
226239000	604
226240000	605
226241000	606
226242000	607
226243000	608
226244000	609
226245000	610
226246000	611
226247000	612
226248000	613
226249000	614
226251000	615
226252000	616
226253000	617
226254000	618
226255000	619
226256000	620
226257000	621
226258000	622
226259000	623
226260000	624
226261000	625
226262000	626
226263000	627
226264000	628
226265000	629
226266000	630
226267000	631
226268000	632
226269000	633
226270000	634
226271000	635
226272000	636
226273000	637
226274000	638
226275000	639
226276000	640
226277000	641
226278000	642
226279000	643
226280000	644
226281000	645
226282000	646
226283000	647
226284000	648
226285000	649
226286000	650
226287000	651
226288000	652
226289000	653
226290000	654
226291000	655
226292000	656
226293000	657
226294000	658
226295000	659
226296000	660
226297000	661
226298000	662
226299000	663
226300000	664
226301000	665
226302000	666
226303000	667
226304000	668
226305000	669
226306000	670
226307000	671
226308000	672
226309000	673
226310000	674
226311000	675
226312000	676
226313000	677
226314000	678
226315000	679
226316000	680
226317000	681
226318000	682
226319000	683
226320000	684
226321000	685
226322000	686
226323000	687
226324000	688
226325000	689
226326000	690
226327000	691
226328000	692
226329000	693
226330000	694
226331000	695
226332000	696
226333000	697
226334000	698
226335000	699
226336000	700
226337000	701
226338000	702
226339000	703
226340000	704
226341000	705
226342000	706
226343000	707
226344000	708
226345000	709
226346000	710
226347000	711
226348000	712
226349000	713
226350000	714
226351000	715
226352000	716
226353000	717
226354000	718
226355000	719
226356000	720
226357000	721
226358000	722
226359000	723
226360000	724
226361000	725
226362000	726
226363000	727
226364000	728
226365000	729
226366000	730
226367000	731
226368000	732
226369000	733
226370000	734
226371000	735
226372000	736
226373000	737
226374000	738
226375000	739
226376000	740
226377000	741
226378000	742
226379000	743
226380000	744
226381000	745
226382000	746
226383000	747
226384000	748
226385000	749
226386000	750
226387000	751
226388000	752
226389000	753
226390000	754
226391000	755
226392000	756
226393000	757
226394000	758
226395000	759
226396000	760
226397000	761
226398000	762
226399000	763
226400000	764
226401000	765
226402000	766
226403000	767
226404000	768
226405000	769
226406000	770
226407000	771
226408000	772
226409000	773
226410000	774
226411000	775
226412000	776
226413000	777
226414000	778
226415000	779
226416000	780
226417000	781
226418000	782
226419000	783
226420000	784
226421000	785
226422000	786
226423000	787
226424000	788
226425000	789
226426000	790
226427000	791
226428000	792
226429000	793
226430000	794
226431000	795
226432000	796
226433000	797
226434000	798
226435000	799
226436000	800
226437000	801
226438000	802
226439000	803
226440000	804
226441000	805
226442000	806
226443000	807
226444000	808
226445000	809
226446000	810
226447000	811
226448000	812
226449000	813
226450000	814
226451000	815
226452000	816
226453000	817
226454000	818
226455000	819
226456000	820
226457000	821
226458000	822
226459000	823
226460000	824
226461000	825
226462000	826
226463000	827
226464000	828
226465000	829
226466000	830
226467000	831
226468000	832
226469000	833
226470000	834
226471000	835
226472000	836
226473000	837
226474000	838
226475000	839
226476000	840
226477000	841
226478000	842
226479000	843
226480000	844
226481000	845
226482000	846
226483000	847
226484000	848
226485000	849
226486000	850
226487000	851
226488000	852
226489000	853
226490000	854
226491000	855
226492000	856
226493000	857
226494000	858
226495000	859
226496000	860
226497000	861
226498000	862
226499000	863
226500000	864
226501000	865
226502000	866
226503000	867
226504000	868
226505000	869
226506000	870
226507000	871
226508000	872
226509000	873
226510000	874
226511000	875
226512000	876
226513000	877
226514000	878
226515000	879
226516000	880
226517000	881
226518000	882
226519000	883
226520000	884
226521000	885
226522000	886
226523000	887
226524000	888
226525000	889
226526000	890
226527000	891
226528000	892
226529000	893
226530000	894
226531000	895
226532000	896
226533000	897
226534000	898
226535000	899
226536000	900
226537000	901
226538000	902
226539000	903
226540000	904
226541000	905
226542000	906
226543000	907
226544000	908
226545000	909
226546000	910
226547000	911
226548000	912
226549000	913
226550000	914
226551000	915
226552000	916
226553000	917
226554000	918
226555000	919
226556000	920
226557000	921
226558000	922
226559000	923
226560000	924
226561000	925
226562000	926
226563000	927
226564000	928
226565000	929
226566000	930
226567000	931
226568000	932
226569000	933
226570000	934
226571000	935
226572000	936
226573000	937
226574000	938
226575000	939
226576000	940
226577000	941
226578000	942
226579000	943
226580000	944
226581000	945
226582000	946
226583000	947
226584000	948
226585000	949
226586000	950
226587000	951
226588000	952
226589000	953
226590000	954
226591000	955
226592000	956
226593000	957
226594000	958
226595000	959
