65305000	0
65306000	1
65307000	2
65308000	3
65309000	4
65310000	5
65311000	6
65312000	7
65313000	8
65314000	9
65315000	10
65316000	11
65317000	12
65318000	13
65319000	14
65320000	15
65321000	16
65322000	17
65323000	18
65324000	19
65325000	20
65326000	21
65327000	22
65328000	23
65329000	24
65330000	25
65331000	26
65332000	27
65333000	28
65334000	29
65335000	30
65336000	31
65337000	32
65338000	33
65339000	34
65340000	35
65341000	36
65342000	37
65343000	38
65344000	39
65345000	40
65346000	41
65347000	42
65348000	43
65349000	44
65350000	45
65351000	46
65352000	47
65353000	48
65354000	49
65355000	50
65356000	51
65357000	52
65358000	53
65359000	54
65360000	55
65361000	56
65362000	57
65363000	58
65364000	59
65365000	60
65366000	61
65367000	62
65368000	63
65369000	64
65370000	65
65371000	66
65372000	67
65373000	68
65374000	69
65375000	70
65376000	71
65377000	72
65378000	73
65379000	74
65380000	75
65381000	76
65382000	77
65383000	78
65384000	79
65385000	80
65386000	81
65387000	82
65388000	83
65389000	84
65390000	85
65391000	86
65392000	87
65393000	88
65394000	89
65395000	90
65396000	91
65397000	92
65398000	93
65399000	94
65400000	95
65401000	96
65402000	97
65403000	98
65404000	99
65405000	100
65406000	101
65407000	102
65408000	103
65409000	104
65410000	105
65411000	106
65412000	107
65413000	108
65414000	109
65415000	110
65416000	111
65417000	112
65418000	113
65419000	114
65420000	115
65421000	116
65422000	117
65423000	118
65424000	119
65425000	120
65426000	121
65427000	122
65428000	123
65429000	124
65430000	125
65431000	126
65432000	127
65433000	128
65434000	129
65435000	130
65436000	131
65437000	132
65438000	133
65439000	134
65440000	135
65441000	136
65442000	137
65443000	138
65444000	139
65445000	140
65446000	141
65447000	142
65448000	143
65449000	144
65450000	145
65451000	146
65452000	147
65453000	148
65454000	149
65455000	150
65456000	151
65457000	152
65458000	153
65459000	154
65460000	155
65461000	156
65462000	157
65463000	158
65464000	159
65465000	160
65466000	161
65467000	162
65468000	163
65469000	164
65470000	165
65471000	166
65472000	167
65473000	168
65474000	169
65475000	170
65476000	171
65477000	172
65478000	173
65479000	174
65480000	175
65481000	176
65482000	177
65483000	178
65484000	179
65485000	180
65486000	181
65487000	182
65488000	183
65489000	184
65490000	185
65491000	186
65492000	187
65493000	188
65494000	189
65495000	190
65496000	191
65497000	192
65498000	193
65499000	194
65500000	195
65501000	196
65502000	197
65503000	198
65504000	199
65505000	200
65506000	201
65507000	202
65508000	203
65509000	204
65510000	205
