167790000	0
167795000	1
167800000	2
167805000	3
167810000	4
167815000	5
167820000	6
167825000	7
167830000	8
167835000	9
167840000	10
167845000	11
167850000	12
167855000	13
167860000	14
167865000	15
167870000	16
167875000	17
167880000	18
167885000	19
167890000	20
167895000	21
167900000	22
167905000	23
167910000	24
167915000	25
167920000	26
167925000	27
167930000	28
167935000	29
167940000	30
168040000	31
168045000	32
168050000	33
168055000	34
168060000	35
168065000	36
168070000	37
168075000	38
168080000	39
168085000	40
168090000	41
168095000	42
168100000	43
168105000	44
168110000	45
168115000	46
168120000	47
168125000	48
168130000	49
168135000	50
168140000	51
168145000	52
168150000	53
168155000	54
168160000	55
168165000	56
168170000	57
168175000	58
168180000	59
168185000	60
168190000	61
168195000	62
168200000	63
168205000	64
168210000	65
168215000	66
168220000	67
168225000	68
168230000	69
168235000	70
168240000	71
168245000	72
168250000	73
168255000	74
168260000	75
168265000	76
168270000	77
168275000	78
168280000	79
168285000	80
168290000	81
168295000	82
168300000	83
168305000	84
168310000	85
168315000	86
168320000	87
168325000	88
168330000	89
