69730000	0
69735000	1
69740000	2
69745000	3
69750000	4
69755000	5
69760000	6
69765000	7
69770000	8
69775000	9
69780000	10
69785000	11
69790000	12
69795000	13
69800000	14
69805000	15
69810000	16
69815000	17
69820000	18
69825000	19
69830000	20
69835000	21
69840000	22
69845000	23
69850000	24
69855000	25
69860000	26
69865000	27
69870000	28
69875000	29
69880000	30
69885000	31
69890000	32
69895000	33
69900000	34
69905000	35
69910000	36
69915000	37
69920000	38
69925000	39
69930000	40
69935000	41
69940000	42
69945000	43
69950000	44
69955000	45
69960000	46
69965000	47
69970000	48
69975000	49
