109675000	0
109680000	1
109685000	2
109690000	3
109695000	4
109700000	5
109705000	6
109710000	7
109715000	8
109720000	9
109725000	10
109730000	11
109735000	12
109740000	13
109745000	14
109750000	15
109755000	16
109760000	17
109765000	18
109770000	19
109775000	20
109780000	21
109785000	22
109790000	23
109795000	24
109800000	25
109805000	26
109810000	27
109815000	28
109820000	29
109825000	30
109830000	31
109835000	32
109840000	33
109845000	34
109850000	35
109855000	36
109860000	37
109865000	38
109870000	39
109875000	40
109880000	41
109885000	42
109890000	43
109895000	44
109900000	45
109905000	46
109910000	47
109915000	48
109920000	49
109925000	50
109930000	51
109935000	52
109940000	53
109945000	54
109950000	55
109955000	56
109960000	57
109965000	58
109970000	59
109975000	60
109980000	61
109985000	62
109990000	63
109995000	64
110000000	65
110005000	66
110010000	67
110015000	68
110020000	69
110025000	70
110030000	71
110035000	72
110040000	73
110045000	74
110050000	75
110055000	76
110060000	77
110065000	78
110070000	79
110075000	80
110080000	81
110085000	82
110090000	83
110095000	84
110100000	85
110105000	86
110110000	87
110115000	88
110120000	89
110125000	90
110130000	91
110135000	92
110140000	93
110145000	94
110150000	95
110155000	96
110160000	97
110165000	98
110170000	99
110175000	100
110180000	101
110185000	102
110190000	103
110195000	104
110200000	105
110205000	106
110210000	107
110215000	108
110220000	109
110225000	110
110230000	111
110235000	112
110240000	113
110245000	114
110250000	115
110255000	116
110260000	117
110265000	118
110270000	119
110275000	120
110280000	121
110285000	122
110290000	123
110295000	124
110300000	125
