2975000	0
2980000	1
2985000	2
2990000	3
2995000	4
3000000	5
3005000	6
3010000	7
3015000	8
3020000	9
3025000	10
3030000	11
3035000	12
3040000	13
3045000	14
3050000	15
3055000	16
3060000	17
3065000	18
3070000	19
3075000	20
3080000	21
3085000	22
3090000	23
3095000	24
3100000	25
3105000	26
3110000	27
3115000	28
3120000	29
3125000	30
3130000	31
3135000	32
3140000	33
3145000	34
3150000	35
3155000	36
3160000	37
3165000	38
3170000	39
3175000	40
3180000	41
3185000	42
3190000	43
3195000	44
3200000	45
3205000	46
3210000	47
3215000	48
3220000	49
3225000	50
3235000	51
3240000	52
3245000	53
3250000	54
3255000	55
3260000	56
3265000	57
3270000	58
3275000	59
3280000	60
3285000	61
3290000	62
3295000	63
3300000	64
3305000	65
3310000	66
3315000	67
3320000	68
3325000	69
3330000	70
3335000	71
3340000	72
3345000	73
3350000	74
3355000	75
3360000	76
3365000	77
3370000	78
3375000	79
3380000	80
3385000	81
3390000	82
3395000	83
3400000	84
3405000	85
3410000	86
3415000	87
3420000	88
3425000	89
3430000	90
3435000	91
3440000	92
3445000	93
3450000	94
3455000	95
3460000	96
3465000	97
3470000	98
3475000	99
3480000	100
3485000	101
3490000	102
3495000	103
3500000	104
3505000	105
3510000	106
3515000	107
3520000	108
3525000	109
3530000	110
3535000	111
3540000	112
3545000	113
3550000	114
3555000	115
3560000	116
3565000	117
