112505000	0
112510000	1
112515000	2
112520000	3
112525000	4
112530000	5
112535000	6
112540000	7
112545000	8
112550000	9
112555000	10
112560000	11
112565000	12
112570000	13
112575000	14
112580000	15
112585000	16
112590000	17
112595000	18
112600000	19
112605000	20
112610000	21
112615000	22
112620000	23
112625000	24
112630000	25
112635000	26
112640000	27
112645000	28
112650000	29
112655000	30
112660000	31
112665000	32
112670000	33
112675000	34
112680000	35
112685000	36
112690000	37
112695000	38
112700000	39
112705000	40
112710000	41
112715000	42
112720000	43
112725000	44
112730000	45
112735000	46
112740000	47
112745000	48
112750000	49
112755000	50
112760000	51
112765000	52
112770000	53
112775000	54
112780000	55
112785000	56
112790000	57
112795000	58
112800000	59
112805000	60
112810000	61
112815000	62
112820000	63
112825000	64
112830000	65
112835000	66
112840000	67
112845000	68
112850000	69
112855000	70
112860000	71
112865000	72
112870000	73
112875000	74
112880000	75
112885000	76
112890000	77
112895000	78
112900000	79
112905000	80
112910000	81
112915000	82
112920000	83
112925000	84
112930000	85
