119815000	0
119816000	1
119817000	2
119818000	3
119819000	4
119820000	5
119821000	6
119822000	7
119823000	8
119824000	9
119825000	10
119826000	11
119827000	12
119828000	13
119829000	14
119830000	15
119831000	16
119832000	17
119833000	18
119834000	19
119835000	20
119836000	21
119837000	22
119838000	23
119839000	24
119840000	25
119841000	26
119842000	27
119843000	28
119844000	29
119845000	30
119846000	31
119847000	32
119848000	33
119849000	34
119850000	35
119851000	36
119852000	37
119853000	38
119854000	39
119855000	40
119856000	41
119857000	42
119858000	43
119859000	44
119860000	45
119861000	46
119862000	47
119863000	48
119864000	49
119865000	50
119866000	51
119867000	52
119868000	53
119869000	54
119870000	55
119871000	56
119872000	57
119873000	58
119874000	59
119875000	60
119876000	61
119877000	62
119878000	63
119879000	64
119880000	65
119881000	66
119882000	67
119883000	68
119884000	69
119885000	70
119886000	71
119887000	72
119888000	73
119889000	74
119890000	75
119891000	76
119892000	77
119893000	78
119894000	79
119895000	80
119896000	81
119897000	82
119898000	83
119899000	84
119900000	85
119901000	86
119902000	87
119903000	88
119904000	89
119905000	90
119906000	91
119907000	92
119908000	93
119909000	94
119910000	95
119911000	96
119912000	97
119913000	98
119914000	99
119915000	100
