79940000	0
79945000	1
79950000	2
79955000	3
79960000	4
79965000	5
79970000	6
79975000	7
79980000	8
79985000	9
79990000	10
79995000	11
80000000	12
80005000	13
80010000	14
80015000	15
80020000	16
80025000	17
80030000	18
80035000	19
80040000	20
80045000	21
80050000	22
80055000	23
80060000	24
80065000	25
80070000	26
80075000	27
80080000	28
80085000	29
80090000	30
80095000	31
80100000	32
80105000	33
80110000	34
80115000	35
80120000	36
80125000	37
80130000	38
80135000	39
80140000	40
80145000	41
80150000	42
80155000	43
80160000	44
80165000	45
80170000	46
80175000	47
80180000	48
80185000	49
80190000	50
80195000	51
80200000	52
80205000	53
80210000	54
80215000	55
80220000	56
80225000	57
80230000	58
80235000	59
80240000	60
80245000	61
80250000	62
80255000	63
80260000	64
80265000	65
80270000	66
80275000	67
80280000	68
80285000	69
80290000	70
80295000	71
80300000	72
80305000	73
80310000	74
80315000	75
80320000	76
80325000	77
80330000	78
