171571000	0
171572000	1
171573000	2
171574000	3
171575000	4
171576000	5
171577000	6
171578000	7
171579000	8
171580000	9
171581000	10
171582000	11
171583000	12
171584000	13
171585000	14
171586000	15
171587000	16
171588000	17
171589000	18
171590000	19
171591000	20
171592000	21
171593000	22
171594000	23
171595000	24
171596000	25
171597000	26
171598000	27
171599000	28
171600000	29
171601000	30
171602000	31
171603000	32
171604000	33
171605000	34
171606000	35
171607000	36
171608000	37
171609000	38
171610000	39
171611000	40
171612000	41
171613000	42
171614000	43
171615000	44
171616000	45
171617000	46
171618000	47
171619000	48
171620000	49
171621000	50
171622000	51
171623000	52
171624000	53
171625000	54
171626000	55
171627000	56
171628000	57
171629000	58
171630000	59
171631000	60
171632000	61
171633000	62
171634000	63
171635000	64
171636000	65
171637000	66
171638000	67
171639000	68
171640000	69
171641000	70
171642000	71
171643000	72
171644000	73
171645000	74
171646000	75
171647000	76
171648000	77
171649000	78
171650000	79
171651000	80
171652000	81
171653000	82
171654000	83
171655000	84
171656000	85
171657000	86
171658000	87
171659000	88
171660000	89
171661000	90
171662000	91
171663000	92
171664000	93
171665000	94
171666000	95
171667000	96
171668000	97
171669000	98
171670000	99
171671000	100
171672000	101
171673000	102
171674000	103
171675000	104
171676000	105
171677000	106
171678000	107
171679000	108
171680000	109
171681000	110
171682000	111
171683000	112
171684000	113
171685000	114
171686000	115
171687000	116
171688000	117
171689000	118
171690000	119
171691000	120
171692000	121
171693000	122
171694000	123
171695000	124
171696000	125
171697000	126
171698000	127
171699000	128
171700000	129
171701000	130
171702000	131
171703000	132
171704000	133
171705000	134
171706000	135
171707000	136
171708000	137
171709000	138
171710000	139
171711000	140
171712000	141
171713000	142
171714000	143
171715000	144
171716000	145
171717000	146
171718000	147
171719000	148
171720000	149
171721000	150
171722000	151
171723000	152
171724000	153
171725000	154
171726000	155
171727000	156
171728000	157
171729000	158
171730000	159
171731000	160
171732000	161
171733000	162
171734000	163
171735000	164
171736000	165
171737000	166
171738000	167
171739000	168
171740000	169
171741000	170
171742000	171
171743000	172
171744000	173
171745000	174
171746000	175
171747000	176
171748000	177
171749000	178
171750000	179
171751000	180
171752000	181
171753000	182
171754000	183
171755000	184
171756000	185
171757000	186
171758000	187
171759000	188
171760000	189
171761000	190
171762000	191
171763000	192
171764000	193
171765000	194
171766000	195
171767000	196
171768000	197
171769000	198
