52445000	0
52450000	1
52455000	2
52460000	3
52465000	4
52470000	5
52475000	6
52480000	7
52485000	8
52490000	9
52495000	10
52500000	11
52505000	12
52510000	13
52515000	14
52520000	15
52525000	16
52530000	17
52535000	18
52540000	19
52545000	20
52550000	21
52555000	22
52560000	23
52565000	24
52570000	25
52575000	26
52580000	27
52585000	28
52590000	29
52595000	30
52600000	31
52605000	32
52610000	33
52615000	34
52620000	35
52625000	36
52630000	37
52635000	38
52640000	39
52645000	40
52650000	41
52655000	42
52660000	43
52665000	44
52670000	45
52675000	46
52680000	47
52685000	48
52690000	49
52695000	50
52700000	51
52705000	52
52710000	53
52715000	54
52720000	55
52725000	56
52730000	57
