111355000	0
111360000	1
111365000	2
111370000	3
111375000	4
111380000	5
111385000	6
111390000	7
111395000	8
111400000	9
111405000	10
111410000	11
111415000	12
111420000	13
111425000	14
111430000	15
111435000	16
111440000	17
111445000	18
111450000	19
111455000	20
111460000	21
111465000	22
111470000	23
111475000	24
111480000	25
111485000	26
111490000	27
111495000	28
111500000	29
111505000	30
111510000	31
111515000	32
111520000	33
111525000	34
111530000	35
111535000	36
111540000	37
111545000	38
111550000	39
111555000	40
111560000	41
111565000	42
111570000	43
111575000	44
111580000	45
111585000	46
111590000	47
111595000	48
111600000	49
111605000	50
111610000	51
111615000	52
111620000	53
111625000	54
111630000	55
111635000	56
111640000	57
111645000	58
111650000	59
111655000	60
111660000	61
111665000	62
111670000	63
111675000	64
111680000	65
111685000	66
111690000	67
111695000	68
111700000	69
111705000	70
111710000	71
111715000	72
111720000	73
111725000	74
111730000	75
111735000	76
111740000	77
111745000	78
111750000	79
111755000	80
111760000	81
111765000	82
111770000	83
111775000	84
111780000	85
111785000	86
111790000	87
111795000	88
111800000	89
111805000	90
111810000	91
111815000	92
111820000	93
111825000	94
111830000	95
111835000	96
111840000	97
111845000	98
111850000	99
111855000	100
111860000	101
111865000	102
111870000	103
111875000	104
111880000	105
111885000	106
111890000	107
111895000	108
111900000	109
