219240000	0
219241000	1
219242000	2
219243000	3
219244000	4
219245000	5
219246000	6
219247000	7
219248000	8
219249000	9
219250000	10
219251000	11
219252000	12
219253000	13
219254000	14
219255000	15
219256000	16
219257000	17
219258000	18
219259000	19
219261000	20
219262000	21
219263000	22
219264000	23
219265000	24
219266000	25
219267000	26
219268000	27
219269000	28
219270000	29
219271000	30
219272000	31
219273000	32
219274000	33
219275000	34
219276000	35
219278000	36
219279000	37
219280000	38
219281000	39
219282000	40
219283000	41
219284000	42
219285000	43
219286000	44
219287000	45
219288000	46
219289000	47
219290000	48
219291000	49
219292000	50
219293000	51
219294000	52
219295000	53
219296000	54
219297000	55
219298000	56
219299000	57
219300000	58
219301000	59
219302000	60
219303000	61
219304000	62
219305000	63
219306000	64
219307000	65
219308000	66
219309000	67
219310000	68
219311000	69
219312000	70
219313000	71
219314000	72
219315000	73
219316000	74
219317000	75
219318000	76
219319000	77
219320000	78
219321000	79
219322000	80
219323000	81
219324000	82
219325000	83
219326000	84
219327000	85
219328000	86
219329000	87
219330000	88
219331000	89
219332000	90
219333000	91
219334000	92
219335000	93
219336000	94
219337000	95
219338000	96
219339000	97
219340000	98
219341000	99
219342000	100
219343000	101
219344000	102
219345000	103
219346000	104
219347000	105
219348000	106
219349000	107
219350000	108
219351000	109
219352000	110
219353000	111
219354000	112
219355000	113
