52565000	0
52570000	1
52575000	2
52580000	3
52585000	4
52590000	5
52595000	6
52600000	7
52605000	8
52610000	9
52615000	10
52620000	11
52625000	12
52630000	13
52635000	14
52640000	15
52645000	16
52650000	17
52655000	18
52660000	19
52665000	20
52670000	21
52675000	22
52680000	23
52685000	24
52690000	25
52695000	26
52700000	27
52705000	28
52710000	29
52715000	30
52720000	31
52725000	32
52730000	33
52735000	34
52740000	35
52745000	36
52750000	37
52755000	38
52760000	39
52765000	40
52770000	41
52775000	42
52780000	43
52785000	44
52790000	45
52795000	46
52800000	47
52805000	48
52810000	49
52815000	50
52820000	51
52825000	52
52830000	53
