18275000	0
18280000	1
18285000	2
18290000	3
18295000	4
18300000	5
18305000	6
18310000	7
18315000	8
18320000	9
18325000	10
18330000	11
18335000	12
18340000	13
18345000	14
18350000	15
18355000	16
18360000	17
18365000	18
18370000	19
18375000	20
18380000	21
18385000	22
18390000	23
18395000	24
18400000	25
18405000	26
18410000	27
18415000	28
18420000	29
18425000	30
18430000	31
18435000	32
18440000	33
18445000	34
18450000	35
18455000	36
18460000	37
18465000	38
18470000	39
18475000	40
18480000	41
18485000	42
18490000	43
18495000	44
18500000	45
18505000	46
18510000	47
18515000	48
18520000	49
18525000	50
18530000	51
18535000	52
18540000	53
18545000	54
18550000	55
18555000	56
18560000	57
18565000	58
18570000	59
18575000	60
18580000	61
18585000	62
