83565000	0
83570000	1
83575000	2
83580000	3
83585000	4
83590000	5
83595000	6
83600000	7
83605000	8
83610000	9
83615000	10
83620000	11
83625000	12
83630000	13
83635000	14
83640000	15
83645000	16
83650000	17
83655000	18
83660000	19
83665000	20
83670000	21
83675000	22
83680000	23
83685000	24
83690000	25
83695000	26
83700000	27
83705000	28
83710000	29
83715000	30
83720000	31
83725000	32
83730000	33
83735000	34
83740000	35
83745000	36
83750000	37
83755000	38
83760000	39
83765000	40
83770000	41
83775000	42
83780000	43
83785000	44
83790000	45
83795000	46
83800000	47
83805000	48
83810000	49
83815000	50
83820000	51
83825000	52
83830000	53
83835000	54
83840000	55
83845000	56
83850000	57
83855000	58
83860000	59
83865000	60
83870000	61
83875000	62
83880000	63
83885000	64
83890000	65
83895000	66
83900000	67
83905000	68
83910000	69
83915000	70
83920000	71
83925000	72
83930000	73
83935000	74
83940000	75
83945000	76
83950000	77
83955000	78
83960000	79
83965000	80
83970000	81
83975000	82
83980000	83
83985000	84
83990000	85
83995000	86
84000000	87
84005000	88
84010000	89
84015000	90
84020000	91
84025000	92
84030000	93
84035000	94
84040000	95
84045000	96
84050000	97
84055000	98
84060000	99
84065000	100
84070000	101
84075000	102
84080000	103
84085000	104
84090000	105
84095000	106
84100000	107
84105000	108
84110000	109
84115000	110
84120000	111
84125000	112
84130000	113
84135000	114
84140000	115
84145000	116
84150000	117
84155000	118
84160000	119
84165000	120
84170000	121
84175000	122
84180000	123
84185000	124
84190000	125
84195000	126
84200000	127
84205000	128
84210000	129
84215000	130
84220000	131
84225000	132
84230000	133
84235000	134
84240000	135
84245000	136
84250000	137
84255000	138
84260000	139
84265000	140
84270000	141
84275000	142
84280000	143
84285000	144
84290000	145
84295000	146
84300000	147
84305000	148
84310000	149
84315000	150
84320000	151
84325000	152
84330000	153
84335000	154
84340000	155
84345000	156
84350000	157
84355000	158
84360000	159
84365000	160
84370000	161
84375000	162
84380000	163
84385000	164
84390000	165
84395000	166
84400000	167
84405000	168
84410000	169
84415000	170
84420000	171
84425000	172
84430000	173
84435000	174
84440000	175
84445000	176
84450000	177
84455000	178
84460000	179
84465000	180
84470000	181
84475000	182
84480000	183
84485000	184
84490000	185
84495000	186
84500000	187
84505000	188
84510000	189
84515000	190
84520000	191
84525000	192
84530000	193
84535000	194
84540000	195
84545000	196
84550000	197
84555000	198
84560000	199
84565000	200
84570000	201
84575000	202
84580000	203
84585000	204
84590000	205
84595000	206
84600000	207
84605000	208
84610000	209
84615000	210
84620000	211
84625000	212
84630000	213
84635000	214
84640000	215
84645000	216
84650000	217
84655000	218
