63205000	0
63210000	1
63215000	2
63220000	3
63225000	4
63230000	5
63235000	6
63240000	7
63245000	8
63250000	9
63255000	10
63260000	11
63265000	12
63270000	13
63275000	14
63280000	15
63285000	16
63290000	17
63295000	18
63300000	19
63305000	20
63310000	21
63315000	22
63320000	23
63325000	24
63330000	25
63335000	26
63340000	27
63345000	28
63350000	29
63355000	30
63360000	31
63365000	32
63370000	33
63375000	34
63380000	35
63385000	36
63390000	37
63395000	38
63400000	39
63405000	40
63410000	41
63415000	42
63420000	43
63425000	44
63430000	45
63435000	46
63440000	47
63445000	48
63450000	49
63455000	50
63460000	51
63465000	52
63470000	53
63475000	54
63480000	55
63485000	56
63490000	57
63495000	58
63500000	59
63505000	60
63510000	61
63515000	62
63520000	63
