57120000	0
57125000	1
57130000	2
57135000	3
57140000	4
57145000	5
57150000	6
57155000	7
57160000	8
57165000	9
57170000	10
57175000	11
57180000	12
57185000	13
57190000	14
57195000	15
57200000	16
57205000	17
57210000	18
57215000	19
57220000	20
57225000	21
57230000	22
57235000	23
57240000	24
57245000	25
57250000	26
57255000	27
57260000	28
57265000	29
57270000	30
57275000	31
57280000	32
57285000	33
57290000	34
57295000	35
57300000	36
57305000	37
57310000	38
57315000	39
57320000	40
57325000	41
57330000	42
57335000	43
57340000	44
57345000	45
57350000	46
57355000	47
57360000	48
57365000	49
57370000	50
57375000	51
57380000	52
57385000	53
57390000	54
57395000	55
57400000	56
57405000	57
57410000	58
57415000	59
57420000	60
57425000	61
57430000	62
57435000	63
57440000	64
57445000	65
57450000	66
57455000	67
57460000	68
57465000	69
57470000	70
57475000	71
57480000	72
57485000	73
57490000	74
57495000	75
