37040000	0
37045000	1
37050000	2
37055000	3
37060000	4
37065000	5
37070000	6
37075000	7
37080000	8
37085000	9
37090000	10
37095000	11
37100000	12
37105000	13
37110000	14
37115000	15
37120000	16
37125000	17
37130000	18
37135000	19
37140000	20
37145000	21
37150000	22
37155000	23
37160000	24
37165000	25
37170000	26
37175000	27
37180000	28
37185000	29
37190000	30
37195000	31
37200000	32
37205000	33
37210000	34
37215000	35
37220000	36
37225000	37
37230000	38
37235000	39
37240000	40
37245000	41
37250000	42
37255000	43
37260000	44
37265000	45
37270000	46
37275000	47
37280000	48
37285000	49
37290000	50
