222815000	0
222816000	1
222817000	2
222818000	3
222819000	4
222820000	5
222821000	6
222822000	7
222823000	8
222824000	9
222825000	10
222826000	11
222827000	12
222828000	13
222829000	14
222830000	15
222831000	16
222832000	17
222833000	18
222834000	19
222835000	20
222836000	21
222837000	22
222838000	23
222839000	24
222840000	25
222841000	26
222843000	27
222844000	28
222845000	29
222846000	30
222847000	31
222848000	32
222849000	33
222850000	34
222851000	35
222852000	36
222853000	37
222854000	38
222855000	39
222856000	40
222857000	41
222858000	42
222859000	43
222860000	44
222861000	45
222862000	46
222863000	47
222864000	48
222865000	49
222866000	50
222867000	51
222868000	52
222869000	53
222870000	54
222871000	55
222872000	56
222873000	57
222874000	58
222875000	59
222876000	60
222877000	61
222878000	62
222879000	63
222880000	64
222881000	65
222882000	66
222883000	67
222884000	68
222885000	69
222886000	70
222887000	71
222888000	72
222889000	73
222890000	74
222891000	75
222892000	76
222893000	77
222894000	78
222895000	79
222896000	80
222897000	81
222898000	82
222899000	83
222900000	84
222901000	85
222902000	86
222903000	87
222904000	88
222905000	89
222906000	90
222907000	91
222908000	92
222909000	93
