35240000	0
35241000	1
35242000	2
35243000	3
35244000	4
35245000	5
35246000	6
35247000	7
35248000	8
35249000	9
35250000	10
35251000	11
35252000	12
35253000	13
35254000	14
35255000	15
35256000	16
35257000	17
35258000	18
35259000	19
35260000	20
35261000	21
35262000	22
35263000	23
35264000	24
35265000	25
35266000	26
35267000	27
35268000	28
35269000	29
35270000	30
35271000	31
35272000	32
35273000	33
35274000	34
35275000	35
35276000	36
35277000	37
35278000	38
35279000	39
35280000	40
35281000	41
35282000	42
35283000	43
35284000	44
35285000	45
35286000	46
35287000	47
35288000	48
35289000	49
35290000	50
35291000	51
35292000	52
35293000	53
35294000	54
35295000	55
35296000	56
35297000	57
35298000	58
35299000	59
35300000	60
35301000	61
35302000	62
35303000	63
35304000	64
35305000	65
35306000	66
35307000	67
35308000	68
35309000	69
35310000	70
35311000	71
35312000	72
35313000	73
35314000	74
35315000	75
35316000	76
35317000	77
35318000	78
35319000	79
35320000	80
35321000	81
35322000	82
35323000	83
35324000	84
35325000	85
35326000	86
35327000	87
35328000	88
35329000	89
35330000	90
