89356000	0
89357000	1
89358000	2
89359000	3
89360000	4
89361000	5
89362000	6
89363000	7
89364000	8
89365000	9
89366000	10
89367000	11
89368000	12
89369000	13
89370000	14
89371000	15
89372000	16
89373000	17
89374000	18
89375000	19
89376000	20
89377000	21
89378000	22
89379000	23
89380000	24
89381000	25
89382000	26
89383000	27
89384000	28
89385000	29
89386000	30
89387000	31
89388000	32
89389000	33
89390000	34
89391000	35
89392000	36
89393000	37
89394000	38
89395000	39
89396000	40
89397000	41
89398000	42
89399000	43
89400000	44
89401000	45
89402000	46
89403000	47
89404000	48
89405000	49
89406000	50
89407000	51
89408000	52
89409000	53
89410000	54
89411000	55
89412000	56
89413000	57
89414000	58
89415000	59
89416000	60
89417000	61
89418000	62
89419000	63
89420000	64
89421000	65
89422000	66
89423000	67
89424000	68
89425000	69
89426000	70
89427000	71
89428000	72
89429000	73
89430000	74
89431000	75
89432000	76
89433000	77
89434000	78
89435000	79
89436000	80
89437000	81
89438000	82
89439000	83
