21920000	0
21925000	1
21930000	2
21935000	3
21940000	4
21945000	5
21950000	6
21955000	7
21960000	8
21965000	9
21970000	10
21975000	11
21980000	12
21985000	13
21990000	14
21995000	15
22000000	16
22005000	17
22010000	18
22015000	19
22020000	20
22025000	21
22030000	22
22035000	23
22040000	24
22045000	25
22050000	26
22055000	27
22060000	28
22065000	29
22070000	30
22075000	31
22080000	32
22085000	33
22090000	34
22095000	35
22100000	36
22105000	37
22110000	38
22115000	39
22120000	40
22125000	41
22130000	42
22135000	43
22140000	44
22145000	45
22150000	46
22155000	47
22160000	48
22165000	49
22170000	50
22175000	51
22180000	52
22185000	53
22190000	54
22195000	55
22200000	56
22205000	57
22210000	58
22215000	59
22220000	60
22225000	61
22230000	62
22235000	63
22240000	64
22245000	65
22250000	66
22255000	67
22260000	68
22265000	69
22270000	70
22275000	71
22280000	72
22285000	73
22290000	74
22295000	75
22300000	76
22305000	77
22310000	78
22315000	79
22320000	80
22325000	81
22330000	82
22335000	83
22340000	84
22345000	85
22350000	86
22355000	87
22360000	88
22365000	89
22370000	90
22375000	91
22380000	92
22385000	93
22390000	94
22395000	95
22400000	96
22405000	97
22410000	98
22415000	99
22420000	100
22425000	101
22430000	102
22435000	103
22440000	104
22445000	105
22450000	106
22455000	107
22460000	108
22465000	109
22470000	110
22475000	111
22480000	112
22485000	113
22490000	114
22495000	115
22500000	116
22505000	117
22510000	118
22515000	119
22520000	120
22525000	121
22530000	122
22535000	123
22540000	124
22545000	125
22550000	126
22555000	127
22560000	128
22565000	129
22570000	130
22575000	131
22580000	132
22585000	133
22590000	134
22595000	135
22600000	136
22605000	137
22610000	138
22615000	139
22620000	140
22625000	141
22630000	142
22635000	143
22640000	144
22645000	145
22650000	146
22655000	147
22660000	148
22665000	149
22670000	150
22675000	151
22680000	152
22685000	153
22690000	154
22695000	155
22700000	156
22705000	157
22710000	158
22715000	159
22720000	160
22725000	161
22730000	162
22735000	163
22740000	164
