206645000	0
206646000	1
206647000	2
206648000	3
206649000	4
206650000	5
206651000	6
206652000	7
206653000	8
206654000	9
206655000	10
206656000	11
206657000	12
206658000	13
206659000	14
206660000	15
206661000	16
206662000	17
206663000	18
206664000	19
206665000	20
206666000	21
206667000	22
206668000	23
206669000	24
206670000	25
206671000	26
206672000	27
206673000	28
206674000	29
206675000	30
206676000	31
206677000	32
206678000	33
206679000	34
206680000	35
206681000	36
206682000	37
206683000	38
206684000	39
206685000	40
206686000	41
206687000	42
206688000	43
206689000	44
206690000	45
206691000	46
206692000	47
206693000	48
206694000	49
206695000	50
206696000	51
206697000	52
206698000	53
206699000	54
206700000	55
206701000	56
206702000	57
206703000	58
206704000	59
206705000	60
206706000	61
206707000	62
206708000	63
206709000	64
206710000	65
206711000	66
206712000	67
206713000	68
206714000	69
206715000	70
206716000	71
206717000	72
206718000	73
206719000	74
206720000	75
206721000	76
206722000	77
206723000	78
206724000	79
206725000	80
206726000	81
206727000	82
206728000	83
206729000	84
206730000	85
206731000	86
206732000	87
206733000	88
206734000	89
206735000	90
206736000	91
206737000	92
206738000	93
206739000	94
206740000	95
206741000	96
206742000	97
206743000	98
206744000	99
206745000	100
206746000	101
206747000	102
206748000	103
206749000	104
206750000	105
206751000	106
206752000	107
206753000	108
206754000	109
206755000	110
206756000	111
206757000	112
206758000	113
206759000	114
206760000	115
206761000	116
206762000	117
206763000	118
206764000	119
206765000	120
206766000	121
206767000	122
206768000	123
206769000	124
206770000	125
206771000	126
206772000	127
206773000	128
206774000	129
206775000	130
