55960000	0
55965000	1
55970000	2
55975000	3
55980000	4
55985000	5
55990000	6
55995000	7
56000000	8
56005000	9
56010000	10
56015000	11
56020000	12
56025000	13
56030000	14
56035000	15
56040000	16
56045000	17
56050000	18
56055000	19
56060000	20
56065000	21
56070000	22
56075000	23
56080000	24
56085000	25
56090000	26
56095000	27
56100000	28
56105000	29
56110000	30
56115000	31
56120000	32
56125000	33
56130000	34
56135000	35
56140000	36
56145000	37
56150000	38
56155000	39
56160000	40
56165000	41
56170000	42
56175000	43
56180000	44
56185000	45
56190000	46
56195000	47
56200000	48
56205000	49
56210000	50
56215000	51
56220000	52
56225000	53
56230000	54
56235000	55
56240000	56
56245000	57
56250000	58
56255000	59
56260000	60
56265000	61
56270000	62
56275000	63
56280000	64
56285000	65
56290000	66
56295000	67
56300000	68
56305000	69
56310000	70
56315000	71
56320000	72
56325000	73
56330000	74
56335000	75
56340000	76
56345000	77
56350000	78
56355000	79
56360000	80
56365000	81
56370000	82
56375000	83
