26730000	0
26735000	1
26740000	2
26745000	3
26750000	4
26755000	5
26760000	6
26765000	7
26770000	8
26775000	9
26780000	10
26785000	11
26790000	12
26795000	13
26800000	14
26805000	15
26810000	16
26815000	17
26820000	18
26825000	19
26830000	20
26835000	21
26840000	22
26845000	23
26850000	24
26855000	25
26860000	26
26865000	27
26870000	28
26875000	29
26880000	30
26885000	31
26890000	32
26895000	33
26900000	34
26905000	35
26910000	36
26915000	37
26920000	38
26925000	39
26930000	40
26935000	41
26940000	42
26945000	43
26950000	44
26955000	45
26960000	46
26965000	47
