10370000	0
10375000	1
10380000	2
10385000	3
10390000	4
10395000	5
10400000	6
10405000	7
10410000	8
10415000	9
10420000	10
10425000	11
10430000	12
10435000	13
10440000	14
10445000	15
10450000	16
10455000	17
10460000	18
10465000	19
10470000	20
10475000	21
10480000	22
10485000	23
10490000	24
10495000	25
10500000	26
10505000	27
10510000	28
10515000	29
10520000	30
10525000	31
10530000	32
10535000	33
10540000	34
10545000	35
10550000	36
10555000	37
10560000	38
10565000	39
10570000	40
10575000	41
10580000	42
10585000	43
10590000	44
10595000	45
10600000	46
10605000	47
10610000	48
10615000	49
10620000	50
10625000	51
10630000	52
10635000	53
10640000	54
10645000	55
10650000	56
10655000	57
10660000	58
10665000	59
10670000	60
10675000	61
10680000	62
10685000	63
10690000	64
10695000	65
10700000	66
10705000	67
10710000	68
10715000	69
10720000	70
10725000	71
10730000	72
10735000	73
10740000	74
10745000	75
10750000	76
10755000	77
10760000	78
10765000	79
10770000	80
10775000	81
10780000	82
10785000	83
10790000	84
10795000	85
10800000	86
10805000	87
10810000	88
10815000	89
10820000	90
10825000	91
10830000	92
10835000	93
10840000	94
10845000	95
10850000	96
10855000	97
10860000	98
10865000	99
10870000	100
10875000	101
10880000	102
10885000	103
10890000	104
10895000	105
10900000	106
10905000	107
10910000	108
10915000	109
10920000	110
10925000	111
10930000	112
10935000	113
10940000	114
10945000	115
10950000	116
10955000	117
10960000	118
10965000	119
10970000	120
10975000	121
10980000	122
10985000	123
