73000000	0
73005000	1
73010000	2
73015000	3
73020000	4
73025000	5
73030000	6
73035000	7
73040000	8
73045000	9
73050000	10
73055000	11
73060000	12
73065000	13
73070000	14
73075000	15
73080000	16
73085000	17
73090000	18
73095000	19
73100000	20
73105000	21
73110000	22
73115000	23
73120000	24
73125000	25
73130000	26
73135000	27
73140000	28
73145000	29
73150000	30
73155000	31
73160000	32
73165000	33
73170000	34
73175000	35
73180000	36
73185000	37
73190000	38
73195000	39
73200000	40
73205000	41
73210000	42
73215000	43
73220000	44
73225000	45
73230000	46
73235000	47
73240000	48
73245000	49
73250000	50
73255000	51
73260000	52
73265000	53
73270000	54
73275000	55
73280000	56
73285000	57
73290000	58
73295000	59
73300000	60
73305000	61
73310000	62
73315000	63
73320000	64
73325000	65
73330000	66
73335000	67
73340000	68
73345000	69
73350000	70
73355000	71
73360000	72
73365000	73
73370000	74
73375000	75
73380000	76
73385000	77
73390000	78
73395000	79
73400000	80
73405000	81
73410000	82
73415000	83
73420000	84
73425000	85
73430000	86
73435000	87
73440000	88
73445000	89
73450000	90
73455000	91
73460000	92
73465000	93
73470000	94
