222910000	0
222915000	1
222920000	2
222925000	3
222930000	4
222935000	5
222940000	6
222945000	7
222950000	8
222955000	9
222960000	10
222965000	11
222970000	12
222975000	13
222980000	14
222985000	15
222990000	16
222995000	17
223000000	18
223005000	19
223010000	20
223015000	21
223020000	22
223025000	23
223030000	24
223035000	25
223040000	26
223045000	27
223050000	28
223055000	29
223060000	30
223065000	31
223070000	32
223075000	33
223080000	34
223085000	35
223090000	36
223095000	37
223100000	38
223105000	39
223110000	40
223115000	41
223120000	42
223125000	43
223130000	44
223135000	45
223140000	46
223145000	47
223150000	48
223155000	49
223160000	50
223165000	51
223170000	52
223175000	53
223180000	54
223185000	55
223190000	56
223195000	57
223200000	58
223205000	59
223210000	60
223215000	61
223220000	62
223225000	63
223230000	64
223235000	65
223240000	66
223245000	67
223250000	68
223255000	69
223260000	70
223265000	71
223270000	72
223275000	73
223280000	74
223285000	75
223290000	76
223295000	77
