136125000	0
136130000	1
136135000	2
136140000	3
136145000	4
136150000	5
136155000	6
136160000	7
136165000	8
136170000	9
136175000	10
136180000	11
136185000	12
136190000	13
136195000	14
136200000	15
136205000	16
136210000	17
136215000	18
136220000	19
136225000	20
136230000	21
136235000	22
136240000	23
136245000	24
136250000	25
136255000	26
136260000	27
136265000	28
136270000	29
136275000	30
136280000	31
136285000	32
136290000	33
136295000	34
136300000	35
136305000	36
136310000	37
136315000	38
136320000	39
136325000	40
136330000	41
136335000	42
136340000	43
136345000	44
136350000	45
136355000	46
136360000	47
136365000	48
136370000	49
136375000	50
136380000	51
136385000	52
136390000	53
136395000	54
136400000	55
136405000	56
136410000	57
136415000	58
136420000	59
136425000	60
136430000	61
136435000	62
136440000	63
136445000	64
136450000	65
136455000	66
136460000	67
136465000	68
136470000	69
136475000	70
136480000	71
136485000	72
136490000	73
136495000	74
136500000	75
136505000	76
136510000	77
136515000	78
136520000	79
136525000	80
136530000	81
136535000	82
136540000	83
136545000	84
136550000	85
136555000	86
136560000	87
136565000	88
136570000	89
136575000	90
136580000	91
136585000	92
136590000	93
136595000	94
136600000	95
136605000	96
136610000	97
136615000	98
136620000	99
136625000	100
136630000	101
136635000	102
136640000	103
