84555000	0
84560000	1
84565000	2
84570000	3
84575000	4
84580000	5
84585000	6
84590000	7
84595000	8
84600000	9
84605000	10
84610000	11
84615000	12
84620000	13
84625000	14
84630000	15
84635000	16
84640000	17
84645000	18
84650000	19
84655000	20
84660000	21
84665000	22
84670000	23
84675000	24
84680000	25
84685000	26
84690000	27
84695000	28
84700000	29
84705000	30
84710000	31
84715000	32
84720000	33
84725000	34
84730000	35
84735000	36
84740000	37
84745000	38
84750000	39
84755000	40
84760000	41
84765000	42
84770000	43
84775000	44
84780000	45
84785000	46
84790000	47
84795000	48
84800000	49
84805000	50
84810000	51
84815000	52
84820000	53
84825000	54
84830000	55
84835000	56
84840000	57
84845000	58
84850000	59
84855000	60
84860000	61
84865000	62
84870000	63
84875000	64
84880000	65
84885000	66
84890000	67
84895000	68
84900000	69
84905000	70
84910000	71
84915000	72
84920000	73
84925000	74
84930000	75
84935000	76
84940000	77
84945000	78
84950000	79
84955000	80
84960000	81
84965000	82
84970000	83
84975000	84
84980000	85
84985000	86
84990000	87
84995000	88
85000000	89
85005000	90
85010000	91
85015000	92
85020000	93
85025000	94
85030000	95
85035000	96
85040000	97
85045000	98
85050000	99
85055000	100
85060000	101
85065000	102
85070000	103
85075000	104
85080000	105
85085000	106
85090000	107
85095000	108
85100000	109
85105000	110
85110000	111
85115000	112
85120000	113
85125000	114
85130000	115
85135000	116
85140000	117
85145000	118
85150000	119
85155000	120
