35450000	0
35455000	1
35460000	2
35465000	3
35470000	4
35475000	5
35480000	6
35485000	7
35490000	8
35495000	9
35500000	10
35505000	11
35510000	12
35515000	13
35520000	14
35525000	15
35530000	16
35535000	17
35540000	18
35545000	19
35550000	20
35555000	21
35560000	22
35565000	23
35570000	24
35575000	25
35580000	26
35585000	27
35590000	28
35595000	29
35600000	30
35605000	31
35610000	32
35615000	33
35620000	34
35625000	35
35630000	36
35635000	37
35640000	38
35645000	39
35650000	40
35655000	41
35660000	42
35665000	43
35670000	44
35675000	45
35680000	46
35685000	47
35690000	48
35695000	49
35700000	50
35705000	51
35710000	52
35715000	53
35720000	54
35725000	55
35730000	56
35735000	57
35740000	58
35745000	59
35750000	60
35755000	61
35760000	62
35765000	63
35770000	64
35775000	65
35780000	66
35785000	67
35790000	68
35795000	69
35800000	70
35805000	71
35810000	72
35815000	73
35820000	74
35825000	75
35830000	76
35835000	77
35840000	78
35845000	79
35850000	80
35855000	81
35860000	82
35865000	83
35870000	84
35875000	85
35880000	86
35885000	87
35890000	88
35895000	89
35900000	90
35905000	91
35910000	92
35915000	93
35920000	94
35925000	95
35930000	96
35935000	97
35940000	98
35945000	99
35950000	100
35955000	101
35960000	102
35965000	103
35970000	104
35975000	105
35980000	106
35985000	107
35990000	108
35995000	109
36000000	110
36005000	111
36010000	112
36015000	113
36020000	114
36025000	115
36030000	116
36035000	117
36040000	118
36045000	119
36050000	120
36055000	121
36060000	122
36065000	123
36070000	124
36075000	125
36080000	126
36085000	127
36090000	128
36095000	129
36100000	130
36105000	131
36110000	132
36115000	133
36120000	134
36125000	135
36130000	136
36135000	137
36140000	138
36145000	139
36150000	140
36155000	141
36160000	142
36165000	143
36170000	144
36175000	145
36180000	146
36185000	147
36190000	148
36195000	149
36200000	150
36205000	151
36210000	152
36215000	153
36220000	154
36225000	155
36230000	156
36235000	157
36240000	158
36245000	159
36250000	160
36255000	161
36260000	162
36265000	163
36270000	164
36275000	165
36280000	166
36285000	167
36290000	168
36295000	169
