48015000	0
48020000	1
48025000	2
48030000	3
48035000	4
48040000	5
48045000	6
48050000	7
48055000	8
48060000	9
48065000	10
48070000	11
48075000	12
48080000	13
48085000	14
48090000	15
48095000	16
48100000	17
48105000	18
48110000	19
48115000	20
48120000	21
48125000	22
48130000	23
48135000	24
48140000	25
48145000	26
48150000	27
48155000	28
48160000	29
48165000	30
48170000	31
48175000	32
48180000	33
48185000	34
48190000	35
48195000	36
48200000	37
48205000	38
48210000	39
48215000	40
48220000	41
48225000	42
48230000	43
48235000	44
48240000	45
48245000	46
48250000	47
48255000	48
48260000	49
48265000	50
48270000	51
48275000	52
48280000	53
48285000	54
48290000	55
48295000	56
48300000	57
48305000	58
