12290000	0
12295000	1
12300000	2
12305000	3
12310000	4
12315000	5
12320000	6
12325000	7
12330000	8
12335000	9
12340000	10
12345000	11
12350000	12
12355000	13
12360000	14
12365000	15
12370000	16
12375000	17
12380000	18
12385000	19
12390000	20
12395000	21
12400000	22
12405000	23
12410000	24
12415000	25
12420000	26
12425000	27
12430000	28
12435000	29
12440000	30
12445000	31
12450000	32
12455000	33
12460000	34
12465000	35
12470000	36
12475000	37
12480000	38
12485000	39
12490000	40
12495000	41
12500000	42
12505000	43
12510000	44
12515000	45
12520000	46
12525000	47
12530000	48
12535000	49
12540000	50
12545000	51
12550000	52
12555000	53
12560000	54
12565000	55
12570000	56
12575000	57
12580000	58
12585000	59
12590000	60
12595000	61
12600000	62
12605000	63
12610000	64
12615000	65
12620000	66
12625000	67
12630000	68
12635000	69
