94700000	0
94705000	1
94710000	2
94715000	3
94720000	4
94725000	5
94730000	6
94735000	7
94740000	8
94745000	9
94750000	10
94755000	11
94760000	12
94765000	13
94770000	14
94775000	15
94780000	16
94785000	17
94790000	18
94795000	19
94800000	20
94805000	21
94810000	22
94815000	23
94820000	24
94825000	25
94830000	26
94835000	27
94840000	28
94845000	29
94850000	30
94855000	31
94860000	32
94865000	33
94870000	34
94875000	35
94880000	36
94885000	37
94890000	38
94895000	39
94900000	40
94905000	41
94910000	42
94915000	43
94920000	44
94925000	45
94930000	46
94935000	47
94940000	48
94945000	49
94950000	50
94955000	51
94960000	52
94965000	53
94970000	54
94975000	55
94980000	56
94985000	57
94990000	58
94995000	59
95000000	60
