47365000	0
47370000	1
47375000	2
47380000	3
47385000	4
47390000	5
47395000	6
47400000	7
47405000	8
47410000	9
47415000	10
47420000	11
47425000	12
47430000	13
47435000	14
47440000	15
47445000	16
47450000	17
47455000	18
47460000	19
47465000	20
47470000	21
47475000	22
47480000	23
47485000	24
47490000	25
47495000	26
47500000	27
47505000	28
47510000	29
47515000	30
47520000	31
47525000	32
47530000	33
47535000	34
47540000	35
47545000	36
47550000	37
47555000	38
47560000	39
47565000	40
47570000	41
47575000	42
47580000	43
47585000	44
47590000	45
47595000	46
47600000	47
47605000	48
47610000	49
47615000	50
47620000	51
47625000	52
47630000	53
47635000	54
47640000	55
47645000	56
47650000	57
47655000	58
47660000	59
47665000	60
47670000	61
47675000	62
47680000	63
47685000	64
47690000	65
47695000	66
47700000	67
47705000	68
47710000	69
47715000	70
47720000	71
47725000	72
47730000	73
47735000	74
47740000	75
47745000	76
47750000	77
47755000	78
47760000	79
47765000	80
47770000	81
47775000	82
