68985000	0
68990000	1
68995000	2
69000000	3
69005000	4
69010000	5
69015000	6
69020000	7
69025000	8
69030000	9
69035000	10
69040000	11
69045000	12
69050000	13
69055000	14
69060000	15
69065000	16
69070000	17
69075000	18
69080000	19
69085000	20
69090000	21
69095000	22
69100000	23
69105000	24
69110000	25
69115000	26
69120000	27
69125000	28
69130000	29
69135000	30
69140000	31
69145000	32
69150000	33
69155000	34
69160000	35
69165000	36
69170000	37
69175000	38
69180000	39
69185000	40
69190000	41
69195000	42
69205000	43
69210000	44
69215000	45
69220000	46
69225000	47
69230000	48
69235000	49
69240000	50
69245000	51
69250000	52
69255000	53
69260000	54
69265000	55
69270000	56
69275000	57
69280000	58
69285000	59
69290000	60
69295000	61
69300000	62
69305000	63
69310000	64
69315000	65
69320000	66
69325000	67
69330000	68
69335000	69
69340000	70
69345000	71
69350000	72
69355000	73
69360000	74
69365000	75
69370000	76
69375000	77
69380000	78
69385000	79
69390000	80
69395000	81
69400000	82
69405000	83
69410000	84
69415000	85
69420000	86
69425000	87
69430000	88
69435000	89
69440000	90
69445000	91
69450000	92
69455000	93
69460000	94
69465000	95
69470000	96
69475000	97
69480000	98
69485000	99
69490000	100
69495000	101
69500000	102
69505000	103
69510000	104
69515000	105
69520000	106
69525000	107
69530000	108
69535000	109
69540000	110
69545000	111
69550000	112
69555000	113
69560000	114
69565000	115
69570000	116
69575000	117
69580000	118
69585000	119
69590000	120
69595000	121
69600000	122
69605000	123
69610000	124
69615000	125
69620000	126
69625000	127
69630000	128
69635000	129
69640000	130
69645000	131
69650000	132
69655000	133
69660000	134
69665000	135
69670000	136
69675000	137
69680000	138
69685000	139
69690000	140
69695000	141
69700000	142
69705000	143
69710000	144
69715000	145
69720000	146
69725000	147
69730000	148
69735000	149
69740000	150
69745000	151
69750000	152
69755000	153
69760000	154
69765000	155
69770000	156
69775000	157
69780000	158
69785000	159
69790000	160
69795000	161
69800000	162
69805000	163
69810000	164
69815000	165
69820000	166
69825000	167
69830000	168
69835000	169
69840000	170
69845000	171
69850000	172
69855000	173
69860000	174
69865000	175
69870000	176
69875000	177
69880000	178
69885000	179
69890000	180
69895000	181
69900000	182
69905000	183
69910000	184
69915000	185
69920000	186
69925000	187
69930000	188
69935000	189
69940000	190
69945000	191
69950000	192
69955000	193
69960000	194
69965000	195
69970000	196
69975000	197
69980000	198
69985000	199
69990000	200
69995000	201
70000000	202
70005000	203
70010000	204
70015000	205
70020000	206
70025000	207
70030000	208
70035000	209
70040000	210
70045000	211
70050000	212
70055000	213
70060000	214
70065000	215
70070000	216
70075000	217
70080000	218
70085000	219
70090000	220
70095000	221
70100000	222
70105000	223
70110000	224
70115000	225
70120000	226
70125000	227
70130000	228
70135000	229
70140000	230
70145000	231
70150000	232
70155000	233
70160000	234
70165000	235
70170000	236
70175000	237
70180000	238
70185000	239
70190000	240
70195000	241
70200000	242
70205000	243
70210000	244
70215000	245
70220000	246
70225000	247
70230000	248
70235000	249
70240000	250
70245000	251
70250000	252
70255000	253
70260000	254
