33465000	0
33470000	1
33475000	2
33480000	3
33485000	4
33490000	5
33495000	6
33500000	7
33505000	8
33510000	9
33515000	10
33520000	11
33525000	12
33530000	13
33535000	14
33540000	15
33545000	16
33550000	17
33555000	18
33560000	19
33565000	20
33570000	21
33575000	22
33580000	23
33585000	24
33590000	25
33595000	26
33600000	27
33605000	28
33610000	29
33615000	30
33620000	31
33625000	32
33630000	33
33635000	34
33640000	35
33645000	36
33650000	37
33655000	38
33660000	39
33665000	40
33670000	41
33675000	42
33680000	43
33685000	44
33690000	45
33695000	46
33700000	47
33705000	48
33710000	49
33715000	50
33720000	51
33725000	52
33730000	53
33735000	54
33740000	55
33745000	56
33750000	57
33755000	58
33760000	59
33765000	60
33770000	61
33775000	62
33780000	63
33785000	64
33790000	65
33795000	66
33800000	67
33805000	68
33810000	69
33815000	70
33820000	71
33825000	72
33830000	73
33835000	74
33840000	75
33845000	76
33850000	77
33855000	78
33860000	79
33865000	80
33870000	81
33875000	82
33880000	83
33885000	84
33890000	85
33895000	86
33900000	87
33905000	88
33910000	89
33915000	90
33920000	91
33925000	92
33930000	93
33935000	94
33940000	95
33945000	96
33950000	97
33955000	98
33960000	99
33965000	100
33970000	101
33975000	102
33980000	103
33985000	104
33990000	105
33995000	106
34000000	107
34005000	108
34010000	109
34015000	110
34020000	111
34025000	112
34030000	113
34035000	114
34040000	115
34045000	116
34050000	117
34055000	118
34060000	119
34065000	120
34070000	121
34075000	122
34080000	123
34085000	124
34090000	125
34095000	126
34100000	127
34105000	128
34110000	129
34115000	130
34120000	131
34125000	132
34130000	133
34135000	134
34140000	135
34145000	136
34150000	137
34155000	138
34160000	139
34165000	140
34170000	141
34175000	142
34180000	143
34185000	144
34190000	145
34195000	146
34200000	147
34205000	148
34210000	149
34215000	150
34220000	151
34225000	152
34230000	153
34235000	154
34240000	155
34245000	156
34250000	157
34255000	158
34260000	159
34265000	160
34270000	161
34275000	162
34280000	163
34285000	164
34290000	165
34295000	166
34300000	167
34305000	168
34310000	169
34315000	170
34320000	171
34325000	172
34330000	173
34335000	174
34340000	175
34345000	176
34350000	177
34355000	178
34360000	179
34365000	180
34370000	181
34375000	182
34380000	183
34385000	184
34390000	185
34395000	186
34400000	187
34405000	188
34410000	189
34415000	190
34420000	191
34425000	192
34430000	193
34435000	194
34440000	195
34445000	196
34450000	197
34455000	198
34460000	199
34465000	200
34470000	201
34475000	202
34480000	203
34485000	204
34490000	205
34495000	206
34500000	207
34505000	208
34510000	209
34515000	210
34520000	211
34525000	212
34530000	213
34535000	214
34540000	215
34545000	216
34550000	217
34555000	218
34560000	219
34565000	220
34570000	221
34575000	222
34580000	223
34585000	224
34590000	225
34595000	226
34600000	227
34605000	228
34610000	229
34615000	230
34620000	231
34625000	232
34630000	233
34635000	234
34640000	235
34645000	236
34650000	237
34655000	238
34660000	239
34665000	240
34670000	241
34675000	242
34680000	243
34685000	244
34690000	245
34695000	246
34700000	247
34705000	248
34710000	249
34715000	250
34720000	251
34725000	252
34730000	253
34735000	254
34740000	255
34745000	256
34750000	257
34755000	258
34760000	259
34765000	260
34770000	261
34775000	262
34780000	263
34785000	264
34790000	265
34795000	266
34800000	267
34805000	268
34810000	269
34815000	270
34820000	271
34825000	272
34830000	273
34835000	274
34840000	275
34845000	276
34850000	277
34855000	278
34860000	279
34865000	280
34870000	281
34875000	282
34880000	283
34885000	284
34890000	285
34895000	286
34900000	287
34905000	288
34910000	289
34915000	290
34920000	291
34925000	292
34930000	293
34935000	294
34940000	295
34945000	296
34950000	297
34955000	298
34960000	299
34965000	300
34970000	301
34975000	302
34980000	303
34985000	304
34990000	305
34995000	306
35000000	307
35005000	308
35010000	309
35015000	310
35020000	311
35025000	312
35030000	313
35035000	314
35040000	315
35045000	316
35050000	317
35055000	318
35060000	319
35065000	320
35070000	321
35075000	322
35080000	323
35085000	324
35090000	325
35095000	326
35100000	327
35105000	328
35110000	329
35115000	330
35120000	331
35125000	332
35130000	333
35135000	334
35140000	335
35145000	336
35150000	337
35155000	338
35160000	339
35165000	340
35170000	341
35175000	342
35180000	343
35185000	344
35190000	345
35195000	346
35200000	347
35205000	348
35210000	349
35215000	350
35220000	351
35225000	352
35230000	353
35235000	354
35240000	355
35245000	356
35250000	357
35255000	358
35260000	359
35265000	360
35270000	361
35275000	362
35280000	363
35285000	364
35290000	365
35295000	366
35300000	367
35305000	368
35310000	369
35315000	370
35320000	371
35325000	372
35330000	373
35335000	374
35340000	375
35345000	376
35350000	377
35355000	378
35360000	379
35365000	380
35370000	381
35375000	382
35380000	383
35385000	384
35390000	385
35395000	386
35400000	387
35405000	388
35410000	389
35415000	390
35420000	391
35425000	392
35430000	393
35435000	394
35440000	395
35445000	396
35450000	397
35455000	398
35460000	399
35465000	400
35470000	401
35475000	402
35480000	403
35485000	404
35490000	405
35495000	406
35500000	407
35505000	408
35510000	409
35515000	410
35520000	411
35525000	412
35530000	413
35535000	414
35540000	415
35545000	416
35550000	417
35555000	418
35560000	419
35565000	420
35570000	421
35575000	422
35580000	423
35585000	424
35590000	425
35595000	426
35600000	427
35605000	428
35610000	429
35615000	430
35620000	431
35625000	432
35630000	433
35635000	434
35640000	435
35645000	436
35650000	437
35655000	438
35660000	439
35665000	440
35670000	441
35675000	442
35680000	443
35685000	444
35690000	445
35695000	446
35700000	447
35705000	448
35710000	449
35715000	450
35720000	451
35725000	452
35730000	453
35735000	454
35740000	455
35745000	456
35750000	457
35755000	458
35760000	459
35765000	460
35770000	461
35775000	462
35780000	463
35785000	464
35790000	465
35795000	466
35800000	467
35805000	468
35810000	469
35815000	470
35820000	471
35825000	472
35830000	473
35835000	474
35840000	475
35845000	476
35850000	477
35855000	478
35860000	479
35865000	480
35870000	481
35875000	482
35880000	483
35885000	484
35890000	485
35895000	486
35900000	487
35905000	488
35910000	489
35915000	490
35920000	491
35925000	492
35930000	493
35935000	494
35940000	495
35945000	496
35950000	497
35955000	498
35960000	499
35965000	500
35970000	501
35975000	502
35980000	503
35985000	504
35990000	505
35995000	506
36000000	507
36005000	508
36010000	509
36015000	510
36020000	511
36025000	512
36030000	513
36035000	514
36040000	515
36045000	516
36050000	517
36055000	518
36060000	519
36065000	520
36070000	521
36075000	522
36080000	523
36085000	524
36090000	525
36095000	526
36100000	527
36105000	528
36110000	529
36115000	530
36120000	531
36125000	532
36130000	533
36135000	534
36140000	535
36145000	536
36150000	537
36155000	538
36160000	539
36165000	540
36170000	541
36175000	542
36180000	543
36185000	544
36190000	545
36195000	546
36200000	547
36205000	548
36210000	549
36215000	550
36220000	551
36225000	552
36230000	553
36235000	554
36240000	555
36245000	556
36250000	557
36255000	558
36260000	559
36265000	560
36270000	561
36275000	562
36280000	563
36285000	564
36290000	565
36295000	566
36300000	567
36305000	568
36310000	569
36315000	570
36320000	571
36325000	572
36330000	573
36335000	574
36340000	575
36345000	576
36350000	577
36355000	578
36360000	579
36365000	580
36370000	581
36375000	582
36380000	583
36385000	584
36390000	585
36395000	586
36400000	587
36405000	588
36410000	589
36415000	590
36420000	591
36425000	592
36430000	593
36435000	594
36440000	595
36445000	596
36450000	597
36455000	598
36460000	599
36465000	600
36470000	601
36475000	602
36480000	603
36485000	604
36490000	605
36495000	606
36500000	607
36505000	608
36510000	609
36515000	610
36520000	611
36525000	612
36530000	613
36535000	614
36540000	615
36545000	616
36550000	617
36555000	618
36560000	619
36565000	620
36570000	621
36575000	622
36580000	623
36585000	624
36590000	625
36595000	626
36600000	627
36605000	628
36610000	629
36615000	630
36620000	631
36625000	632
36630000	633
36635000	634
36640000	635
36645000	636
36650000	637
36655000	638
36660000	639
36665000	640
36670000	641
36675000	642
36680000	643
36685000	644
36690000	645
36695000	646
36700000	647
36705000	648
36710000	649
36715000	650
36720000	651
36725000	652
36730000	653
36735000	654
36740000	655
36745000	656
36750000	657
36755000	658
36760000	659
36765000	660
36770000	661
36775000	662
36780000	663
36785000	664
36790000	665
36795000	666
36800000	667
36805000	668
36810000	669
36815000	670
36820000	671
36825000	672
36830000	673
36835000	674
36840000	675
36845000	676
36850000	677
36855000	678
36860000	679
36865000	680
36870000	681
36875000	682
36880000	683
36885000	684
36890000	685
36895000	686
36900000	687
36905000	688
36910000	689
36915000	690
36920000	691
36925000	692
36930000	693
