17135000	0
17140000	1
17145000	2
17150000	3
17155000	4
17160000	5
17165000	6
17170000	7
17175000	8
17180000	9
17185000	10
17190000	11
17195000	12
17200000	13
17205000	14
17210000	15
17215000	16
17220000	17
17225000	18
17230000	19
17235000	20
17240000	21
17245000	22
17250000	23
17255000	24
17260000	25
17265000	26
17270000	27
17275000	28
17280000	29
17285000	30
17290000	31
17295000	32
17300000	33
17305000	34
17310000	35
17315000	36
17320000	37
17325000	38
17330000	39
17335000	40
17340000	41
17345000	42
17350000	43
17355000	44
17360000	45
17365000	46
17370000	47
17375000	48
17380000	49
17385000	50
17390000	51
17395000	52
17400000	53
17405000	54
17410000	55
17415000	56
17420000	57
17425000	58
17430000	59
17435000	60
17440000	61
17445000	62
17450000	63
17455000	64
17460000	65
17465000	66
17470000	67
17475000	68
17480000	69
17485000	70
17490000	71
17495000	72
17500000	73
17505000	74
17510000	75
17515000	76
17520000	77
17525000	78
17530000	79
17535000	80
17540000	81
17545000	82
17550000	83
17555000	84
17560000	85
17565000	86
17570000	87
17575000	88
17580000	89
