45185000	0
45186000	1
45187000	2
45188000	3
45189000	4
45190000	5
45191000	6
45192000	7
45193000	8
45194000	9
45195000	10
45196000	11
45197000	12
45198000	13
45199000	14
45200000	15
45201000	16
45202000	17
45203000	18
45204000	19
45205000	20
45206000	21
45207000	22
45208000	23
45209000	24
45210000	25
45211000	26
45212000	27
45213000	28
45214000	29
45215000	30
45216000	31
45217000	32
45218000	33
45219000	34
45220000	35
45221000	36
45222000	37
45223000	38
45224000	39
45225000	40
45226000	41
45227000	42
45228000	43
45229000	44
45230000	45
45231000	46
45232000	47
45233000	48
45234000	49
45235000	50
45236000	51
45237000	52
45238000	53
45239000	54
45240000	55
45241000	56
45242000	57
45243000	58
45244000	59
45245000	60
45246000	61
45247000	62
45248000	63
45249000	64
45250000	65
45251000	66
45252000	67
45253000	68
45254000	69
45255000	70
45256000	71
45257000	72
45258000	73
45259000	74
45260000	75
45262000	76
45263000	77
45264000	78
45265000	79
45266000	80
45267000	81
45268000	82
45269000	83
45270000	84
45271000	85
45272000	86
45273000	87
45274000	88
45275000	89
45276000	90
45277000	91
45278000	92
45279000	93
45280000	94
45281000	95
45282000	96
45283000	97
45284000	98
45285000	99
45286000	100
45287000	101
45288000	102
45289000	103
45290000	104
45291000	105
45292000	106
45293000	107
45294000	108
45295000	109
45296000	110
45297000	111
45298000	112
45299000	113
45300000	114
45301000	115
45302000	116
45303000	117
45304000	118
45305000	119
45306000	120
45307000	121
45308000	122
45309000	123
45310000	124
45311000	125
45312000	126
45313000	127
45314000	128
45315000	129
45316000	130
45317000	131
45318000	132
45319000	133
45320000	134
45321000	135
45322000	136
45323000	137
45324000	138
45325000	139
45326000	140
45327000	141
45328000	142
45329000	143
45330000	144
45331000	145
45332000	146
45333000	147
45334000	148
45335000	149
45336000	150
45337000	151
45338000	152
45339000	153
45340000	154
45341000	155
45342000	156
45343000	157
45344000	158
45345000	159
45346000	160
45347000	161
45348000	162
45349000	163
45350000	164
45351000	165
45352000	166
45353000	167
45354000	168
45355000	169
45356000	170
45357000	171
45358000	172
45359000	173
45360000	174
45361000	175
45362000	176
45363000	177
45364000	178
45365000	179
45366000	180
45367000	181
45368000	182
45369000	183
45370000	184
45371000	185
45372000	186
45373000	187
45374000	188
45375000	189
45376000	190
45377000	191
45378000	192
45379000	193
45380000	194
45381000	195
45382000	196
45383000	197
45384000	198
45385000	199
45386000	200
45387000	201
45388000	202
45389000	203
45390000	204
45391000	205
45392000	206
45393000	207
45394000	208
45395000	209
45396000	210
45397000	211
45398000	212
45399000	213
45400000	214
45401000	215
45402000	216
45403000	217
45404000	218
45405000	219
45406000	220
45407000	221
45408000	222
45409000	223
45410000	224
45411000	225
45412000	226
45413000	227
45414000	228
45415000	229
45416000	230
45417000	231
45418000	232
45419000	233
45420000	234
45421000	235
45422000	236
45423000	237
45424000	238
45425000	239
45426000	240
45427000	241
45428000	242
45429000	243
45430000	244
45431000	245
45432000	246
45433000	247
45434000	248
45435000	249
45436000	250
45437000	251
45438000	252
45439000	253
45440000	254
45441000	255
45442000	256
45443000	257
45444000	258
45445000	259
45446000	260
45447000	261
45448000	262
45449000	263
45450000	264
45451000	265
45452000	266
45453000	267
45454000	268
45455000	269
45456000	270
45457000	271
45458000	272
45459000	273
45460000	274
45461000	275
45462000	276
45463000	277
45464000	278
45465000	279
45466000	280
45467000	281
45468000	282
45469000	283
45470000	284
45471000	285
45472000	286
45473000	287
45474000	288
45475000	289
45476000	290
45477000	291
45478000	292
45479000	293
45480000	294
45481000	295
45482000	296
45483000	297
45484000	298
45485000	299
45486000	300
45487000	301
45488000	302
45489000	303
45490000	304
45491000	305
45492000	306
45493000	307
45494000	308
45495000	309
45496000	310
45497000	311
45498000	312
45499000	313
45500000	314
45501000	315
45502000	316
45503000	317
45504000	318
45505000	319
45506000	320
45507000	321
45508000	322
45509000	323
45510000	324
45511000	325
45512000	326
45513000	327
45514000	328
45515000	329
45516000	330
45517000	331
45518000	332
45519000	333
45520000	334
45521000	335
45522000	336
45523000	337
45524000	338
45525000	339
45526000	340
45527000	341
45528000	342
45529000	343
45530000	344
45531000	345
45532000	346
45533000	347
45534000	348
45535000	349
45536000	350
45537000	351
45538000	352
45539000	353
45540000	354
45541000	355
45542000	356
45543000	357
45544000	358
45545000	359
45546000	360
45547000	361
45548000	362
45549000	363
45550000	364
45551000	365
45552000	366
45553000	367
45554000	368
45555000	369
45556000	370
45557000	371
45558000	372
45559000	373
45560000	374
45561000	375
45562000	376
45563000	377
45564000	378
45565000	379
45566000	380
45567000	381
45568000	382
45569000	383
45570000	384
45571000	385
45572000	386
45573000	387
45574000	388
45575000	389
45576000	390
45577000	391
45578000	392
45579000	393
45580000	394
45581000	395
45582000	396
45583000	397
45584000	398
45585000	399
45586000	400
45587000	401
45588000	402
45589000	403
45590000	404
45591000	405
45592000	406
45593000	407
45594000	408
45595000	409
45596000	410
45597000	411
45598000	412
45599000	413
45600000	414
45601000	415
45602000	416
45603000	417
45604000	418
45605000	419
45606000	420
45607000	421
45608000	422
45609000	423
45610000	424
45611000	425
45612000	426
45613000	427
45614000	428
45615000	429
45616000	430
45617000	431
45618000	432
45619000	433
45620000	434
45621000	435
45622000	436
45623000	437
45624000	438
45625000	439
45626000	440
45627000	441
45628000	442
45629000	443
45630000	444
45631000	445
45632000	446
45633000	447
45634000	448
45635000	449
45636000	450
45637000	451
45638000	452
45639000	453
45640000	454
45641000	455
45642000	456
45643000	457
45644000	458
45645000	459
45646000	460
45647000	461
45648000	462
45649000	463
45650000	464
45651000	465
45652000	466
45653000	467
45654000	468
45655000	469
45656000	470
45657000	471
45658000	472
45659000	473
45660000	474
45661000	475
45662000	476
45663000	477
45664000	478
45665000	479
45667000	480
45668000	481
45669000	482
45670000	483
45671000	484
45672000	485
45673000	486
45674000	487
45675000	488
45676000	489
45677000	490
45678000	491
45679000	492
45680000	493
45681000	494
45682000	495
45683000	496
45684000	497
45685000	498
45686000	499
45687000	500
45688000	501
45689000	502
45690000	503
45691000	504
45692000	505
45693000	506
45694000	507
45695000	508
45696000	509
45697000	510
45698000	511
45699000	512
45700000	513
45701000	514
45702000	515
45703000	516
45704000	517
45705000	518
45706000	519
45707000	520
45708000	521
45709000	522
45710000	523
45711000	524
45712000	525
45713000	526
45714000	527
45715000	528
45716000	529
45717000	530
45718000	531
45719000	532
45720000	533
45721000	534
45722000	535
45723000	536
45724000	537
45725000	538
45726000	539
45727000	540
45728000	541
45729000	542
45730000	543
45731000	544
45732000	545
45733000	546
45734000	547
45735000	548
45736000	549
45737000	550
45738000	551
45739000	552
45740000	553
45741000	554
45742000	555
45743000	556
45744000	557
45745000	558
45746000	559
45747000	560
45748000	561
45749000	562
45750000	563
45751000	564
45752000	565
45753000	566
45755000	567
45756000	568
45757000	569
45758000	570
45759000	571
45760000	572
45761000	573
45762000	574
45763000	575
45764000	576
45765000	577
45766000	578
45767000	579
45768000	580
45769000	581
45770000	582
