33371000	0
33372000	1
33373000	2
33374000	3
33375000	4
33376000	5
33377000	6
33378000	7
33379000	8
33380000	9
33381000	10
33382000	11
33383000	12
33384000	13
33385000	14
33386000	15
33387000	16
33388000	17
33389000	18
33390000	19
33391000	20
33392000	21
33393000	22
33394000	23
33395000	24
33396000	25
33397000	26
33398000	27
33399000	28
33400000	29
33401000	30
33402000	31
33403000	32
33404000	33
33405000	34
33406000	35
33407000	36
33408000	37
33409000	38
33410000	39
33411000	40
33412000	41
33413000	42
33414000	43
33415000	44
33416000	45
33417000	46
33418000	47
33419000	48
33420000	49
33421000	50
33422000	51
33423000	52
33424000	53
33425000	54
33426000	55
33427000	56
33428000	57
33429000	58
33430000	59
33431000	60
33432000	61
33433000	62
33434000	63
33435000	64
33436000	65
33437000	66
33438000	67
33439000	68
33440000	69
33441000	70
33442000	71
33443000	72
33444000	73
33445000	74
33446000	75
33447000	76
33448000	77
33449000	78
33450000	79
33451000	80
33452000	81
33453000	82
33454000	83
33455000	84
33456000	85
33457000	86
33458000	87
33459000	88
33460000	89
33461000	90
33462000	91
33463000	92
33464000	93
33465000	94
33466000	95
33467000	96
33468000	97
33469000	98
33470000	99
33471000	100
33472000	101
33473000	102
33474000	103
33475000	104
33476000	105
33477000	106
33478000	107
33479000	108
33480000	109
33481000	110
33482000	111
33483000	112
33484000	113
33485000	114
33486000	115
33487000	116
33488000	117
33489000	118
33490000	119
33491000	120
33492000	121
33493000	122
33494000	123
33495000	124
33496000	125
33497000	126
33498000	127
33499000	128
33500000	129
33501000	130
33502000	131
33503000	132
33504000	133
33505000	134
33506000	135
33507000	136
33508000	137
33509000	138
33510000	139
33511000	140
33512000	141
33513000	142
33514000	143
33515000	144
33516000	145
33517000	146
33518000	147
33519000	148
33520000	149
33521000	150
33522000	151
33523000	152
33524000	153
33525000	154
33526000	155
33527000	156
33528000	157
33529000	158
33530000	159
33531000	160
33532000	161
33533000	162
33534000	163
33535000	164
33536000	165
33537000	166
33538000	167
33539000	168
33540000	169
33541000	170
33542000	171
33543000	172
33544000	173
33545000	174
33546000	175
33547000	176
33548000	177
33549000	178
33550000	179
33551000	180
33552000	181
33553000	182
33554000	183
33555000	184
33556000	185
33557000	186
33558000	187
33559000	188
33560000	189
33561000	190
33562000	191
33563000	192
33564000	193
33565000	194
33566000	195
33567000	196
33568000	197
33569000	198
33570000	199
33571000	200
33572000	201
33573000	202
33574000	203
33575000	204
33576000	205
33577000	206
33578000	207
33579000	208
33580000	209
33581000	210
33582000	211
33583000	212
33584000	213
33585000	214
33586000	215
33587000	216
33588000	217
33589000	218
33590000	219
33591000	220
33592000	221
33593000	222
33594000	223
33595000	224
33596000	225
33597000	226
33598000	227
33599000	228
33600000	229
33601000	230
33602000	231
33603000	232
33604000	233
33605000	234
33606000	235
33607000	236
33608000	237
33609000	238
33610000	239
33611000	240
33612000	241
33613000	242
33614000	243
33615000	244
33616000	245
33617000	246
33618000	247
33619000	248
33620000	249
33621000	250
33622000	251
33623000	252
33624000	253
33625000	254
33626000	255
33627000	256
33628000	257
33629000	258
33630000	259
33631000	260
33632000	261
33633000	262
33634000	263
33635000	264
33636000	265
33637000	266
33638000	267
33639000	268
33640000	269
33641000	270
33642000	271
33643000	272
33644000	273
33645000	274
33646000	275
33648000	276
33649000	277
33650000	278
33651000	279
33652000	280
33653000	281
33654000	282
33655000	283
33656000	284
33657000	285
33658000	286
33659000	287
33660000	288
33661000	289
33662000	290
33663000	291
33664000	292
33665000	293
33666000	294
33667000	295
33668000	296
33669000	297
33670000	298
33671000	299
33672000	300
33673000	301
33674000	302
33675000	303
33676000	304
33677000	305
33678000	306
33679000	307
33680000	308
33681000	309
33682000	310
33683000	311
33684000	312
33685000	313
33686000	314
33687000	315
33688000	316
33689000	317
33690000	318
33691000	319
33692000	320
33693000	321
33694000	322
33695000	323
33696000	324
33697000	325
33698000	326
33699000	327
33700000	328
33701000	329
33702000	330
33703000	331
33704000	332
33705000	333
33706000	334
33707000	335
33708000	336
33709000	337
33710000	338
33711000	339
33712000	340
33713000	341
33714000	342
33715000	343
33716000	344
33717000	345
33718000	346
33719000	347
33720000	348
33721000	349
33722000	350
33723000	351
33724000	352
33725000	353
33726000	354
33727000	355
33728000	356
33729000	357
33730000	358
33731000	359
33732000	360
33733000	361
33734000	362
33735000	363
33736000	364
33737000	365
33738000	366
33739000	367
33740000	368
33741000	369
33742000	370
33743000	371
33744000	372
33745000	373
33746000	374
33747000	375
33748000	376
33749000	377
33750000	378
33751000	379
33752000	380
33753000	381
33754000	382
33755000	383
33756000	384
33757000	385
33758000	386
33759000	387
33760000	388
33761000	389
33762000	390
33763000	391
33764000	392
33765000	393
33766000	394
33767000	395
33768000	396
33769000	397
33770000	398
33771000	399
33772000	400
33773000	401
33774000	402
33775000	403
33776000	404
33777000	405
33778000	406
33779000	407
33780000	408
33781000	409
33782000	410
33783000	411
33784000	412
33785000	413
33786000	414
33787000	415
33788000	416
33789000	417
33790000	418
33791000	419
33792000	420
33793000	421
33794000	422
33795000	423
33796000	424
33797000	425
33798000	426
33799000	427
33800000	428
