116321000	0
116322000	1
116323000	2
116324000	3
116325000	4
116326000	5
116327000	6
116328000	7
116329000	8
116330000	9
116331000	10
116332000	11
116333000	12
116334000	13
116335000	14
116336000	15
116337000	16
116338000	17
116339000	18
116340000	19
116341000	20
116342000	21
116343000	22
116344000	23
116345000	24
116346000	25
116347000	26
116348000	27
116349000	28
116350000	29
116351000	30
116352000	31
116353000	32
116354000	33
116355000	34
116356000	35
116357000	36
116358000	37
116359000	38
116360000	39
116361000	40
116362000	41
116363000	42
116364000	43
116365000	44
116366000	45
116367000	46
116368000	47
116369000	48
116370000	49
116371000	50
116372000	51
116373000	52
116374000	53
116375000	54
116376000	55
116377000	56
116378000	57
116379000	58
116380000	59
116381000	60
116382000	61
116383000	62
116384000	63
116385000	64
116386000	65
116387000	66
116388000	67
116389000	68
116390000	69
116391000	70
116392000	71
116393000	72
116394000	73
116395000	74
116396000	75
116397000	76
116398000	77
116399000	78
116400000	79
116401000	80
116402000	81
116403000	82
116404000	83
116405000	84
116406000	85
116407000	86
116408000	87
116409000	88
116410000	89
116411000	90
116412000	91
116413000	92
116414000	93
116415000	94
116416000	95
116417000	96
116418000	97
116419000	98
116420000	99
116421000	100
116422000	101
116423000	102
116424000	103
116425000	104
116426000	105
116427000	106
116428000	107
116429000	108
116430000	109
116431000	110
116432000	111
116433000	112
116434000	113
116435000	114
116436000	115
116437000	116
116438000	117
116439000	118
116440000	119
116441000	120
116442000	121
116443000	122
116444000	123
116445000	124
116446000	125
116447000	126
116448000	127
116449000	128
116450000	129
116451000	130
116452000	131
116453000	132
116454000	133
116455000	134
116456000	135
116457000	136
116458000	137
116459000	138
116460000	139
116461000	140
116462000	141
116463000	142
116464000	143
116465000	144
116466000	145
116467000	146
116468000	147
116469000	148
116470000	149
116471000	150
116472000	151
116473000	152
116474000	153
116475000	154
116476000	155
116477000	156
116478000	157
116479000	158
116480000	159
116481000	160
116482000	161
116483000	162
116484000	163
116485000	164
116486000	165
116487000	166
116488000	167
116489000	168
116490000	169
116491000	170
116492000	171
116493000	172
116494000	173
116495000	174
116496000	175
116497000	176
116498000	177
116499000	178
116500000	179
116501000	180
116502000	181
116503000	182
116504000	183
116505000	184
116506000	185
116507000	186
116508000	187
116509000	188
116510000	189
116511000	190
116512000	191
116513000	192
116514000	193
116515000	194
116516000	195
116517000	196
116518000	197
116519000	198
116520000	199
116521000	200
116522000	201
116523000	202
116524000	203
116525000	204
116526000	205
116527000	206
116528000	207
116529000	208
116530000	209
116531000	210
116532000	211
116533000	212
116534000	213
116535000	214
116536000	215
116537000	216
116538000	217
116539000	218
116540000	219
