86585000	0
86590000	1
86595000	2
86600000	3
86605000	4
86610000	5
86615000	6
86620000	7
86625000	8
86630000	9
86635000	10
86640000	11
86645000	12
86650000	13
86655000	14
86660000	15
86665000	16
86670000	17
86675000	18
86680000	19
86685000	20
86690000	21
86695000	22
86700000	23
86705000	24
86710000	25
86715000	26
86720000	27
86725000	28
86730000	29
86735000	30
86740000	31
86745000	32
86750000	33
86755000	34
86760000	35
86765000	36
86770000	37
86775000	38
86780000	39
86785000	40
86790000	41
86795000	42
86800000	43
86805000	44
86810000	45
86815000	46
86820000	47
86825000	48
86830000	49
86835000	50
86840000	51
86845000	52
86850000	53
86855000	54
86860000	55
86865000	56
86870000	57
86875000	58
86880000	59
86885000	60
86890000	61
86895000	62
86900000	63
86905000	64
86910000	65
86915000	66
86920000	67
86925000	68
86930000	69
86935000	70
86940000	71
86945000	72
86950000	73
86955000	74
86960000	75
86965000	76
86970000	77
86975000	78
86980000	79
86985000	80
86990000	81
86995000	82
87000000	83
87005000	84
87010000	85
87015000	86
87020000	87
87025000	88
87030000	89
87035000	90
87040000	91
87045000	92
87050000	93
87055000	94
87060000	95
87065000	96
87070000	97
87075000	98
87080000	99
87085000	100
87090000	101
87095000	102
87100000	103
87105000	104
87110000	105
87115000	106
87120000	107
87125000	108
87130000	109
87135000	110
87140000	111
87145000	112
87150000	113
87155000	114
87160000	115
87165000	116
87170000	117
87175000	118
87180000	119
87185000	120
87190000	121
87195000	122
87200000	123
87205000	124
87210000	125
87215000	126
87220000	127
87225000	128
87230000	129
87235000	130
87240000	131
87245000	132
87250000	133
87255000	134
87260000	135
87265000	136
87270000	137
87275000	138
87280000	139
87285000	140
87290000	141
87295000	142
87300000	143
87305000	144
87310000	145
87315000	146
87320000	147
87325000	148
