35595000	0
35600000	1
35605000	2
35610000	3
35615000	4
35620000	5
35625000	6
35630000	7
35635000	8
35640000	9
35645000	10
35650000	11
35655000	12
35660000	13
35665000	14
35670000	15
35675000	16
35680000	17
35685000	18
35690000	19
35695000	20
35700000	21
35705000	22
35710000	23
35715000	24
35720000	25
35725000	26
35730000	27
35735000	28
35740000	29
35745000	30
35750000	31
35755000	32
35760000	33
35765000	34
35770000	35
35775000	36
35780000	37
35785000	38
35790000	39
35795000	40
35800000	41
35805000	42
35810000	43
35815000	44
35820000	45
35825000	46
35830000	47
35835000	48
35840000	49
35845000	50
35850000	51
35855000	52
35860000	53
35865000	54
35870000	55
35875000	56
35880000	57
35885000	58
35890000	59
35895000	60
35900000	61
35905000	62
35910000	63
35915000	64
35920000	65
35925000	66
35930000	67
35935000	68
35940000	69
35945000	70
35950000	71
35955000	72
35960000	73
35965000	74
35970000	75
35975000	76
35980000	77
35985000	78
35990000	79
35995000	80
36000000	81
36005000	82
36010000	83
36015000	84
36020000	85
36025000	86
36030000	87
36035000	88
36040000	89
36045000	90
36050000	91
36055000	92
36060000	93
36065000	94
36070000	95
36075000	96
36080000	97
36085000	98
36090000	99
36095000	100
36100000	101
36105000	102
36110000	103
36115000	104
36120000	105
36125000	106
36130000	107
36135000	108
36140000	109
36145000	110
36150000	111
36155000	112
36160000	113
36165000	114
36170000	115
36175000	116
36180000	117
36185000	118
36190000	119
36195000	120
36200000	121
36205000	122
36210000	123
36215000	124
36220000	125
36225000	126
36230000	127
36235000	128
36240000	129
36245000	130
36250000	131
36255000	132
36260000	133
36265000	134
36270000	135
36275000	136
36280000	137
36285000	138
36290000	139
36295000	140
36300000	141
36305000	142
36310000	143
36315000	144
36320000	145
