54600000	0
54605000	1
54610000	2
54615000	3
54620000	4
54625000	5
54630000	6
54635000	7
54640000	8
54645000	9
54650000	10
54655000	11
54660000	12
54665000	13
54670000	14
54675000	15
54680000	16
54685000	17
54690000	18
54695000	19
54700000	20
54705000	21
54710000	22
54715000	23
54720000	24
54725000	25
54730000	26
54735000	27
54740000	28
54745000	29
54750000	30
54755000	31
54760000	32
54765000	33
54770000	34
54775000	35
54780000	36
54785000	37
54790000	38
54795000	39
54800000	40
54805000	41
54810000	42
54815000	43
54820000	44
54825000	45
54830000	46
54835000	47
54840000	48
54845000	49
54850000	50
54855000	51
54860000	52
54865000	53
54870000	54
54875000	55
54880000	56
54885000	57
54890000	58
54895000	59
54900000	60
54905000	61
54910000	62
54915000	63
54920000	64
54925000	65
54930000	66
54935000	67
54940000	68
54945000	69
54950000	70
54955000	71
54960000	72
54965000	73
54970000	74
54975000	75
54980000	76
54985000	77
54990000	78
54995000	79
55000000	80
