79895000	0
79900000	1
79905000	2
79910000	3
79915000	4
79920000	5
79925000	6
79930000	7
79935000	8
79940000	9
79945000	10
79950000	11
79955000	12
79960000	13
79965000	14
79970000	15
79975000	16
79980000	17
79985000	18
79990000	19
79995000	20
80000000	21
80005000	22
80010000	23
80015000	24
80020000	25
80025000	26
80030000	27
80035000	28
80040000	29
80045000	30
80050000	31
80055000	32
80060000	33
80065000	34
80070000	35
80075000	36
80080000	37
80085000	38
80090000	39
80095000	40
80100000	41
80105000	42
80110000	43
80115000	44
80120000	45
80125000	46
80130000	47
80135000	48
80140000	49
80145000	50
80150000	51
80155000	52
80160000	53
