37400000	0
37405000	1
37410000	2
37415000	3
37420000	4
37425000	5
37430000	6
37435000	7
37440000	8
37445000	9
37450000	10
37455000	11
37460000	12
37465000	13
37470000	14
37475000	15
37480000	16
37485000	17
37490000	18
37495000	19
37500000	20
37505000	21
37510000	22
37515000	23
37520000	24
37525000	25
37530000	26
37535000	27
37540000	28
37545000	29
37550000	30
37555000	31
37560000	32
37565000	33
37570000	34
37575000	35
37580000	36
37585000	37
37590000	38
37595000	39
37600000	40
37605000	41
37610000	42
37615000	43
37620000	44
37625000	45
37630000	46
37635000	47
37640000	48
37645000	49
37650000	50
37655000	51
37660000	52
37665000	53
37670000	54
37675000	55
37680000	56
37685000	57
37690000	58
37695000	59
37700000	60
37705000	61
37710000	62
37715000	63
37720000	64
37725000	65
37730000	66
37735000	67
37740000	68
37745000	69
37750000	70
37755000	71
37760000	72
37765000	73
37770000	74
37775000	75
37780000	76
37785000	77
37790000	78
37795000	79
37800000	80
37805000	81
37810000	82
