108850000	0
108855000	1
108860000	2
108865000	3
108870000	4
108875000	5
108880000	6
108885000	7
108890000	8
108895000	9
108900000	10
108905000	11
108910000	12
108915000	13
108920000	14
108925000	15
108930000	16
108935000	17
108940000	18
108945000	19
108950000	20
108955000	21
108960000	22
108965000	23
108970000	24
108975000	25
108980000	26
108985000	27
108990000	28
108995000	29
109000000	30
109005000	31
109010000	32
109015000	33
109020000	34
109025000	35
109030000	36
109035000	37
109040000	38
109045000	39
109050000	40
109055000	41
109060000	42
109065000	43
109070000	44
109075000	45
109080000	46
109085000	47
109090000	48
109095000	49
109100000	50
109105000	51
109110000	52
109115000	53
109120000	54
109125000	55
109130000	56
109135000	57
109140000	58
109145000	59
109150000	60
109155000	61
109160000	62
109165000	63
109170000	64
109175000	65
109180000	66
109185000	67
109190000	68
109195000	69
109200000	70
109205000	71
109210000	72
109215000	73
109220000	74
109225000	75
109230000	76
109235000	77
109240000	78
109245000	79
109250000	80
109255000	81
109260000	82
109265000	83
109270000	84
109275000	85
109280000	86
109285000	87
109290000	88
109295000	89
109300000	90
109305000	91
109310000	92
109315000	93
109320000	94
109325000	95
109330000	96
109335000	97
109340000	98
109345000	99
109350000	100
109355000	101
109360000	102
109365000	103
109370000	104
109375000	105
109380000	106
109385000	107
109390000	108
109395000	109
109400000	110
109405000	111
109410000	112
