174365000	0
174370000	1
174375000	2
174380000	3
174385000	4
174390000	5
174395000	6
174400000	7
174405000	8
174410000	9
174415000	10
174420000	11
174425000	12
174430000	13
174435000	14
174440000	15
174445000	16
174450000	17
174455000	18
174460000	19
174465000	20
174470000	21
174475000	22
174480000	23
174485000	24
174490000	25
174495000	26
174500000	27
174505000	28
174510000	29
174515000	30
174520000	31
174525000	32
174530000	33
174535000	34
174540000	35
174545000	36
174550000	37
174555000	38
174560000	39
174565000	40
174570000	41
174575000	42
174580000	43
174585000	44
174590000	45
174595000	46
174600000	47
174605000	48
174610000	49
174615000	50
174620000	51
174625000	52
174630000	53
174635000	54
174640000	55
174645000	56
174650000	57
174655000	58
174660000	59
174665000	60
174670000	61
174675000	62
174680000	63
174685000	64
174690000	65
174695000	66
174700000	67
174705000	68
174710000	69
174715000	70
174720000	71
174725000	72
174730000	73
174735000	74
174740000	75
174745000	76
174750000	77
174755000	78
174760000	79
174765000	80
174770000	81
174775000	82
174780000	83
174785000	84
174790000	85
174795000	86
174800000	87
174805000	88
174810000	89
174815000	90
174820000	91
174825000	92
174830000	93
174835000	94
174840000	95
174845000	96
174850000	97
174855000	98
174860000	99
174865000	100
174870000	101
174875000	102
174880000	103
174885000	104
174890000	105
174895000	106
174900000	107
174905000	108
174910000	109
174915000	110
174920000	111
174925000	112
174930000	113
174935000	114
174940000	115
174945000	116
174950000	117
174955000	118
174960000	119
174965000	120
174970000	121
174975000	122
174980000	123
174985000	124
174990000	125
174995000	126
175000000	127
175005000	128
175010000	129
175015000	130
175020000	131
175025000	132
175030000	133
175035000	134
175040000	135
175045000	136
175050000	137
175055000	138
175060000	139
175065000	140
175070000	141
175075000	142
175080000	143
175085000	144
175090000	145
175095000	146
175100000	147
175105000	148
175110000	149
175115000	150
175120000	151
175125000	152
