79385000	0
79390000	1
79395000	2
79400000	3
79405000	4
79410000	5
79415000	6
79420000	7
79425000	8
79430000	9
79435000	10
79440000	11
79445000	12
79450000	13
79455000	14
79460000	15
79465000	16
79470000	17
79475000	18
79480000	19
79485000	20
79490000	21
79495000	22
79500000	23
79505000	24
79510000	25
79515000	26
79520000	27
79525000	28
79530000	29
79535000	30
79540000	31
79545000	32
79550000	33
79555000	34
79560000	35
79565000	36
79570000	37
79575000	38
79580000	39
79585000	40
79590000	41
79595000	42
79600000	43
79605000	44
79610000	45
79615000	46
79620000	47
79625000	48
79630000	49
79635000	50
79640000	51
79645000	52
79650000	53
79655000	54
79660000	55
79665000	56
79670000	57
79675000	58
79680000	59
79685000	60
79690000	61
79695000	62
79700000	63
79705000	64
79710000	65
79715000	66
79720000	67
79725000	68
79730000	69
79735000	70
79740000	71
79745000	72
79750000	73
79755000	74
79760000	75
79765000	76
79770000	77
79775000	78
79780000	79
79785000	80
79790000	81
79795000	82
79800000	83
79805000	84
79810000	85
79815000	86
79820000	87
79825000	88
79830000	89
79835000	90
79840000	91
79845000	92
79850000	93
79855000	94
79860000	95
79865000	96
79870000	97
79875000	98
79880000	99
79885000	100
79890000	101
79895000	102
79900000	103
79905000	104
79910000	105
79915000	106
79920000	107
79925000	108
79930000	109
79935000	110
79940000	111
79945000	112
79950000	113
79955000	114
79960000	115
79965000	116
79970000	117
79975000	118
79980000	119
79985000	120
79990000	121
79995000	122
80000000	123
80005000	124
80010000	125
80015000	126
80020000	127
80025000	128
80030000	129
80035000	130
80040000	131
80045000	132
80050000	133
80055000	134
80060000	135
80065000	136
80070000	137
80075000	138
80080000	139
80085000	140
80090000	141
80095000	142
80100000	143
80105000	144
80110000	145
80115000	146
80120000	147
80125000	148
80130000	149
80135000	150
80140000	151
80145000	152
80150000	153
80155000	154
80160000	155
80165000	156
80170000	157
80175000	158
80180000	159
80185000	160
80190000	161
80195000	162
80200000	163
80205000	164
80210000	165
80215000	166
80220000	167
80225000	168
80230000	169
80235000	170
80240000	171
80245000	172
80250000	173
80255000	174
80260000	175
80265000	176
80270000	177
80275000	178
80280000	179
80285000	180
80290000	181
80295000	182
80300000	183
80305000	184
80310000	185
80315000	186
80320000	187
80325000	188
80330000	189
80335000	190
80340000	191
80345000	192
80350000	193
80355000	194
80360000	195
80365000	196
80370000	197
80375000	198
80380000	199
80385000	200
80390000	201
80395000	202
80400000	203
80405000	204
80410000	205
80415000	206
80420000	207
80425000	208
80430000	209
80435000	210
80440000	211
80445000	212
80450000	213
80455000	214
80460000	215
80465000	216
80470000	217
80475000	218
80480000	219
80485000	220
80490000	221
80495000	222
80500000	223
80505000	224
80510000	225
80515000	226
80520000	227
80525000	228
80530000	229
80535000	230
80540000	231
80545000	232
80550000	233
80555000	234
80560000	235
80565000	236
80570000	237
80575000	238
80580000	239
80585000	240
80590000	241
80595000	242
