77760000	0
77765000	1
77770000	2
77775000	3
77780000	4
77785000	5
77790000	6
77795000	7
77800000	8
77805000	9
77810000	10
77815000	11
77820000	12
77825000	13
77830000	14
77835000	15
77840000	16
77845000	17
77850000	18
77855000	19
77860000	20
77865000	21
77870000	22
77875000	23
77880000	24
77885000	25
77890000	26
77895000	27
77900000	28
77905000	29
77910000	30
77915000	31
77920000	32
77925000	33
77930000	34
77935000	35
77940000	36
77945000	37
77950000	38
77955000	39
77960000	40
77965000	41
77970000	42
77975000	43
77980000	44
77985000	45
77990000	46
77995000	47
78000000	48
78005000	49
78010000	50
78015000	51
78020000	52
78025000	53
78030000	54
78035000	55
78040000	56
78045000	57
78050000	58
78055000	59
78060000	60
78065000	61
78070000	62
78075000	63
78080000	64
78085000	65
78090000	66
78095000	67
78100000	68
78105000	69
78110000	70
78115000	71
78120000	72
78125000	73
78130000	74
78135000	75
78140000	76
78145000	77
78150000	78
78155000	79
78160000	80
78165000	81
78170000	82
78175000	83
78180000	84
78185000	85
78190000	86
78195000	87
78200000	88
78205000	89
78210000	90
78215000	91
78220000	92
78225000	93
78230000	94
78235000	95
78240000	96
78245000	97
78250000	98
78255000	99
78260000	100
78265000	101
78270000	102
78275000	103
78280000	104
78285000	105
78290000	106
78295000	107
78300000	108
78305000	109
78310000	110
78315000	111
78320000	112
78325000	113
78330000	114
78335000	115
78340000	116
78345000	117
78350000	118
78355000	119
78360000	120
78365000	121
78370000	122
78375000	123
78380000	124
78385000	125
78390000	126
78395000	127
78400000	128
78405000	129
78410000	130
78415000	131
78420000	132
78425000	133
78430000	134
78435000	135
78440000	136
78445000	137
78450000	138
78455000	139
78460000	140
78465000	141
78470000	142
78475000	143
78480000	144
78485000	145
78490000	146
78495000	147
78500000	148
78505000	149
78510000	150
78515000	151
78520000	152
78525000	153
78530000	154
78535000	155
78540000	156
78545000	157
78550000	158
78555000	159
78560000	160
78565000	161
78570000	162
78575000	163
78580000	164
78585000	165
78590000	166
78595000	167
78600000	168
78605000	169
78610000	170
78615000	171
78620000	172
78625000	173
78630000	174
78635000	175
78640000	176
78645000	177
78650000	178
78655000	179
78660000	180
78665000	181
78670000	182
78675000	183
78680000	184
78685000	185
78690000	186
78695000	187
78700000	188
78705000	189
78710000	190
78715000	191
78720000	192
78725000	193
78730000	194
78735000	195
78740000	196
78745000	197
78750000	198
78755000	199
78760000	200
78765000	201
78770000	202
78775000	203
78780000	204
78785000	205
78790000	206
78795000	207
78800000	208
78805000	209
