100385000	0
100390000	1
100395000	2
100400000	3
100405000	4
100410000	5
100415000	6
100420000	7
100425000	8
100430000	9
100435000	10
100440000	11
100445000	12
100450000	13
100455000	14
100460000	15
100465000	16
100470000	17
100475000	18
100480000	19
100485000	20
100490000	21
100495000	22
100500000	23
100505000	24
100510000	25
100515000	26
100520000	27
100525000	28
100530000	29
100535000	30
100540000	31
100545000	32
100550000	33
100555000	34
100560000	35
100565000	36
100570000	37
100575000	38
100580000	39
100585000	40
100590000	41
100595000	42
100600000	43
100605000	44
100610000	45
100615000	46
100620000	47
100625000	48
100630000	49
100635000	50
100640000	51
100645000	52
100650000	53
100655000	54
100660000	55
100665000	56
100670000	57
100675000	58
100680000	59
100685000	60
100690000	61
100695000	62
100700000	63
100705000	64
100710000	65
100715000	66
100720000	67
100725000	68
100730000	69
100735000	70
100740000	71
100745000	72
100750000	73
100755000	74
100760000	75
100765000	76
100770000	77
100775000	78
100780000	79
100785000	80
100790000	81
100795000	82
100800000	83
100805000	84
100810000	85
100815000	86
100820000	87
100825000	88
100830000	89
100835000	90
100840000	91
100845000	92
100850000	93
100855000	94
100860000	95
100865000	96
100870000	97
100875000	98
100880000	99
100885000	100
100890000	101
100895000	102
100900000	103
100905000	104
100910000	105
100915000	106
100920000	107
100925000	108
100930000	109
100935000	110
100940000	111
100945000	112
100950000	113
100955000	114
100960000	115
100965000	116
100970000	117
100975000	118
100980000	119
100985000	120
100990000	121
100995000	122
101000000	123
101005000	124
101010000	125
101015000	126
101020000	127
101025000	128
101030000	129
101035000	130
101040000	131
101045000	132
101050000	133
101055000	134
101060000	135
101065000	136
101070000	137
101075000	138
101080000	139
101085000	140
101090000	141
101095000	142
101100000	143
101105000	144
101110000	145
101115000	146
101120000	147
101125000	148
101130000	149
101135000	150
101140000	151
101145000	152
101150000	153
101155000	154
101160000	155
101165000	156
101170000	157
101175000	158
101180000	159
101185000	160
101190000	161
101195000	162
101200000	163
101205000	164
101210000	165
101215000	166
101220000	167
101225000	168
101230000	169
101235000	170
101240000	171
101245000	172
101250000	173
101255000	174
101260000	175
101265000	176
101270000	177
101275000	178
101280000	179
101285000	180
101290000	181
101295000	182
101300000	183
101305000	184
101310000	185
101315000	186
101320000	187
101325000	188
101330000	189
101335000	190
101340000	191
101345000	192
101350000	193
101355000	194
101360000	195
101365000	196
101370000	197
101375000	198
101380000	199
101385000	200
101390000	201
101395000	202
101400000	203
101405000	204
101410000	205
101415000	206
101420000	207
101425000	208
101430000	209
101435000	210
101440000	211
101445000	212
101450000	213
101455000	214
101460000	215
101465000	216
101470000	217
101475000	218
101480000	219
101485000	220
101490000	221
101495000	222
101500000	223
101505000	224
101510000	225
101515000	226
101520000	227
101525000	228
101530000	229
101535000	230
101540000	231
101545000	232
101550000	233
101555000	234
101560000	235
101565000	236
101570000	237
101575000	238
101580000	239
101585000	240
101590000	241
101595000	242
101600000	243
101605000	244
101610000	245
101615000	246
101620000	247
101625000	248
101630000	249
101635000	250
101640000	251
101645000	252
101650000	253
101655000	254
101660000	255
101665000	256
101670000	257
101675000	258
101680000	259
101685000	260
101690000	261
101695000	262
101700000	263
101705000	264
101710000	265
101715000	266
101720000	267
101725000	268
101730000	269
101735000	270
101740000	271
101745000	272
101750000	273
101755000	274
101760000	275
101765000	276
101770000	277
101775000	278
101780000	279
101785000	280
101790000	281
101795000	282
101800000	283
101805000	284
101810000	285
101815000	286
101820000	287
101825000	288
101830000	289
101835000	290
101840000	291
101845000	292
101850000	293
101855000	294
101860000	295
101865000	296
101870000	297
101875000	298
101880000	299
101885000	300
101890000	301
101895000	302
101900000	303
101905000	304
101910000	305
101915000	306
101920000	307
101925000	308
101930000	309
101935000	310
101940000	311
101945000	312
101950000	313
101955000	314
101960000	315
101965000	316
101970000	317
101975000	318
101980000	319
101985000	320
101990000	321
101995000	322
102000000	323
102005000	324
102010000	325
102015000	326
102020000	327
102025000	328
102030000	329
102035000	330
102040000	331
102045000	332
102050000	333
102055000	334
102060000	335
102065000	336
102070000	337
102075000	338
102080000	339
102085000	340
102090000	341
102095000	342
102100000	343
102105000	344
102110000	345
102115000	346
102120000	347
102125000	348
102130000	349
102135000	350
102140000	351
102145000	352
102150000	353
102155000	354
102160000	355
102165000	356
102170000	357
102175000	358
102180000	359
102185000	360
102190000	361
102195000	362
102200000	363
102205000	364
102210000	365
102215000	366
102220000	367
102225000	368
102230000	369
102235000	370
102240000	371
102245000	372
102250000	373
102255000	374
102260000	375
102265000	376
102270000	377
102275000	378
102280000	379
102285000	380
102290000	381
102295000	382
102300000	383
102305000	384
102310000	385
102315000	386
102320000	387
102325000	388
102330000	389
102335000	390
102340000	391
102345000	392
102350000	393
102355000	394
102360000	395
102365000	396
102370000	397
102375000	398
102380000	399
102385000	400
102390000	401
102395000	402
102400000	403
102405000	404
102410000	405
102415000	406
102420000	407
102425000	408
102430000	409
102435000	410
102440000	411
102445000	412
102450000	413
102455000	414
102460000	415
102465000	416
102470000	417
102475000	418
102480000	419
102485000	420
102490000	421
102495000	422
102500000	423
102505000	424
102510000	425
102515000	426
102520000	427
102525000	428
102530000	429
102535000	430
102540000	431
102545000	432
102550000	433
102555000	434
102560000	435
102565000	436
