176085000	0
176090000	1
176095000	2
176100000	3
176105000	4
176110000	5
176115000	6
176120000	7
176125000	8
176130000	9
176135000	10
176140000	11
176145000	12
176150000	13
176155000	14
176160000	15
176165000	16
176170000	17
176175000	18
176180000	19
176185000	20
176190000	21
176195000	22
176200000	23
176205000	24
176210000	25
176215000	26
176220000	27
176225000	28
176230000	29
176235000	30
176240000	31
176245000	32
176250000	33
176255000	34
176260000	35
176265000	36
176270000	37
176275000	38
176280000	39
176285000	40
176290000	41
176295000	42
176300000	43
176305000	44
176310000	45
176315000	46
176320000	47
176325000	48
176330000	49
176335000	50
176340000	51
176345000	52
176350000	53
176355000	54
176360000	55
176365000	56
176370000	57
176375000	58
176380000	59
176385000	60
176390000	61
176395000	62
176400000	63
176405000	64
176410000	65
176415000	66
176420000	67
176425000	68
176430000	69
176435000	70
176440000	71
176445000	72
176450000	73
176455000	74
176460000	75
176465000	76
176470000	77
176475000	78
176480000	79
176485000	80
176490000	81
176495000	82
176500000	83
176505000	84
176510000	85
176515000	86
176520000	87
176525000	88
176530000	89
176535000	90
