79160000	0
79165000	1
79170000	2
79175000	3
79180000	4
79185000	5
79190000	6
79195000	7
79200000	8
79205000	9
79210000	10
79215000	11
79220000	12
79225000	13
79230000	14
79235000	15
79240000	16
79245000	17
79250000	18
79255000	19
79260000	20
79265000	21
79270000	22
79275000	23
79280000	24
79285000	25
79290000	26
79295000	27
79300000	28
79305000	29
79310000	30
79315000	31
79320000	32
79325000	33
79330000	34
79335000	35
79340000	36
79345000	37
79350000	38
79355000	39
79360000	40
79365000	41
79370000	42
79375000	43
79380000	44
79385000	45
79390000	46
79395000	47
79400000	48
79405000	49
79410000	50
79415000	51
79420000	52
79425000	53
79430000	54
79435000	55
79440000	56
79445000	57
79450000	58
79455000	59
79460000	60
79465000	61
79470000	62
79475000	63
79480000	64
79485000	65
79490000	66
79495000	67
79500000	68
79505000	69
79510000	70
79515000	71
79520000	72
79525000	73
79530000	74
79535000	75
79540000	76
79545000	77
79550000	78
79555000	79
79560000	80
79565000	81
79570000	82
79575000	83
79580000	84
79585000	85
79590000	86
79595000	87
79600000	88
79605000	89
79610000	90
79615000	91
79620000	92
79625000	93
79630000	94
79635000	95
79640000	96
79645000	97
79650000	98
79655000	99
79660000	100
79665000	101
79670000	102
79675000	103
79680000	104
79685000	105
