32110000	0
32115000	1
32120000	2
32125000	3
32130000	4
32135000	5
32140000	6
32145000	7
32150000	8
32155000	9
32160000	10
32165000	11
32170000	12
32175000	13
32180000	14
32185000	15
32190000	16
32195000	17
32200000	18
32205000	19
32210000	20
32215000	21
32220000	22
32225000	23
32230000	24
32235000	25
32240000	26
32245000	27
32250000	28
32255000	29
32260000	30
32265000	31
32270000	32
32275000	33
32280000	34
32285000	35
32290000	36
32295000	37
32300000	38
32305000	39
32310000	40
32315000	41
32320000	42
32325000	43
32330000	44
32335000	45
32340000	46
32345000	47
32350000	48
32355000	49
32360000	50
32365000	51
32370000	52
32375000	53
32380000	54
32385000	55
32390000	56
32395000	57
32400000	58
32405000	59
32410000	60
32415000	61
32420000	62
32425000	63
32430000	64
32435000	65
32440000	66
32445000	67
32450000	68
32455000	69
32460000	70
32465000	71
32470000	72
32475000	73
32480000	74
32485000	75
32490000	76
32495000	77
32500000	78
32505000	79
32510000	80
32515000	81
32520000	82
32525000	83
32530000	84
32535000	85
32540000	86
32545000	87
32550000	88
32555000	89
32560000	90
32565000	91
32570000	92
32575000	93
32580000	94
32585000	95
32590000	96
32595000	97
32600000	98
32605000	99
32610000	100
32615000	101
32620000	102
32625000	103
32630000	104
32635000	105
32640000	106
32645000	107
32650000	108
32655000	109
32660000	110
32665000	111
32670000	112
32675000	113
32680000	114
32685000	115
32690000	116
32695000	117
32700000	118
32705000	119
32710000	120
32715000	121
32720000	122
32725000	123
32730000	124
32735000	125
32740000	126
32745000	127
32750000	128
32755000	129
32760000	130
32765000	131
32770000	132
32775000	133
32780000	134
32785000	135
32790000	136
32795000	137
32800000	138
32805000	139
32810000	140
32815000	141
32820000	142
32825000	143
32830000	144
32835000	145
32840000	146
32845000	147
32850000	148
32855000	149
32860000	150
32865000	151
32870000	152
32875000	153
32880000	154
32885000	155
32890000	156
32895000	157
32900000	158
32905000	159
32910000	160
32915000	161
32920000	162
32925000	163
32930000	164
32935000	165
32940000	166
32945000	167
32950000	168
32955000	169
32960000	170
32965000	171
32970000	172
32975000	173
32980000	174
32985000	175
32990000	176
32995000	177
33000000	178
33005000	179
33010000	180
33015000	181
33020000	182
33025000	183
33030000	184
33035000	185
33040000	186
33045000	187
33050000	188
33055000	189
33060000	190
33065000	191
33070000	192
33075000	193
33080000	194
33085000	195
33090000	196
33095000	197
33100000	198
33105000	199
33110000	200
33115000	201
33120000	202
33125000	203
33130000	204
33135000	205
33140000	206
33145000	207
33150000	208
33155000	209
33160000	210
33165000	211
33170000	212
33175000	213
33180000	214
33185000	215
33190000	216
33195000	217
33200000	218
33205000	219
33210000	220
33215000	221
33220000	222
33225000	223
33230000	224
33235000	225
33240000	226
33245000	227
33250000	228
33255000	229
33260000	230
33265000	231
33270000	232
33275000	233
33280000	234
33285000	235
33290000	236
33295000	237
33300000	238
33305000	239
33310000	240
33315000	241
33320000	242
33325000	243
33330000	244
33335000	245
33340000	246
33345000	247
33350000	248
33355000	249
33360000	250
33365000	251
33370000	252
33375000	253
33380000	254
33385000	255
33390000	256
33395000	257
33400000	258
