18765000	0
18770000	1
18775000	2
18780000	3
18785000	4
18790000	5
18795000	6
18800000	7
18805000	8
18810000	9
18815000	10
18820000	11
18825000	12
18830000	13
18835000	14
18840000	15
18845000	16
18850000	17
18855000	18
18860000	19
18865000	20
18870000	21
18875000	22
18880000	23
18885000	24
18890000	25
18895000	26
18900000	27
18905000	28
18910000	29
18915000	30
18920000	31
18925000	32
18930000	33
18935000	34
18940000	35
18945000	36
18950000	37
18955000	38
18960000	39
18965000	40
18970000	41
18975000	42
18980000	43
18985000	44
18990000	45
18995000	46
19000000	47
19005000	48
19010000	49
19015000	50
19020000	51
19025000	52
19030000	53
19035000	54
19040000	55
19045000	56
19050000	57
19055000	58
19060000	59
19065000	60
19070000	61
19075000	62
19080000	63
19085000	64
19090000	65
19095000	66
19100000	67
19105000	68
19110000	69
19115000	70
19120000	71
19125000	72
19130000	73
19135000	74
19140000	75
19145000	76
19150000	77
19155000	78
19160000	79
19165000	80
19170000	81
19175000	82
19180000	83
19185000	84
19190000	85
19195000	86
19200000	87
19205000	88
19210000	89
19215000	90
19220000	91
19225000	92
19230000	93
19235000	94
19240000	95
19245000	96
19250000	97
19255000	98
19260000	99
19265000	100
19270000	101
19275000	102
19280000	103
19285000	104
19290000	105
19295000	106
19300000	107
19305000	108
19310000	109
19315000	110
19320000	111
19325000	112
19330000	113
19335000	114
19340000	115
19345000	116
19350000	117
19355000	118
19360000	119
19365000	120
19370000	121
19375000	122
19380000	123
19385000	124
19390000	125
19395000	126
19400000	127
19405000	128
19410000	129
19415000	130
19420000	131
19425000	132
19430000	133
19435000	134
19440000	135
19445000	136
19450000	137
19455000	138
19460000	139
19465000	140
19470000	141
19475000	142
19480000	143
19485000	144
19490000	145
19495000	146
19500000	147
19505000	148
19510000	149
19515000	150
19520000	151
19525000	152
19530000	153
19535000	154
19540000	155
19545000	156
19550000	157
19555000	158
19560000	159
19565000	160
19570000	161
19575000	162
19580000	163
19585000	164
19590000	165
19595000	166
19600000	167
19605000	168
19610000	169
19615000	170
19620000	171
19625000	172
19630000	173
19635000	174
19640000	175
19645000	176
19650000	177
19655000	178
19660000	179
19665000	180
19670000	181
19675000	182
19680000	183
19685000	184
19690000	185
19695000	186
19700000	187
19705000	188
19710000	189
19715000	190
19720000	191
19725000	192
19730000	193
19735000	194
19740000	195
19745000	196
19750000	197
19755000	198
19760000	199
19765000	200
19770000	201
19775000	202
19780000	203
19785000	204
19790000	205
19795000	206
19800000	207
19805000	208
19810000	209
19815000	210
19820000	211
19825000	212
19830000	213
19835000	214
19840000	215
19845000	216
19850000	217
19855000	218
19860000	219
19865000	220
19870000	221
19875000	222
19880000	223
19885000	224
19890000	225
19895000	226
19900000	227
19905000	228
19910000	229
19915000	230
19920000	231
19925000	232
19930000	233
19935000	234
19940000	235
19945000	236
19950000	237
19955000	238
19960000	239
19965000	240
19970000	241
19975000	242
19980000	243
19985000	244
19990000	245
19995000	246
20000000	247
20005000	248
20010000	249
20015000	250
20020000	251
20025000	252
20030000	253
20035000	254
20040000	255
20045000	256
20050000	257
20055000	258
20060000	259
20065000	260
20070000	261
20075000	262
20080000	263
20085000	264
20090000	265
20095000	266
20100000	267
20105000	268
20110000	269
20115000	270
20120000	271
20125000	272
20130000	273
20135000	274
20140000	275
20145000	276
20150000	277
20155000	278
20160000	279
20165000	280
20170000	281
20175000	282
20180000	283
20185000	284
20190000	285
20195000	286
20200000	287
20205000	288
20210000	289
20215000	290
20220000	291
20225000	292
20230000	293
20235000	294
20240000	295
20245000	296
20250000	297
20255000	298
20260000	299
20265000	300
20270000	301
20275000	302
20280000	303
20285000	304
20290000	305
20295000	306
20300000	307
20305000	308
20310000	309
20315000	310
20320000	311
20325000	312
20330000	313
20335000	314
20340000	315
20345000	316
20350000	317
20355000	318
20360000	319
20365000	320
20370000	321
20375000	322
20380000	323
20385000	324
20390000	325
20395000	326
20400000	327
20405000	328
20410000	329
20415000	330
20420000	331
20425000	332
20430000	333
20435000	334
20440000	335
20445000	336
20450000	337
20455000	338
20460000	339
20465000	340
20470000	341
20475000	342
20480000	343
20485000	344
20490000	345
20495000	346
20500000	347
20505000	348
20510000	349
20515000	350
20520000	351
20525000	352
20530000	353
20535000	354
20540000	355
20545000	356
20550000	357
20555000	358
20560000	359
20565000	360
20570000	361
20575000	362
20580000	363
20585000	364
20590000	365
20595000	366
20600000	367
20605000	368
20610000	369
20615000	370
20620000	371
20625000	372
20630000	373
20635000	374
20640000	375
20645000	376
20650000	377
20655000	378
20660000	379
20665000	380
20670000	381
20675000	382
20680000	383
20685000	384
20690000	385
20695000	386
20700000	387
20705000	388
20710000	389
20715000	390
20720000	391
20725000	392
20730000	393
20735000	394
20740000	395
20745000	396
20750000	397
20760000	398
20770000	399
20775000	400
20780000	401
20785000	402
20790000	403
20795000	404
20800000	405
20805000	406
20810000	407
20815000	408
20820000	409
20825000	410
20830000	411
20835000	412
20840000	413
20845000	414
20850000	415
20855000	416
20860000	417
20865000	418
20870000	419
20875000	420
20880000	421
20885000	422
20890000	423
20895000	424
20900000	425
20905000	426
20910000	427
20915000	428
20920000	429
20925000	430
20930000	431
20935000	432
20940000	433
20945000	434
20950000	435
20955000	436
20960000	437
20965000	438
20970000	439
20975000	440
20980000	441
20985000	442
20990000	443
20995000	444
21000000	445
21005000	446
21010000	447
21015000	448
21020000	449
21025000	450
21030000	451
21035000	452
21040000	453
21045000	454
21050000	455
21055000	456
21060000	457
21065000	458
21070000	459
21075000	460
21080000	461
21085000	462
21090000	463
21095000	464
21100000	465
21105000	466
21110000	467
21115000	468
21120000	469
21125000	470
21130000	471
21135000	472
21140000	473
21145000	474
21150000	475
21155000	476
21160000	477
21165000	478
21170000	479
21175000	480
21180000	481
21185000	482
21190000	483
21195000	484
21200000	485
21205000	486
21210000	487
21215000	488
21220000	489
21225000	490
21230000	491
21235000	492
21240000	493
21245000	494
21250000	495
21255000	496
21260000	497
21265000	498
21270000	499
21275000	500
21280000	501
21285000	502
21290000	503
21295000	504
21300000	505
21305000	506
21310000	507
21315000	508
21320000	509
21325000	510
21330000	511
21335000	512
21340000	513
21345000	514
21350000	515
21355000	516
21360000	517
21365000	518
21370000	519
21375000	520
21380000	521
21385000	522
21390000	523
21395000	524
21400000	525
21405000	526
21410000	527
21415000	528
21420000	529
21425000	530
21430000	531
21435000	532
21440000	533
21445000	534
21450000	535
21455000	536
21460000	537
21465000	538
21470000	539
21475000	540
21480000	541
21485000	542
21490000	543
21495000	544
21500000	545
21505000	546
21510000	547
21515000	548
21520000	549
21525000	550
21530000	551
21535000	552
21540000	553
21545000	554
21550000	555
21555000	556
21560000	557
21565000	558
21570000	559
21575000	560
21580000	561
21585000	562
21590000	563
21595000	564
21600000	565
21605000	566
21610000	567
21615000	568
21620000	569
21625000	570
21630000	571
21635000	572
21640000	573
21645000	574
21650000	575
21655000	576
21660000	577
21665000	578
21670000	579
21675000	580
21680000	581
21685000	582
21690000	583
21695000	584
21700000	585
21705000	586
21710000	587
21715000	588
21720000	589
21725000	590
21730000	591
21735000	592
21740000	593
21745000	594
21750000	595
21755000	596
21760000	597
21765000	598
21770000	599
21775000	600
21780000	601
21785000	602
21790000	603
21795000	604
21800000	605
21805000	606
21810000	607
21815000	608
21820000	609
21825000	610
21830000	611
21835000	612
21840000	613
21845000	614
21850000	615
21855000	616
21860000	617
21865000	618
21870000	619
21875000	620
21880000	621
21885000	622
21890000	623
21895000	624
21900000	625
21905000	626
21910000	627
21915000	628
21920000	629
21925000	630
21930000	631
21935000	632
21940000	633
21945000	634
21950000	635
21955000	636
21960000	637
21965000	638
21970000	639
21975000	640
21980000	641
21985000	642
21990000	643
21995000	644
22000000	645
22005000	646
22010000	647
22015000	648
22020000	649
22025000	650
22030000	651
22035000	652
22040000	653
22045000	654
22050000	655
22055000	656
22060000	657
22065000	658
22070000	659
22075000	660
22080000	661
22085000	662
22090000	663
22095000	664
22100000	665
22105000	666
22110000	667
22115000	668
22120000	669
22125000	670
22130000	671
22135000	672
22140000	673
22145000	674
22150000	675
22155000	676
22160000	677
22165000	678
22170000	679
22175000	680
22180000	681
22185000	682
22190000	683
22195000	684
22200000	685
22205000	686
22210000	687
22215000	688
22220000	689
22225000	690
22230000	691
22235000	692
22240000	693
22245000	694
22250000	695
22255000	696
22260000	697
22265000	698
22270000	699
22275000	700
22280000	701
22285000	702
22290000	703
22295000	704
22300000	705
22305000	706
22310000	707
22315000	708
22320000	709
22325000	710
22330000	711
22335000	712
22340000	713
22345000	714
22350000	715
22355000	716
22360000	717
22365000	718
22370000	719
22375000	720
22380000	721
22385000	722
22390000	723
22395000	724
22400000	725
22405000	726
22410000	727
22415000	728
22420000	729
22425000	730
22430000	731
22435000	732
22440000	733
22445000	734
22450000	735
22455000	736
22460000	737
22465000	738
22470000	739
22475000	740
22480000	741
22485000	742
22490000	743
22495000	744
22500000	745
22505000	746
22510000	747
22515000	748
22520000	749
22525000	750
22530000	751
22535000	752
22540000	753
22545000	754
22550000	755
22555000	756
22560000	757
22565000	758
22570000	759
22575000	760
22580000	761
22585000	762
22590000	763
22595000	764
22600000	765
22605000	766
22610000	767
22615000	768
22620000	769
22625000	770
22630000	771
22635000	772
22640000	773
22645000	774
22650000	775
22655000	776
22660000	777
22665000	778
22670000	779
22675000	780
22680000	781
22685000	782
22690000	783
22695000	784
22700000	785
22705000	786
22710000	787
22715000	788
22720000	789
22725000	790
22730000	791
22735000	792
22740000	793
22745000	794
22750000	795
22755000	796
22760000	797
22765000	798
22770000	799
22775000	800
22780000	801
22785000	802
22790000	803
22795000	804
22800000	805
22805000	806
22810000	807
22815000	808
22820000	809
22825000	810
22830000	811
22835000	812
22840000	813
22845000	814
22850000	815
22855000	816
22860000	817
22865000	818
22870000	819
22875000	820
22880000	821
22885000	822
22890000	823
22895000	824
22900000	825
22905000	826
22910000	827
22915000	828
22920000	829
22925000	830
22930000	831
22935000	832
22940000	833
22945000	834
22950000	835
22955000	836
22960000	837
22965000	838
22970000	839
22975000	840
22980000	841
22985000	842
22990000	843
22995000	844
23000000	845
23005000	846
23010000	847
23015000	848
23020000	849
23025000	850
23030000	851
23035000	852
23040000	853
23045000	854
23050000	855
23055000	856
23060000	857
23065000	858
23070000	859
23075000	860
23080000	861
23085000	862
23090000	863
23095000	864
23100000	865
23105000	866
23110000	867
23115000	868
23120000	869
23125000	870
23130000	871
23135000	872
23140000	873
23145000	874
