39370000	0
39375000	1
39380000	2
39385000	3
39390000	4
39395000	5
39400000	6
39405000	7
39410000	8
39415000	9
39420000	10
39425000	11
39430000	12
39435000	13
39440000	14
39445000	15
39450000	16
39455000	17
39460000	18
39465000	19
39470000	20
39475000	21
39480000	22
39485000	23
39490000	24
39495000	25
39500000	26
39505000	27
39510000	28
39515000	29
39520000	30
39525000	31
39530000	32
39535000	33
39540000	34
39545000	35
39550000	36
39555000	37
39560000	38
39565000	39
39570000	40
39575000	41
39580000	42
39585000	43
39590000	44
39595000	45
39600000	46
39605000	47
39610000	48
39615000	49
39620000	50
39625000	51
39630000	52
39635000	53
39640000	54
39645000	55
39650000	56
39655000	57
39660000	58
39665000	59
39670000	60
39675000	61
39680000	62
39685000	63
39690000	64
39695000	65
39700000	66
39705000	67
39710000	68
39715000	69
39720000	70
39725000	71
39730000	72
39735000	73
39740000	74
39745000	75
39750000	76
39755000	77
39760000	78
39765000	79
39770000	80
39775000	81
39780000	82
39785000	83
39790000	84
39795000	85
39800000	86
39805000	87
39810000	88
39815000	89
39820000	90
39825000	91
39830000	92
39835000	93
39840000	94
39845000	95
39850000	96
39855000	97
39860000	98
39865000	99
39870000	100
39875000	101
39880000	102
39885000	103
39890000	104
39895000	105
39900000	106
39905000	107
39910000	108
39915000	109
39920000	110
39925000	111
39930000	112
39935000	113
39940000	114
39945000	115
39950000	116
39955000	117
39960000	118
39965000	119
39970000	120
39975000	121
39980000	122
39985000	123
39990000	124
39995000	125
40000000	126
40005000	127
40010000	128
40015000	129
40020000	130
40025000	131
40030000	132
40035000	133
40040000	134
40045000	135
40050000	136
40055000	137
40060000	138
40065000	139
40070000	140
40075000	141
40080000	142
40085000	143
40090000	144
40095000	145
40100000	146
40105000	147
40110000	148
40115000	149
40120000	150
40125000	151
40130000	152
40135000	153
40140000	154
40145000	155
40150000	156
40155000	157
40160000	158
40165000	159
40170000	160
40175000	161
40180000	162
40185000	163
40190000	164
40195000	165
40200000	166
40205000	167
40210000	168
40215000	169
40220000	170
40225000	171
40230000	172
40235000	173
40240000	174
40245000	175
40250000	176
40255000	177
40260000	178
40265000	179
40270000	180
40275000	181
40280000	182
40285000	183
40290000	184
40295000	185
40300000	186
40305000	187
40310000	188
40315000	189
40320000	190
40325000	191
40330000	192
40335000	193
40340000	194
40345000	195
