174250000	0
174255000	1
174260000	2
174265000	3
174270000	4
174275000	5
174280000	6
174285000	7
174290000	8
174295000	9
174300000	10
174305000	11
174310000	12
174315000	13
174320000	14
174325000	15
174330000	16
174335000	17
174340000	18
174345000	19
174350000	20
174355000	21
174360000	22
174365000	23
174370000	24
174375000	25
174380000	26
174385000	27
174390000	28
174395000	29
174400000	30
174405000	31
174410000	32
174415000	33
174420000	34
174425000	35
174430000	36
174435000	37
174440000	38
174445000	39
174450000	40
174455000	41
174460000	42
174465000	43
174470000	44
174475000	45
174480000	46
174485000	47
174490000	48
174495000	49
174500000	50
174505000	51
174510000	52
174515000	53
174520000	54
174525000	55
174530000	56
174535000	57
174540000	58
174545000	59
174550000	60
174555000	61
174560000	62
174565000	63
174570000	64
174575000	65
174580000	66
174585000	67
174590000	68
174595000	69
174600000	70
174605000	71
174610000	72
174615000	73
174620000	74
174625000	75
174630000	76
174635000	77
174640000	78
174645000	79
174650000	80
174655000	81
174660000	82
174665000	83
174670000	84
174675000	85
174680000	86
174685000	87
174690000	88
174695000	89
174700000	90
174705000	91
174710000	92
174715000	93
174720000	94
174725000	95
174730000	96
174735000	97
174740000	98
174745000	99
174750000	100
174755000	101
174760000	102
174765000	103
174770000	104
174775000	105
174780000	106
174785000	107
174790000	108
174795000	109
174800000	110
174805000	111
174810000	112
174815000	113
174820000	114
174825000	115
174830000	116
174835000	117
174840000	118
174845000	119
174850000	120
174855000	121
174860000	122
174865000	123
174870000	124
174875000	125
174880000	126
