72240000	0
72245000	1
72250000	2
72255000	3
72260000	4
72265000	5
72270000	6
72275000	7
72280000	8
72285000	9
72290000	10
72295000	11
72300000	12
72305000	13
72310000	14
72315000	15
72320000	16
72325000	17
72330000	18
72335000	19
72340000	20
72345000	21
72350000	22
72355000	23
72360000	24
72365000	25
72370000	26
72375000	27
72380000	28
72385000	29
72390000	30
72395000	31
72400000	32
72405000	33
72410000	34
72415000	35
72420000	36
72425000	37
72430000	38
72435000	39
72440000	40
72445000	41
72450000	42
72455000	43
72460000	44
72465000	45
72470000	46
72475000	47
72480000	48
72485000	49
72490000	50
72495000	51
72500000	52
72505000	53
72510000	54
72515000	55
72520000	56
72525000	57
72530000	58
72535000	59
72540000	60
72545000	61
72550000	62
72555000	63
72560000	64
72565000	65
72570000	66
72575000	67
72580000	68
72585000	69
72590000	70
72595000	71
72600000	72
72605000	73
72610000	74
72615000	75
72620000	76
72625000	77
72630000	78
72635000	79
72640000	80
72645000	81
72650000	82
72655000	83
72660000	84
72665000	85
72670000	86
72675000	87
72680000	88
72685000	89
72690000	90
72695000	91
72700000	92
72705000	93
72710000	94
72715000	95
72720000	96
72725000	97
72730000	98
72735000	99
72740000	100
72745000	101
72750000	102
72755000	103
72760000	104
72765000	105
72770000	106
72775000	107
72780000	108
72785000	109
72790000	110
72795000	111
72800000	112
72805000	113
72810000	114
72815000	115
72820000	116
72825000	117
72830000	118
72835000	119
72840000	120
72845000	121
72850000	122
72855000	123
72860000	124
72865000	125
72870000	126
72875000	127
72880000	128
72885000	129
72890000	130
72895000	131
72900000	132
72905000	133
72910000	134
72915000	135
72920000	136
72925000	137
72930000	138
72935000	139
72940000	140
72945000	141
72950000	142
72955000	143
72960000	144
72965000	145
72970000	146
72975000	147
72980000	148
72985000	149
72990000	150
72995000	151
73000000	152
73005000	153
73010000	154
73015000	155
73020000	156
73025000	157
73030000	158
73035000	159
73040000	160
73045000	161
73050000	162
73055000	163
73060000	164
73065000	165
73070000	166
73075000	167
73080000	168
73085000	169
73090000	170
73095000	171
73100000	172
73105000	173
73110000	174
73115000	175
73120000	176
73125000	177
73130000	178
73135000	179
73140000	180
73145000	181
73150000	182
73155000	183
73160000	184
73165000	185
73170000	186
73175000	187
73180000	188
73185000	189
73190000	190
