145485000	0
145490000	1
145495000	2
145500000	3
145505000	4
145510000	5
145515000	6
145520000	7
145525000	8
145530000	9
145535000	10
145540000	11
145545000	12
145550000	13
145555000	14
145560000	15
145565000	16
145570000	17
145575000	18
145580000	19
145585000	20
145590000	21
145595000	22
145600000	23
145605000	24
145610000	25
145615000	26
145620000	27
145625000	28
145630000	29
145635000	30
145640000	31
145645000	32
145650000	33
145655000	34
145660000	35
145665000	36
145670000	37
145675000	38
145680000	39
145685000	40
145690000	41
145695000	42
145700000	43
145705000	44
145710000	45
145715000	46
145720000	47
145725000	48
145730000	49
145735000	50
145740000	51
145745000	52
145750000	53
145755000	54
145760000	55
145765000	56
145770000	57
145775000	58
145780000	59
145785000	60
145790000	61
145795000	62
145800000	63
145805000	64
145810000	65
145815000	66
145820000	67
145825000	68
145830000	69
145835000	70
145840000	71
145845000	72
145850000	73
145855000	74
145860000	75
145865000	76
145870000	77
145875000	78
145880000	79
145885000	80
145890000	81
145895000	82
145900000	83
145905000	84
145910000	85
145915000	86
145920000	87
145925000	88
145930000	89
145935000	90
145940000	91
145945000	92
145950000	93
145955000	94
145960000	95
145965000	96
145970000	97
145975000	98
145980000	99
145985000	100
145995000	101
146000000	102
146005000	103
146010000	104
146015000	105
146020000	106
146025000	107
146030000	108
146035000	109
146040000	110
146045000	111
146050000	112
146055000	113
146060000	114
146065000	115
146070000	116
146075000	117
146080000	118
146085000	119
146090000	120
146095000	121
146100000	122
146105000	123
146110000	124
146115000	125
146120000	126
146125000	127
146130000	128
146135000	129
146140000	130
146145000	131
146150000	132
146155000	133
146160000	134
146165000	135
146170000	136
146175000	137
146180000	138
146185000	139
146190000	140
146195000	141
146200000	142
146205000	143
146210000	144
146215000	145
146220000	146
146225000	147
146230000	148
146235000	149
146240000	150
146245000	151
146250000	152
146255000	153
146260000	154
146265000	155
146270000	156
146275000	157
146280000	158
146285000	159
146290000	160
146295000	161
146300000	162
146305000	163
146310000	164
146315000	165
146320000	166
146325000	167
146330000	168
146335000	169
146340000	170
146345000	171
146350000	172
146355000	173
146360000	174
146365000	175
