110455000	0
110460000	1
110465000	2
110470000	3
110475000	4
110480000	5
110485000	6
110490000	7
110495000	8
110500000	9
110505000	10
110510000	11
110515000	12
110520000	13
110525000	14
110530000	15
110535000	16
110540000	17
110545000	18
110550000	19
110555000	20
110560000	21
110565000	22
110570000	23
110575000	24
110580000	25
110585000	26
110590000	27
110595000	28
110600000	29
110605000	30
110610000	31
110615000	32
110620000	33
110625000	34
110630000	35
110635000	36
110640000	37
110645000	38
110650000	39
110655000	40
110660000	41
110665000	42
110670000	43
110675000	44
110680000	45
110685000	46
110690000	47
110695000	48
110700000	49
110705000	50
110710000	51
110715000	52
110720000	53
110725000	54
110730000	55
110735000	56
110740000	57
110745000	58
110750000	59
110755000	60
110760000	61
110765000	62
110770000	63
110775000	64
110780000	65
110785000	66
110790000	67
110795000	68
110800000	69
110805000	70
110810000	71
110815000	72
110820000	73
110825000	74
110830000	75
110835000	76
110840000	77
110845000	78
110850000	79
110855000	80
110860000	81
110865000	82
110870000	83
110875000	84
110880000	85
110885000	86
110890000	87
110895000	88
110900000	89
110905000	90
110910000	91
110915000	92
110920000	93
110925000	94
110930000	95
110935000	96
110940000	97
110945000	98
110950000	99
110955000	100
110960000	101
110965000	102
110970000	103
110975000	104
110980000	105
110985000	106
110990000	107
110995000	108
111000000	109
111005000	110
111010000	111
111015000	112
111020000	113
111025000	114
111030000	115
111035000	116
111040000	117
111045000	118
111050000	119
111055000	120
111060000	121
111065000	122
111070000	123
111075000	124
111080000	125
111085000	126
111090000	127
111095000	128
111100000	129
111105000	130
111110000	131
111115000	132
111120000	133
111125000	134
111130000	135
111135000	136
111140000	137
111145000	138
111150000	139
111155000	140
111160000	141
111165000	142
111170000	143
111175000	144
111180000	145
111185000	146
111190000	147
111195000	148
111200000	149
111205000	150
111210000	151
111215000	152
111220000	153
111225000	154
111230000	155
111235000	156
111240000	157
111245000	158
111250000	159
111255000	160
111260000	161
111265000	162
111270000	163
111275000	164
111280000	165
111285000	166
111290000	167
111295000	168
111300000	169
111305000	170
111310000	171
111315000	172
111320000	173
111325000	174
111330000	175
111335000	176
111340000	177
111345000	178
111350000	179
111355000	180
111360000	181
111365000	182
111370000	183
111375000	184
111380000	185
111385000	186
111390000	187
111395000	188
111400000	189
111405000	190
111410000	191
111415000	192
111420000	193
111425000	194
111430000	195
111435000	196
111440000	197
111445000	198
111450000	199
111455000	200
111460000	201
111465000	202
111470000	203
111475000	204
111480000	205
111485000	206
111490000	207
