114965000	0
114970000	1
114975000	2
114980000	3
114985000	4
114990000	5
114995000	6
115000000	7
115005000	8
115010000	9
115015000	10
115020000	11
115025000	12
115030000	13
115035000	14
115040000	15
115045000	16
115050000	17
115055000	18
115060000	19
115065000	20
115070000	21
115075000	22
115080000	23
115085000	24
115090000	25
115095000	26
115100000	27
115105000	28
115110000	29
115115000	30
115120000	31
115125000	32
115130000	33
115135000	34
115140000	35
115145000	36
115150000	37
115155000	38
115160000	39
115165000	40
115170000	41
115175000	42
115180000	43
115185000	44
115190000	45
115195000	46
115200000	47
115205000	48
115210000	49
115215000	50
115220000	51
115225000	52
115230000	53
115235000	54
115240000	55
115245000	56
115250000	57
115255000	58
115260000	59
115265000	60
115270000	61
115275000	62
115280000	63
115285000	64
115290000	65
115295000	66
115300000	67
115305000	68
115310000	69
115315000	70
115320000	71
115325000	72
115330000	73
115335000	74
115340000	75
115345000	76
115350000	77
115355000	78
115360000	79
115365000	80
115370000	81
115375000	82
115380000	83
115385000	84
115390000	85
115395000	86
115400000	87
115405000	88
115410000	89
115415000	90
115420000	91
115425000	92
115430000	93
115435000	94
115440000	95
115445000	96
115450000	97
115455000	98
115460000	99
115465000	100
115470000	101
115475000	102
115480000	103
115485000	104
115490000	105
115495000	106
115500000	107
115505000	108
115510000	109
115515000	110
115520000	111
115525000	112
115530000	113
115535000	114
115540000	115
115545000	116
115550000	117
115555000	118
115560000	119
115565000	120
115570000	121
115575000	122
115580000	123
115585000	124
115590000	125
115595000	126
115600000	127
115605000	128
115610000	129
115615000	130
115620000	131
115625000	132
115630000	133
115635000	134
115640000	135
115645000	136
115650000	137
115655000	138
115660000	139
115665000	140
115670000	141
115675000	142
115680000	143
115685000	144
115690000	145
115695000	146
115700000	147
115705000	148
115710000	149
115715000	150
115720000	151
115725000	152
115730000	153
115735000	154
115740000	155
115745000	156
115750000	157
115755000	158
115760000	159
115765000	160
115770000	161
115775000	162
115780000	163
115785000	164
115790000	165
115795000	166
115800000	167
115805000	168
115810000	169
115815000	170
115820000	171
115825000	172
115830000	173
115835000	174
115840000	175
115845000	176
115850000	177
115855000	178
115860000	179
115865000	180
115870000	181
115875000	182
115880000	183
115885000	184
115890000	185
