34480000	0
34485000	1
34490000	2
34495000	3
34500000	4
34505000	5
34510000	6
34515000	7
34520000	8
34525000	9
34530000	10
34535000	11
34540000	12
34545000	13
34550000	14
34555000	15
34560000	16
34565000	17
34570000	18
34575000	19
34580000	20
34585000	21
34590000	22
34595000	23
34600000	24
34605000	25
34610000	26
34615000	27
34620000	28
34625000	29
34630000	30
34635000	31
34640000	32
34645000	33
34650000	34
34655000	35
34660000	36
34665000	37
34670000	38
34675000	39
34680000	40
34685000	41
34690000	42
34695000	43
34700000	44
34705000	45
34710000	46
34715000	47
34720000	48
34725000	49
34730000	50
34735000	51
34740000	52
34745000	53
34750000	54
34755000	55
34760000	56
34765000	57
34770000	58
34775000	59
34780000	60
34785000	61
34790000	62
34795000	63
34800000	64
34805000	65
34810000	66
34815000	67
34820000	68
34825000	69
34830000	70
34835000	71
34840000	72
34845000	73
34850000	74
34855000	75
34860000	76
34865000	77
34870000	78
34875000	79
34880000	80
34885000	81
34890000	82
34895000	83
34900000	84
34905000	85
34910000	86
34915000	87
34920000	88
34925000	89
34930000	90
34935000	91
34940000	92
34945000	93
34950000	94
34955000	95
34960000	96
34965000	97
34970000	98
34975000	99
34980000	100
34985000	101
34990000	102
34995000	103
35000000	104
35005000	105
35010000	106
35015000	107
35020000	108
35025000	109
35030000	110
35035000	111
35040000	112
35045000	113
35050000	114
35055000	115
35060000	116
35065000	117
35070000	118
35075000	119
35080000	120
35085000	121
35090000	122
35095000	123
35100000	124
35105000	125
35110000	126
35115000	127
35120000	128
35125000	129
35130000	130
35135000	131
35140000	132
35145000	133
35150000	134
35155000	135
35160000	136
35165000	137
35170000	138
35175000	139
35180000	140
35185000	141
35190000	142
35195000	143
35200000	144
35205000	145
35210000	146
35215000	147
35220000	148
35225000	149
35230000	150
35235000	151
35240000	152
35245000	153
35250000	154
35255000	155
35260000	156
35265000	157
35270000	158
35275000	159
35280000	160
35285000	161
35290000	162
35295000	163
35300000	164
35305000	165
35310000	166
35315000	167
35320000	168
35325000	169
35330000	170
35335000	171
35340000	172
35345000	173
35350000	174
35355000	175
35360000	176
35365000	177
35370000	178
35375000	179
35380000	180
35385000	181
35390000	182
35395000	183
35400000	184
35405000	185
35410000	186
35415000	187
35420000	188
35425000	189
35430000	190
35435000	191
35440000	192
35445000	193
35450000	194
35455000	195
35460000	196
35465000	197
35470000	198
35475000	199
35480000	200
35485000	201
35490000	202
35495000	203
35500000	204
35505000	205
35510000	206
35515000	207
35520000	208
35525000	209
35530000	210
35535000	211
35540000	212
35545000	213
35550000	214
35555000	215
35560000	216
35565000	217
35570000	218
35575000	219
35580000	220
35585000	221
35590000	222
35595000	223
35600000	224
35605000	225
35610000	226
35615000	227
