157580000	0
157585000	1
157590000	2
157595000	3
157600000	4
157605000	5
157610000	6
157615000	7
157620000	8
157625000	9
157630000	10
157635000	11
157640000	12
157645000	13
157650000	14
157655000	15
157660000	16
157665000	17
157670000	18
157675000	19
157680000	20
157685000	21
157690000	22
157695000	23
157700000	24
157705000	25
157710000	26
157715000	27
157720000	28
157725000	29
157730000	30
157735000	31
157740000	32
157745000	33
157750000	34
157755000	35
157760000	36
157765000	37
157770000	38
157775000	39
157780000	40
157785000	41
157790000	42
157795000	43
157800000	44
157805000	45
157810000	46
157815000	47
157820000	48
157825000	49
157830000	50
157835000	51
157840000	52
157845000	53
157850000	54
157855000	55
157860000	56
157865000	57
157870000	58
157875000	59
157880000	60
157885000	61
157890000	62
157895000	63
157900000	64
157905000	65
157910000	66
157915000	67
157920000	68
157925000	69
157930000	70
157935000	71
157940000	72
157945000	73
157950000	74
157955000	75
157960000	76
157965000	77
157970000	78
157975000	79
157980000	80
157985000	81
157990000	82
157995000	83
158000000	84
158005000	85
158010000	86
158015000	87
158020000	88
158025000	89
158030000	90
158035000	91
158040000	92
158045000	93
158050000	94
158055000	95
158060000	96
158065000	97
158070000	98
158075000	99
158080000	100
158085000	101
158090000	102
158095000	103
158100000	104
158105000	105
158110000	106
158115000	107
158120000	108
158125000	109
158130000	110
158135000	111
158140000	112
158145000	113
158150000	114
158155000	115
158160000	116
158165000	117
158170000	118
158175000	119
158180000	120
158185000	121
158190000	122
158195000	123
158200000	124
158205000	125
158210000	126
158215000	127
158220000	128
158225000	129
158230000	130
158235000	131
158240000	132
158245000	133
158250000	134
158255000	135
158260000	136
158265000	137
158270000	138
158275000	139
158280000	140
158285000	141
158290000	142
158295000	143
158300000	144
158305000	145
158310000	146
158315000	147
158320000	148
158325000	149
158330000	150
158335000	151
158340000	152
158345000	153
158350000	154
158355000	155
158360000	156
158365000	157
158370000	158
158375000	159
158380000	160
158385000	161
158390000	162
158395000	163
158400000	164
158405000	165
158410000	166
158415000	167
158420000	168
158425000	169
158430000	170
158435000	171
158440000	172
158445000	173
158450000	174
158455000	175
158460000	176
158465000	177
158470000	178
158475000	179
158480000	180
158485000	181
158490000	182
158495000	183
158500000	184
158505000	185
158510000	186
158515000	187
158520000	188
158525000	189
158530000	190
158535000	191
158540000	192
158545000	193
158550000	194
158555000	195
158560000	196
158565000	197
