71900000	0
71905000	1
71910000	2
71915000	3
71920000	4
71925000	5
71930000	6
71935000	7
71940000	8
71945000	9
71950000	10
71955000	11
71960000	12
71965000	13
71970000	14
71975000	15
71980000	16
71985000	17
71990000	18
71995000	19
72000000	20
72005000	21
72010000	22
72015000	23
72020000	24
72025000	25
72030000	26
72035000	27
72040000	28
72045000	29
72050000	30
72055000	31
72060000	32
72065000	33
72070000	34
72075000	35
72080000	36
72085000	37
72090000	38
72095000	39
72100000	40
72105000	41
72110000	42
72115000	43
72120000	44
72125000	45
72130000	46
72135000	47
72140000	48
72145000	49
72150000	50
72155000	51
72160000	52
72165000	53
72170000	54
72175000	55
72180000	56
72185000	57
72190000	58
72195000	59
72200000	60
72205000	61
72210000	62
72215000	63
72220000	64
72225000	65
72230000	66
72235000	67
72240000	68
72245000	69
72250000	70
72255000	71
72260000	72
72265000	73
72270000	74
72275000	75
72280000	76
72285000	77
72290000	78
72295000	79
72300000	80
72305000	81
72310000	82
72315000	83
72320000	84
72325000	85
72330000	86
72335000	87
72340000	88
72345000	89
72350000	90
72355000	91
72360000	92
72365000	93
72370000	94
72375000	95
72380000	96
72385000	97
72390000	98
72395000	99
72400000	100
72405000	101
72410000	102
72415000	103
72420000	104
72425000	105
72430000	106
72435000	107
72440000	108
72445000	109
72450000	110
72455000	111
72460000	112
72465000	113
72470000	114
72475000	115
72480000	116
72485000	117
72490000	118
72495000	119
72500000	120
72505000	121
72510000	122
72515000	123
72520000	124
72525000	125
72530000	126
72535000	127
72540000	128
72545000	129
72550000	130
72555000	131
72560000	132
72565000	133
72570000	134
72575000	135
72580000	136
72585000	137
72590000	138
72595000	139
72600000	140
72605000	141
72610000	142
72615000	143
72620000	144
72625000	145
72630000	146
72635000	147
72640000	148
72645000	149
72650000	150
72655000	151
72660000	152
72665000	153
72670000	154
72675000	155
72680000	156
72685000	157
72690000	158
72695000	159
72700000	160
72705000	161
72710000	162
72715000	163
72720000	164
72725000	165
72730000	166
72735000	167
72740000	168
72745000	169
72750000	170
72755000	171
72760000	172
72765000	173
72770000	174
72775000	175
72780000	176
