159940000	0
159945000	1
159950000	2
159955000	3
159960000	4
159965000	5
159970000	6
159975000	7
159980000	8
159985000	9
159990000	10
159995000	11
160000000	12
160005000	13
160010000	14
160015000	15
160020000	16
160025000	17
160030000	18
160035000	19
160040000	20
160045000	21
160050000	22
160055000	23
160060000	24
160065000	25
160070000	26
160075000	27
160080000	28
160085000	29
160090000	30
160095000	31
160100000	32
160105000	33
160110000	34
160115000	35
160120000	36
160125000	37
160130000	38
160135000	39
160140000	40
160145000	41
160150000	42
160155000	43
160160000	44
160165000	45
160170000	46
160175000	47
160180000	48
160185000	49
160190000	50
160195000	51
160200000	52
160205000	53
160210000	54
160215000	55
160220000	56
160225000	57
160230000	58
160235000	59
160240000	60
160245000	61
160250000	62
160255000	63
160260000	64
160265000	65
160270000	66
160275000	67
160280000	68
160285000	69
160290000	70
160295000	71
160300000	72
160305000	73
160310000	74
160315000	75
160320000	76
160325000	77
160330000	78
160335000	79
160340000	80
160345000	81
160350000	82
160355000	83
160360000	84
160365000	85
160370000	86
160375000	87
160380000	88
