92640000	0
92645000	1
92650000	2
92655000	3
92660000	4
92665000	5
92670000	6
92675000	7
92680000	8
92685000	9
92690000	10
92695000	11
92700000	12
92705000	13
92710000	14
92715000	15
92720000	16
92725000	17
92730000	18
92735000	19
92740000	20
92745000	21
92750000	22
92755000	23
92760000	24
92765000	25
92770000	26
92775000	27
92780000	28
92785000	29
92790000	30
92795000	31
92800000	32
92805000	33
92810000	34
92815000	35
92820000	36
92825000	37
92830000	38
92835000	39
92840000	40
92845000	41
92850000	42
92855000	43
92860000	44
92865000	45
92870000	46
92875000	47
92880000	48
92885000	49
92890000	50
92895000	51
92900000	52
92905000	53
92910000	54
92915000	55
92920000	56
92925000	57
92930000	58
92935000	59
92940000	60
92945000	61
92950000	62
92955000	63
92960000	64
92965000	65
92970000	66
92975000	67
92980000	68
92985000	69
92990000	70
92995000	71
93000000	72
93005000	73
93010000	74
93015000	75
93020000	76
93025000	77
93030000	78
93035000	79
93040000	80
93045000	81
93050000	82
93055000	83
93060000	84
93065000	85
93070000	86
93075000	87
93080000	88
93085000	89
