186980000	0
186985000	1
186990000	2
186995000	3
187000000	4
187005000	5
187010000	6
187015000	7
187020000	8
187025000	9
187030000	10
187035000	11
187040000	12
187045000	13
187050000	14
187055000	15
187060000	16
187065000	17
187070000	18
187075000	19
187080000	20
187085000	21
187090000	22
187095000	23
187100000	24
187105000	25
187110000	26
187115000	27
187120000	28
187125000	29
187130000	30
187135000	31
187140000	32
187145000	33
187150000	34
187155000	35
187160000	36
187165000	37
187170000	38
187175000	39
187180000	40
187185000	41
187190000	42
187195000	43
187200000	44
187205000	45
187210000	46
187215000	47
187220000	48
187225000	49
187230000	50
187235000	51
187240000	52
187245000	53
187250000	54
187255000	55
187260000	56
187265000	57
187270000	58
187275000	59
187280000	60
187285000	61
187290000	62
187295000	63
187300000	64
187305000	65
187310000	66
187315000	67
187320000	68
187325000	69
187330000	70
187335000	71
187340000	72
187345000	73
187350000	74
187355000	75
187360000	76
187365000	77
187370000	78
187375000	79
187380000	80
187385000	81
187390000	82
187395000	83
187400000	84
187405000	85
187410000	86
187415000	87
187420000	88
187425000	89
187430000	90
187435000	91
187440000	92
187445000	93
187450000	94
187455000	95
187460000	96
187465000	97
187470000	98
187475000	99
187480000	100
187485000	101
187490000	102
187495000	103
187500000	104
187505000	105
187510000	106
187515000	107
187520000	108
187525000	109
187530000	110
187535000	111
187540000	112
187545000	113
187550000	114
187555000	115
187560000	116
187565000	117
187570000	118
187575000	119
187580000	120
187585000	121
187590000	122
187595000	123
187600000	124
187605000	125
187610000	126
187615000	127
187620000	128
187625000	129
187630000	130
187635000	131
187640000	132
187645000	133
187650000	134
187655000	135
187660000	136
187665000	137
187670000	138
187675000	139
187680000	140
187685000	141
187690000	142
187695000	143
187700000	144
187705000	145
187710000	146
187715000	147
187720000	148
187725000	149
187730000	150
187735000	151
187740000	152
187745000	153
187750000	154
187755000	155
187760000	156
187765000	157
187770000	158
187775000	159
187780000	160
187785000	161
187790000	162
187795000	163
187800000	164
187805000	165
187810000	166
187815000	167
187820000	168
187825000	169
187830000	170
187835000	171
187840000	172
187845000	173
187850000	174
187855000	175
187860000	176
187865000	177
187870000	178
187875000	179
187880000	180
187885000	181
187890000	182
