50860000	0
50865000	1
50870000	2
50875000	3
50880000	4
50885000	5
50890000	6
50895000	7
50900000	8
50905000	9
50910000	10
50915000	11
50920000	12
50925000	13
50930000	14
50935000	15
50940000	16
50945000	17
50950000	18
50955000	19
50960000	20
50965000	21
50970000	22
50975000	23
50980000	24
50985000	25
50990000	26
50995000	27
51000000	28
51005000	29
51010000	30
51015000	31
51020000	32
51025000	33
51030000	34
51035000	35
51040000	36
51045000	37
51050000	38
51055000	39
51060000	40
51065000	41
51070000	42
51075000	43
51080000	44
51085000	45
51090000	46
51095000	47
51100000	48
51105000	49
51110000	50
51115000	51
51120000	52
51125000	53
51130000	54
51135000	55
51140000	56
51145000	57
51150000	58
51155000	59
51160000	60
51165000	61
51170000	62
51175000	63
51180000	64
51185000	65
51190000	66
51195000	67
51200000	68
51205000	69
51210000	70
51215000	71
51220000	72
51225000	73
51230000	74
51235000	75
51240000	76
51245000	77
51250000	78
51255000	79
51260000	80
51265000	81
51270000	82
51275000	83
51280000	84
51285000	85
51290000	86
51295000	87
51300000	88
51305000	89
51310000	90
51315000	91
51320000	92
51325000	93
51330000	94
51335000	95
51340000	96
51345000	97
51350000	98
51355000	99
51360000	100
51365000	101
51370000	102
51375000	103
51380000	104
51385000	105
51390000	106
51395000	107
51400000	108
51405000	109
51410000	110
51415000	111
51420000	112
51425000	113
51430000	114
51435000	115
51440000	116
51445000	117
51450000	118
51455000	119
51460000	120
51465000	121
51470000	122
51475000	123
51480000	124
51485000	125
51490000	126
51495000	127
51500000	128
51505000	129
51510000	130
51515000	131
51520000	132
51525000	133
51530000	134
51535000	135
51540000	136
51545000	137
51550000	138
51555000	139
51560000	140
51565000	141
51570000	142
51575000	143
51580000	144
51585000	145
51590000	146
51595000	147
51600000	148
51605000	149
51610000	150
51615000	151
51620000	152
51625000	153
51630000	154
51635000	155
51640000	156
51645000	157
51650000	158
51655000	159
51660000	160
51665000	161
51670000	162
51675000	163
51680000	164
51685000	165
51690000	166
51695000	167
51700000	168
51705000	169
51710000	170
51715000	171
51720000	172
51725000	173
51730000	174
51735000	175
51740000	176
51745000	177
51750000	178
51755000	179
51760000	180
51765000	181
51770000	182
51775000	183
51780000	184
51785000	185
51790000	186
51795000	187
51800000	188
51805000	189
51810000	190
51815000	191
51820000	192
51825000	193
51830000	194
51835000	195
51840000	196
51845000	197
51850000	198
51855000	199
51860000	200
51865000	201
51870000	202
51875000	203
51880000	204
51885000	205
51890000	206
51895000	207
51900000	208
51905000	209
51910000	210
51915000	211
51920000	212
51925000	213
51930000	214
51935000	215
51940000	216
51945000	217
51950000	218
51955000	219
51960000	220
51965000	221
51970000	222
51975000	223
51980000	224
51985000	225
51990000	226
51995000	227
52000000	228
52005000	229
52010000	230
52015000	231
52020000	232
52025000	233
52030000	234
52035000	235
52040000	236
52045000	237
52050000	238
52055000	239
52060000	240
52065000	241
52070000	242
52075000	243
52080000	244
52085000	245
52095000	246
52100000	247
52105000	248
52110000	249
52115000	250
52120000	251
52125000	252
52130000	253
52135000	254
52140000	255
52145000	256
52150000	257
52155000	258
52160000	259
52165000	260
52170000	261
52175000	262
52180000	263
52185000	264
