116765000	0
116770000	1
116775000	2
116780000	3
116785000	4
116790000	5
116795000	6
116800000	7
116805000	8
116810000	9
116815000	10
116820000	11
116825000	12
116830000	13
116835000	14
116840000	15
116845000	16
116850000	17
116855000	18
116860000	19
116865000	20
116870000	21
116875000	22
116880000	23
116885000	24
116890000	25
116895000	26
116900000	27
116905000	28
116910000	29
116915000	30
116920000	31
116925000	32
116930000	33
116935000	34
116940000	35
116945000	36
116950000	37
116955000	38
116960000	39
116965000	40
116970000	41
116975000	42
116980000	43
116985000	44
116990000	45
116995000	46
117000000	47
117005000	48
117010000	49
117015000	50
117020000	51
117025000	52
117030000	53
117035000	54
117040000	55
117045000	56
117050000	57
117055000	58
