12675000	0
12680000	1
12685000	2
12690000	3
12695000	4
12700000	5
12705000	6
12710000	7
12715000	8
12720000	9
12725000	10
12730000	11
12735000	12
12740000	13
12745000	14
12750000	15
12755000	16
12760000	17
12765000	18
12770000	19
12775000	20
12780000	21
12785000	22
12790000	23
12795000	24
12800000	25
12805000	26
12810000	27
12815000	28
12820000	29
12825000	30
12830000	31
12835000	32
12840000	33
12845000	34
12850000	35
12855000	36
12860000	37
12865000	38
12870000	39
12875000	40
12880000	41
12885000	42
12890000	43
12895000	44
12900000	45
12905000	46
12910000	47
12915000	48
12920000	49
12925000	50
12930000	51
12935000	52
12940000	53
12945000	54
12950000	55
12955000	56
12960000	57
12965000	58
12970000	59
12975000	60
12980000	61
12985000	62
12990000	63
12995000	64
13000000	65
13005000	66
13010000	67
13015000	68
13020000	69
13025000	70
13030000	71
13035000	72
13040000	73
13045000	74
13050000	75
13055000	76
13060000	77
13065000	78
13070000	79
13075000	80
13080000	81
13085000	82
13090000	83
13095000	84
13100000	85
13105000	86
13110000	87
13115000	88
13120000	89
13125000	90
13130000	91
13135000	92
13140000	93
13145000	94
13150000	95
13155000	96
13160000	97
13165000	98
13170000	99
13175000	100
13180000	101
13185000	102
13190000	103
13195000	104
13200000	105
13205000	106
13210000	107
13215000	108
13220000	109
13225000	110
13230000	111
13235000	112
13240000	113
13245000	114
13250000	115
13255000	116
13260000	117
13265000	118
13270000	119
13275000	120
13280000	121
13285000	122
13290000	123
13295000	124
13300000	125
13305000	126
13310000	127
13315000	128
13320000	129
13325000	130
13330000	131
13335000	132
13340000	133
13345000	134
13350000	135
13355000	136
13360000	137
13365000	138
13370000	139
13375000	140
13380000	141
13385000	142
13390000	143
13395000	144
13400000	145
13405000	146
13410000	147
13415000	148
13420000	149
13425000	150
13430000	151
13435000	152
13440000	153
13445000	154
13450000	155
13455000	156
13460000	157
13465000	158
13470000	159
13475000	160
13480000	161
13485000	162
13490000	163
13495000	164
13500000	165
13505000	166
13510000	167
13515000	168
13520000	169
13525000	170
13530000	171
13535000	172
13540000	173
13545000	174
13550000	175
13555000	176
13560000	177
13565000	178
13570000	179
13575000	180
13580000	181
13585000	182
13590000	183
13595000	184
13600000	185
13605000	186
13610000	187
13615000	188
13620000	189
13625000	190
13630000	191
13635000	192
13640000	193
13645000	194
13650000	195
13655000	196
13660000	197
13665000	198
13670000	199
13675000	200
13680000	201
13685000	202
13690000	203
13695000	204
13700000	205
13705000	206
13710000	207
13715000	208
13720000	209
13725000	210
13730000	211
13735000	212
13740000	213
13745000	214
13750000	215
13755000	216
13760000	217
13765000	218
13770000	219
13775000	220
13780000	221
13785000	222
13790000	223
13795000	224
13800000	225
13805000	226
13810000	227
13815000	228
13820000	229
13825000	230
13830000	231
13835000	232
13840000	233
13845000	234
13850000	235
13855000	236
13860000	237
13865000	238
13870000	239
13875000	240
13880000	241
13885000	242
13890000	243
13895000	244
13900000	245
13905000	246
13910000	247
13915000	248
13920000	249
13925000	250
13930000	251
13935000	252
13940000	253
13945000	254
13950000	255
13955000	256
13960000	257
13965000	258
13970000	259
13975000	260
13980000	261
13985000	262
13990000	263
13995000	264
14000000	265
14005000	266
14010000	267
14015000	268
14020000	269
14025000	270
14030000	271
14035000	272
14040000	273
14045000	274
14050000	275
14055000	276
14060000	277
14065000	278
14070000	279
14075000	280
14080000	281
14085000	282
14090000	283
14095000	284
14100000	285
14105000	286
14110000	287
14115000	288
14120000	289
14125000	290
14130000	291
14135000	292
14140000	293
14145000	294
14150000	295
14155000	296
14160000	297
14165000	298
14170000	299
14175000	300
14180000	301
14185000	302
14190000	303
14195000	304
14200000	305
14205000	306
14210000	307
14215000	308
14220000	309
14225000	310
14230000	311
14235000	312
14240000	313
14245000	314
14250000	315
14255000	316
14260000	317
14265000	318
14270000	319
14275000	320
14280000	321
14285000	322
14290000	323
14295000	324
14300000	325
14305000	326
14310000	327
14315000	328
14320000	329
14325000	330
14330000	331
14335000	332
14340000	333
14345000	334
14350000	335
14355000	336
14360000	337
14365000	338
14370000	339
14375000	340
14380000	341
14385000	342
14390000	343
14395000	344
14400000	345
14405000	346
14410000	347
14415000	348
14420000	349
14425000	350
14430000	351
14435000	352
14440000	353
14445000	354
14450000	355
14455000	356
14460000	357
14465000	358
14470000	359
14475000	360
14480000	361
14485000	362
14490000	363
14495000	364
14500000	365
14505000	366
14510000	367
14515000	368
14520000	369
14525000	370
14530000	371
14535000	372
14540000	373
14545000	374
14550000	375
14555000	376
14560000	377
14565000	378
14570000	379
14575000	380
14580000	381
14585000	382
14590000	383
14595000	384
14600000	385
14605000	386
14610000	387
14615000	388
14620000	389
14625000	390
14630000	391
14635000	392
14640000	393
14645000	394
14650000	395
14655000	396
14660000	397
14665000	398
14670000	399
14675000	400
14680000	401
14685000	402
14690000	403
14695000	404
14700000	405
14705000	406
14710000	407
14715000	408
14720000	409
14725000	410
14730000	411
14735000	412
14740000	413
14745000	414
14750000	415
14755000	416
14760000	417
14765000	418
14770000	419
14775000	420
14780000	421
14785000	422
14790000	423
14795000	424
14800000	425
14805000	426
14810000	427
14815000	428
14820000	429
14825000	430
14830000	431
14835000	432
14840000	433
14845000	434
14850000	435
14855000	436
14860000	437
14865000	438
14870000	439
14875000	440
14880000	441
14885000	442
14890000	443
14895000	444
14900000	445
14905000	446
14910000	447
14915000	448
14920000	449
14925000	450
14930000	451
14935000	452
14940000	453
14945000	454
14950000	455
14955000	456
14960000	457
14965000	458
14970000	459
14975000	460
14980000	461
14985000	462
14990000	463
14995000	464
15000000	465
15005000	466
15010000	467
15015000	468
15020000	469
15025000	470
15030000	471
15035000	472
15040000	473
15045000	474
15050000	475
15055000	476
15060000	477
15065000	478
15070000	479
15075000	480
15080000	481
