54340000	0
54345000	1
54350000	2
54355000	3
54360000	4
54365000	5
54370000	6
54375000	7
54380000	8
54385000	9
54390000	10
54395000	11
54400000	12
54405000	13
54410000	14
54415000	15
54420000	16
54425000	17
54430000	18
54435000	19
54440000	20
54445000	21
54450000	22
54455000	23
54460000	24
54465000	25
54470000	26
54475000	27
54480000	28
54485000	29
54490000	30
54495000	31
54500000	32
54505000	33
54510000	34
54515000	35
54520000	36
54525000	37
54530000	38
54535000	39
54540000	40
54545000	41
54550000	42
54555000	43
54560000	44
54565000	45
54570000	46
54575000	47
54580000	48
54585000	49
54590000	50
54595000	51
54600000	52
54605000	53
54610000	54
54615000	55
54620000	56
54625000	57
54630000	58
54635000	59
54640000	60
54645000	61
54650000	62
54655000	63
54660000	64
54665000	65
54670000	66
54675000	67
54680000	68
54685000	69
54690000	70
54695000	71
54700000	72
54705000	73
54710000	74
54715000	75
54720000	76
54725000	77
54730000	78
54735000	79
54740000	80
54745000	81
54750000	82
54755000	83
54760000	84
54765000	85
54770000	86
