222631000	0
222632000	1
222633000	2
222634000	3
222635000	4
222636000	5
222637000	6
222638000	7
222639000	8
222640000	9
222641000	10
222643000	11
222644000	12
222645000	13
222648000	14
222650000	15
222652000	16
222653000	17
222654000	18
222655000	19
222656000	20
222657000	21
222658000	22
222660000	23
222661000	24
222663000	25
222666000	26
222667000	27
222669000	28
222670000	29
222673000	30
222674000	31
222676000	32
222678000	33
222679000	34
222681000	35
222683000	36
222684000	37
222685000	38
222686000	39
222687000	40
222688000	41
222689000	42
222690000	43
222691000	44
222692000	45
222693000	46
222694000	47
222695000	48
222696000	49
222697000	50
222698000	51
222699000	52
222700000	53
222701000	54
222702000	55
222703000	56
222704000	57
222705000	58
222706000	59
222707000	60
222708000	61
222709000	62
222710000	63
222711000	64
222712000	65
222713000	66
222714000	67
222715000	68
222716000	69
222717000	70
222718000	71
222719000	72
222720000	73
222721000	74
222722000	75
222723000	76
222724000	77
222725000	78
222726000	79
222727000	80
222728000	81
222729000	82
222730000	83
222731000	84
222732000	85
222733000	86
222734000	87
222735000	88
222736000	89
222737000	90
222738000	91
222739000	92
222740000	93
222741000	94
222742000	95
222743000	96
222744000	97
222745000	98
222746000	99
222747000	100
222748000	101
222749000	102
222750000	103
222751000	104
222752000	105
222753000	106
222754000	107
222755000	108
222756000	109
222757000	110
222758000	111
222759000	112
222760000	113
222761000	114
222762000	115
222763000	116
222764000	117
222765000	118
222766000	119
222767000	120
222768000	121
222769000	122
222770000	123
222771000	124
222772000	125
222773000	126
222774000	127
222775000	128
222776000	129
222777000	130
222778000	131
222779000	132
222780000	133
222781000	134
222782000	135
222783000	136
222784000	137
222785000	138
222786000	139
222787000	140
222788000	141
222789000	142
222790000	143
222791000	144
222792000	145
222793000	146
222794000	147
222795000	148
222796000	149
222797000	150
222798000	151
222799000	152
222800000	153
222801000	154
222802000	155
222803000	156
222804000	157
222805000	158
222806000	159
222807000	160
222808000	161
222809000	162
222810000	163
222811000	164
222812000	165
222813000	166
222814000	167
