66915000	0
66920000	1
66925000	2
66930000	3
66935000	4
66940000	5
66945000	6
66950000	7
66955000	8
66960000	9
66965000	10
66970000	11
66975000	12
66980000	13
66985000	14
66990000	15
66995000	16
67000000	17
67005000	18
67010000	19
67015000	20
67020000	21
67025000	22
67030000	23
67035000	24
67040000	25
67045000	26
67050000	27
67055000	28
67060000	29
67065000	30
67070000	31
67075000	32
67080000	33
67085000	34
67090000	35
67095000	36
67100000	37
67105000	38
67110000	39
67115000	40
67120000	41
67125000	42
67130000	43
67135000	44
67140000	45
67145000	46
67150000	47
67155000	48
67160000	49
67165000	50
67170000	51
67175000	52
67180000	53
67185000	54
67190000	55
67195000	56
67200000	57
67205000	58
67210000	59
67215000	60
67220000	61
67225000	62
67230000	63
67235000	64
67240000	65
67245000	66
67250000	67
67255000	68
67260000	69
67265000	70
67270000	71
67275000	72
67280000	73
67285000	74
67290000	75
67295000	76
67300000	77
67305000	78
67310000	79
67315000	80
67320000	81
67325000	82
67330000	83
67335000	84
67340000	85
67345000	86
67350000	87
67355000	88
67360000	89
67365000	90
67370000	91
67375000	92
67380000	93
67385000	94
67390000	95
67395000	96
67400000	97
67405000	98
67410000	99
67415000	100
67420000	101
67425000	102
67430000	103
67435000	104
67440000	105
67445000	106
67450000	107
67455000	108
67460000	109
67465000	110
67470000	111
67475000	112
67480000	113
67485000	114
67490000	115
67495000	116
67500000	117
67505000	118
67510000	119
