79690000	0
79695000	1
79700000	2
79705000	3
79710000	4
79715000	5
79720000	6
79725000	7
79730000	8
79735000	9
79740000	10
79745000	11
79750000	12
79755000	13
79760000	14
79765000	15
79770000	16
79775000	17
79780000	18
79785000	19
79790000	20
79795000	21
79800000	22
79805000	23
79810000	24
79815000	25
79820000	26
79825000	27
79830000	28
79835000	29
79840000	30
79845000	31
79850000	32
79855000	33
79860000	34
79865000	35
79870000	36
79875000	37
79880000	38
79885000	39
79890000	40
79895000	41
79900000	42
79905000	43
79910000	44
79915000	45
79920000	46
79925000	47
79930000	48
79935000	49
79940000	50
79945000	51
79950000	52
79955000	53
79960000	54
79965000	55
79970000	56
79975000	57
79980000	58
79985000	59
79990000	60
79995000	61
80000000	62
80005000	63
80010000	64
80015000	65
80020000	66
80025000	67
80030000	68
80035000	69
80040000	70
80045000	71
80050000	72
80055000	73
80060000	74
80065000	75
80070000	76
80075000	77
80080000	78
80085000	79
80090000	80
80095000	81
80100000	82
80105000	83
80110000	84
80115000	85
80120000	86
80125000	87
80130000	88
80135000	89
80140000	90
80145000	91
80150000	92
80155000	93
80160000	94
80165000	95
80170000	96
80175000	97
80180000	98
80185000	99
80190000	100
80195000	101
80200000	102
80205000	103
80210000	104
80215000	105
80220000	106
80225000	107
80230000	108
80235000	109
80240000	110
80245000	111
80250000	112
80255000	113
80260000	114
80265000	115
80270000	116
80275000	117
80280000	118
80285000	119
80290000	120
80295000	121
80300000	122
80305000	123
80310000	124
80315000	125
80320000	126
80325000	127
80330000	128
80335000	129
80340000	130
80345000	131
80350000	132
80355000	133
80360000	134
80365000	135
80370000	136
80375000	137
80380000	138
80385000	139
80390000	140
80395000	141
80400000	142
80405000	143
80410000	144
80415000	145
80420000	146
80425000	147
80430000	148
80435000	149
80440000	150
80445000	151
80450000	152
80455000	153
80460000	154
80465000	155
80470000	156
80475000	157
80480000	158
80485000	159
80490000	160
80495000	161
80500000	162
80505000	163
80510000	164
80515000	165
80520000	166
80525000	167
80530000	168
80535000	169
80540000	170
80545000	171
80550000	172
80555000	173
80560000	174
80565000	175
80570000	176
80575000	177
80580000	178
80585000	179
80590000	180
80595000	181
80600000	182
