124645000	0
124650000	1
124655000	2
124660000	3
124665000	4
124670000	5
124675000	6
124680000	7
124685000	8
124690000	9
124695000	10
124700000	11
124705000	12
124710000	13
124715000	14
124720000	15
124725000	16
124730000	17
124735000	18
124740000	19
124745000	20
124750000	21
124755000	22
124760000	23
124765000	24
124770000	25
124775000	26
124780000	27
124785000	28
124790000	29
124795000	30
124800000	31
124805000	32
124810000	33
124815000	34
124820000	35
124825000	36
124830000	37
124835000	38
124840000	39
124845000	40
124850000	41
124855000	42
124860000	43
124865000	44
124870000	45
124875000	46
124880000	47
124885000	48
124890000	49
124895000	50
124900000	51
124905000	52
124910000	53
124915000	54
124920000	55
124925000	56
124930000	57
124935000	58
124940000	59
124945000	60
124950000	61
124955000	62
124960000	63
124965000	64
124970000	65
124975000	66
124980000	67
124985000	68
124990000	69
124995000	70
125000000	71
125005000	72
125010000	73
125015000	74
125020000	75
125025000	76
125030000	77
125035000	78
125040000	79
125045000	80
125050000	81
125055000	82
125060000	83
125065000	84
125070000	85
125075000	86
125080000	87
125085000	88
125090000	89
125095000	90
125100000	91
125105000	92
125110000	93
