42785000	0
42790000	1
42795000	2
42800000	3
42805000	4
42810000	5
42815000	6
42820000	7
42825000	8
42830000	9
42835000	10
42840000	11
42845000	12
42850000	13
42855000	14
42860000	15
42865000	16
42870000	17
42875000	18
42880000	19
42885000	20
42890000	21
42895000	22
42900000	23
42905000	24
42910000	25
42915000	26
42920000	27
42925000	28
42930000	29
42935000	30
42940000	31
42945000	32
42950000	33
42955000	34
42960000	35
42965000	36
42970000	37
42975000	38
42980000	39
42985000	40
42990000	41
42995000	42
43000000	43
43005000	44
43010000	45
43015000	46
43020000	47
43025000	48
43030000	49
43035000	50
43040000	51
43045000	52
43050000	53
43055000	54
43060000	55
43065000	56
43070000	57
43075000	58
43080000	59
43085000	60
43090000	61
43095000	62
43100000	63
43105000	64
43110000	65
43115000	66
43120000	67
43125000	68
43130000	69
43135000	70
43140000	71
43145000	72
43150000	73
43155000	74
43160000	75
43165000	76
43170000	77
43175000	78
43180000	79
43185000	80
43190000	81
43195000	82
43200000	83
43205000	84
43210000	85
43215000	86
43220000	87
43225000	88
43230000	89
43235000	90
43240000	91
43245000	92
43250000	93
43255000	94
43260000	95
43265000	96
43270000	97
43275000	98
43280000	99
43285000	100
43290000	101
43295000	102
43300000	103
43305000	104
43310000	105
43315000	106
43320000	107
43325000	108
43330000	109
43335000	110
43340000	111
43345000	112
43350000	113
43355000	114
43360000	115
43365000	116
43370000	117
43375000	118
43380000	119
43385000	120
43390000	121
43395000	122
43400000	123
43405000	124
43410000	125
43415000	126
43420000	127
43425000	128
43430000	129
43435000	130
43440000	131
43445000	132
43450000	133
43455000	134
43460000	135
43465000	136
43470000	137
43475000	138
43480000	139
43485000	140
43490000	141
43495000	142
43500000	143
43505000	144
43510000	145
43515000	146
43520000	147
43525000	148
43535000	149
43540000	150
43545000	151
43550000	152
43555000	153
43560000	154
43565000	155
43570000	156
43575000	157
43580000	158
43585000	159
43590000	160
43595000	161
43600000	162
43605000	163
43610000	164
43615000	165
43620000	166
43625000	167
43630000	168
43635000	169
43640000	170
43645000	171
43650000	172
43655000	173
43660000	174
43665000	175
43670000	176
43675000	177
43680000	178
43685000	179
43690000	180
43695000	181
43700000	182
43705000	183
43710000	184
43715000	185
43720000	186
43725000	187
43730000	188
43735000	189
43740000	190
43745000	191
43750000	192
43755000	193
43760000	194
43765000	195
43770000	196
43775000	197
43780000	198
43785000	199
43790000	200
43795000	201
43800000	202
43805000	203
43810000	204
43815000	205
43820000	206
43825000	207
43830000	208
43835000	209
43840000	210
43845000	211
43850000	212
43855000	213
43860000	214
43865000	215
43870000	216
43875000	217
43880000	218
43885000	219
43890000	220
43895000	221
43900000	222
43905000	223
43910000	224
43915000	225
43920000	226
43925000	227
43930000	228
43935000	229
43940000	230
43945000	231
43950000	232
43955000	233
43960000	234
43965000	235
43970000	236
43975000	237
43980000	238
43985000	239
43990000	240
43995000	241
44000000	242
44005000	243
44010000	244
44015000	245
44020000	246
44025000	247
44030000	248
44035000	249
44040000	250
44045000	251
44050000	252
44055000	253
44060000	254
44065000	255
44070000	256
44075000	257
44080000	258
44085000	259
44090000	260
44095000	261
44100000	262
44105000	263
44110000	264
44115000	265
44120000	266
44125000	267
44130000	268
44135000	269
44140000	270
44145000	271
44150000	272
44155000	273
44160000	274
44165000	275
44170000	276
44175000	277
44180000	278
44185000	279
44190000	280
44195000	281
44200000	282
44205000	283
44210000	284
44215000	285
44220000	286
44225000	287
44230000	288
44235000	289
44240000	290
44245000	291
44250000	292
44255000	293
44260000	294
44265000	295
44270000	296
44275000	297
44280000	298
44285000	299
44290000	300
44295000	301
44300000	302
44305000	303
44310000	304
44315000	305
44320000	306
44325000	307
44330000	308
44335000	309
44340000	310
44345000	311
44350000	312
44355000	313
44360000	314
44365000	315
44370000	316
44375000	317
44380000	318
44385000	319
44390000	320
44395000	321
44400000	322
44405000	323
44410000	324
44415000	325
44420000	326
44425000	327
44430000	328
44435000	329
44440000	330
44445000	331
44450000	332
44455000	333
44460000	334
44465000	335
44470000	336
44475000	337
44480000	338
44485000	339
44490000	340
44495000	341
44500000	342
44505000	343
44510000	344
44515000	345
44520000	346
44525000	347
44530000	348
44535000	349
44540000	350
44545000	351
44550000	352
44555000	353
44560000	354
44565000	355
44570000	356
44575000	357
44580000	358
44585000	359
44590000	360
44595000	361
44600000	362
44605000	363
44610000	364
44615000	365
44620000	366
44625000	367
44630000	368
44635000	369
