78750000	0
78755000	1
78760000	2
78765000	3
78770000	4
78775000	5
78780000	6
78785000	7
78790000	8
78795000	9
78800000	10
78805000	11
78810000	12
78815000	13
78820000	14
78825000	15
78830000	16
78835000	17
78840000	18
78845000	19
78850000	20
78855000	21
78860000	22
78865000	23
78870000	24
78875000	25
78880000	26
78885000	27
78890000	28
78895000	29
78900000	30
78905000	31
78910000	32
78915000	33
78920000	34
78925000	35
78930000	36
78935000	37
78940000	38
78945000	39
78950000	40
78955000	41
78960000	42
78965000	43
78970000	44
78975000	45
78980000	46
78985000	47
78990000	48
78995000	49
79000000	50
79005000	51
79010000	52
79015000	53
79020000	54
79025000	55
79030000	56
79035000	57
79040000	58
79045000	59
79050000	60
79055000	61
79060000	62
79065000	63
79070000	64
79075000	65
79080000	66
79085000	67
79090000	68
79095000	69
79100000	70
79105000	71
79110000	72
79115000	73
79120000	74
79125000	75
79130000	76
79135000	77
79140000	78
79145000	79
79150000	80
79155000	81
79160000	82
79165000	83
79170000	84
79175000	85
79180000	86
79185000	87
79190000	88
79195000	89
79200000	90
79205000	91
79210000	92
79215000	93
79220000	94
79225000	95
79230000	96
79235000	97
79240000	98
79245000	99
79250000	100
79255000	101
79260000	102
79265000	103
79270000	104
79275000	105
79280000	106
79285000	107
79290000	108
79295000	109
79300000	110
79305000	111
79310000	112
79315000	113
79320000	114
79325000	115
79330000	116
79335000	117
79340000	118
79345000	119
79350000	120
79355000	121
79360000	122
79365000	123
79370000	124
79375000	125
79380000	126
79385000	127
79390000	128
79395000	129
79400000	130
79405000	131
79410000	132
79415000	133
79420000	134
79425000	135
79430000	136
79435000	137
79440000	138
79445000	139
79450000	140
79455000	141
79460000	142
79465000	143
79470000	144
79475000	145
79480000	146
79485000	147
79490000	148
79495000	149
79500000	150
79505000	151
79510000	152
79515000	153
79520000	154
79525000	155
79530000	156
79535000	157
79540000	158
79545000	159
79550000	160
79555000	161
