33801000	0
33802000	1
33803000	2
33804000	3
33805000	4
33806000	5
33807000	6
33808000	7
33809000	8
33810000	9
33811000	10
33812000	11
33813000	12
33814000	13
33815000	14
33816000	15
33817000	16
33818000	17
33819000	18
33820000	19
33821000	20
33822000	21
33823000	22
33824000	23
33825000	24
33826000	25
33827000	26
33828000	27
33829000	28
33830000	29
33831000	30
33832000	31
33833000	32
33834000	33
33835000	34
33836000	35
33837000	36
33838000	37
33839000	38
33840000	39
33841000	40
33842000	41
33843000	42
33844000	43
33845000	44
33846000	45
33847000	46
33848000	47
33849000	48
33850000	49
33851000	50
33852000	51
33853000	52
33854000	53
