103850000	0
103855000	1
103860000	2
103865000	3
103870000	4
103875000	5
103880000	6
103885000	7
103890000	8
103895000	9
103900000	10
103905000	11
103910000	12
103915000	13
103920000	14
103925000	15
103930000	16
103935000	17
103940000	18
103945000	19
103950000	20
103955000	21
103960000	22
103965000	23
103970000	24
103975000	25
103980000	26
103985000	27
103990000	28
103995000	29
104000000	30
104005000	31
104010000	32
104015000	33
104020000	34
104025000	35
104030000	36
104035000	37
104040000	38
104045000	39
104050000	40
104055000	41
104060000	42
104065000	43
104070000	44
104075000	45
104080000	46
104085000	47
104090000	48
104095000	49
104100000	50
104105000	51
104110000	52
104115000	53
104120000	54
104125000	55
104130000	56
104135000	57
104140000	58
104145000	59
104150000	60
104155000	61
104160000	62
104165000	63
104170000	64
104175000	65
104180000	66
104185000	67
104190000	68
104195000	69
104200000	70
104205000	71
104210000	72
104215000	73
104220000	74
104225000	75
104230000	76
104235000	77
104240000	78
104245000	79
104250000	80
104255000	81
104260000	82
104265000	83
104270000	84
104275000	85
104280000	86
104285000	87
104290000	88
104295000	89
104300000	90
104305000	91
104310000	92
104315000	93
104320000	94
104325000	95
104330000	96
104335000	97
104340000	98
104345000	99
104350000	100
104355000	101
104360000	102
104365000	103
104370000	104
104375000	105
104380000	106
104385000	107
104390000	108
104395000	109
104400000	110
104405000	111
104410000	112
104415000	113
104420000	114
104425000	115
104430000	116
104435000	117
104440000	118
104445000	119
104450000	120
104455000	121
104460000	122
104465000	123
104470000	124
104475000	125
104480000	126
104485000	127
104490000	128
104495000	129
104500000	130
104505000	131
104510000	132
104515000	133
104520000	134
104525000	135
104530000	136
104535000	137
104540000	138
104545000	139
