13555000	0
13560000	1
13565000	2
13570000	3
13575000	4
13580000	5
13585000	6
13590000	7
13595000	8
13600000	9
13605000	10
13610000	11
13615000	12
13620000	13
13625000	14
13630000	15
13635000	16
13640000	17
13645000	18
13650000	19
13655000	20
13660000	21
13665000	22
13670000	23
13675000	24
13680000	25
13685000	26
13690000	27
13695000	28
13700000	29
13705000	30
13710000	31
13715000	32
13720000	33
13725000	34
13730000	35
13735000	36
13740000	37
13745000	38
13750000	39
13755000	40
13760000	41
13765000	42
13770000	43
13775000	44
13780000	45
13785000	46
13790000	47
13795000	48
