155215000	0
155216000	1
155217000	2
155218000	3
155219000	4
155220000	5
155221000	6
155222000	7
155223000	8
155224000	9
155225000	10
155226000	11
155227000	12
155228000	13
155229000	14
155230000	15
155231000	16
155232000	17
155233000	18
155234000	19
155235000	20
155236000	21
155237000	22
155238000	23
155239000	24
155240000	25
155241000	26
155242000	27
155243000	28
155244000	29
155245000	30
155246000	31
155247000	32
155248000	33
155249000	34
155250000	35
155251000	36
155252000	37
155253000	38
155254000	39
155255000	40
155256000	41
155257000	42
155258000	43
155259000	44
155260000	45
155261000	46
155262000	47
155263000	48
155264000	49
155265000	50
155266000	51
155267000	52
155268000	53
155269000	54
155270000	55
155271000	56
155272000	57
155273000	58
155274000	59
155275000	60
155276000	61
155277000	62
155278000	63
155279000	64
155280000	65
155281000	66
155282000	67
155283000	68
155284000	69
155285000	70
155286000	71
155287000	72
155288000	73
155289000	74
155290000	75
155291000	76
155292000	77
155293000	78
155294000	79
155295000	80
155296000	81
155297000	82
155298000	83
155299000	84
155300000	85
155301000	86
155302000	87
155303000	88
155304000	89
155305000	90
155306000	91
155307000	92
155308000	93
155309000	94
155310000	95
155311000	96
155312000	97
155313000	98
155314000	99
155315000	100
155316000	101
155317000	102
155318000	103
155319000	104
155320000	105
155321000	106
155322000	107
155323000	108
155324000	109
155325000	110
155326000	111
155327000	112
155328000	113
155329000	114
155330000	115
155331000	116
155332000	117
155333000	118
155334000	119
155335000	120
155336000	121
155337000	122
155338000	123
155339000	124
155340000	125
155341000	126
155342000	127
155343000	128
155344000	129
155345000	130
155346000	131
155347000	132
155348000	133
155349000	134
155350000	135
155351000	136
155352000	137
155353000	138
155354000	139
155355000	140
155356000	141
155357000	142
155358000	143
155359000	144
155360000	145
155361000	146
155362000	147
155363000	148
155364000	149
155365000	150
155366000	151
155367000	152
155368000	153
155369000	154
155370000	155
155371000	156
155372000	157
155373000	158
155374000	159
155375000	160
155376000	161
155377000	162
155378000	163
155379000	164
155380000	165
155381000	166
155382000	167
155383000	168
155384000	169
155385000	170
155386000	171
155387000	172
155388000	173
155389000	174
155390000	175
155391000	176
155392000	177
155393000	178
155394000	179
155395000	180
155396000	181
155397000	182
155398000	183
155399000	184
155400000	185
155401000	186
155402000	187
155403000	188
155404000	189
155405000	190
155406000	191
155407000	192
155408000	193
155409000	194
155410000	195
155411000	196
155412000	197
155413000	198
155414000	199
155415000	200
155416000	201
155417000	202
155418000	203
155419000	204
155420000	205
155421000	206
155422000	207
155423000	208
155424000	209
155425000	210
155426000	211
155427000	212
155428000	213
155429000	214
155430000	215
155431000	216
155432000	217
155433000	218
155434000	219
155435000	220
155436000	221
155437000	222
155438000	223
155439000	224
155440000	225
155441000	226
155442000	227
155443000	228
155444000	229
155445000	230
155446000	231
155447000	232
155448000	233
155449000	234
155450000	235
155451000	236
155452000	237
155453000	238
155454000	239
155455000	240
155456000	241
155457000	242
155458000	243
155459000	244
155460000	245
155461000	246
155462000	247
155463000	248
155464000	249
155465000	250
155466000	251
155467000	252
155468000	253
155469000	254
155470000	255
155471000	256
155472000	257
155473000	258
155474000	259
155475000	260
155476000	261
155477000	262
155478000	263
155479000	264
155480000	265
155481000	266
155482000	267
155483000	268
155484000	269
155485000	270
155486000	271
155487000	272
155488000	273
155489000	274
155490000	275
155491000	276
155492000	277
155493000	278
155494000	279
155495000	280
155496000	281
155497000	282
155498000	283
155499000	284
155500000	285
155501000	286
155502000	287
155503000	288
155504000	289
155505000	290
155506000	291
155507000	292
155508000	293
155509000	294
155510000	295
155511000	296
155512000	297
155513000	298
155514000	299
155515000	300
155516000	301
155517000	302
155518000	303
155519000	304
155520000	305
155521000	306
155522000	307
155523000	308
155524000	309
155525000	310
155526000	311
155527000	312
155528000	313
155529000	314
155530000	315
155531000	316
155532000	317
155533000	318
155534000	319
155535000	320
155536000	321
155537000	322
155538000	323
155539000	324
155540000	325
155541000	326
155542000	327
155543000	328
155544000	329
155545000	330
155546000	331
155547000	332
155548000	333
155549000	334
155550000	335
155551000	336
155552000	337
155553000	338
155554000	339
155555000	340
155556000	341
155557000	342
155558000	343
155559000	344
155560000	345
155561000	346
155562000	347
155563000	348
155564000	349
155565000	350
155566000	351
155567000	352
155568000	353
155569000	354
155570000	355
