44960000	0
44965000	1
44970000	2
44975000	3
44980000	4
44985000	5
44990000	6
44995000	7
45000000	8
45005000	9
45010000	10
45015000	11
45020000	12
45025000	13
45030000	14
45035000	15
45040000	16
45045000	17
45050000	18
45055000	19
45060000	20
45065000	21
45070000	22
45075000	23
45080000	24
45085000	25
45090000	26
45095000	27
45100000	28
45105000	29
45110000	30
45115000	31
45120000	32
45125000	33
45130000	34
45135000	35
45140000	36
45145000	37
45150000	38
45155000	39
45160000	40
45165000	41
45170000	42
45175000	43
45180000	44
45185000	45
45190000	46
45195000	47
45200000	48
45205000	49
45210000	50
45215000	51
45220000	52
45225000	53
45230000	54
45235000	55
45240000	56
45245000	57
45250000	58
45255000	59
45260000	60
45265000	61
45270000	62
45275000	63
45280000	64
45285000	65
45290000	66
45295000	67
45300000	68
45305000	69
45310000	70
45315000	71
45320000	72
45325000	73
45330000	74
45335000	75
45340000	76
45345000	77
45350000	78
45355000	79
45360000	80
45365000	81
45370000	82
45375000	83
45380000	84
45385000	85
45390000	86
45395000	87
45400000	88
45405000	89
45410000	90
45415000	91
45420000	92
45425000	93
45430000	94
45435000	95
45440000	96
45445000	97
45450000	98
45455000	99
45460000	100
45465000	101
45470000	102
45475000	103
45480000	104
45485000	105
45490000	106
45495000	107
45500000	108
45505000	109
45510000	110
45515000	111
45520000	112
45525000	113
45530000	114
45535000	115
45540000	116
45545000	117
45550000	118
45555000	119
45560000	120
45565000	121
45570000	122
45575000	123
45580000	124
45585000	125
45590000	126
45595000	127
45600000	128
45605000	129
45610000	130
45615000	131
45620000	132
45625000	133
45630000	134
45635000	135
45640000	136
45645000	137
45650000	138
45655000	139
45665000	140
45670000	141
45675000	142
45680000	143
45685000	144
45690000	145
45695000	146
45700000	147
45705000	148
45710000	149
45715000	150
45720000	151
45725000	152
45730000	153
45735000	154
45740000	155
45745000	156
45750000	157
45755000	158
45760000	159
45765000	160
45770000	161
45775000	162
45780000	163
45785000	164
45790000	165
45795000	166
45800000	167
45805000	168
45810000	169
45815000	170
45820000	171
45825000	172
45830000	173
45835000	174
45840000	175
45845000	176
45850000	177
45855000	178
45860000	179
45865000	180
45870000	181
45875000	182
45880000	183
45885000	184
45890000	185
45895000	186
45900000	187
45905000	188
45910000	189
45915000	190
45920000	191
45925000	192
45930000	193
45935000	194
45940000	195
45945000	196
45950000	197
45955000	198
45960000	199
45965000	200
45970000	201
45975000	202
45980000	203
45985000	204
45990000	205
45995000	206
46000000	207
46005000	208
46010000	209
46015000	210
46020000	211
46025000	212
46030000	213
46035000	214
