167675000	0
167680000	1
167685000	2
167690000	3
167695000	4
167700000	5
167705000	6
167710000	7
167715000	8
167720000	9
167725000	10
167730000	11
167735000	12
167740000	13
167745000	14
167750000	15
167755000	16
167760000	17
167765000	18
167770000	19
167775000	20
167780000	21
167785000	22
167790000	23
167795000	24
167800000	25
167805000	26
167810000	27
167815000	28
167820000	29
167825000	30
167830000	31
167835000	32
167840000	33
167845000	34
167850000	35
167855000	36
167860000	37
167865000	38
167870000	39
167875000	40
167880000	41
167885000	42
167890000	43
167895000	44
167900000	45
167905000	46
167910000	47
167915000	48
167920000	49
167925000	50
167930000	51
167935000	52
167940000	53
167945000	54
167950000	55
167955000	56
167960000	57
167965000	58
167970000	59
167975000	60
167980000	61
167985000	62
167990000	63
167995000	64
168000000	65
168005000	66
168010000	67
168015000	68
168020000	69
168025000	70
168030000	71
168035000	72
168040000	73
168045000	74
168050000	75
168055000	76
168060000	77
168065000	78
168070000	79
168075000	80
168080000	81
168085000	82
