60650000	0
60655000	1
60660000	2
60665000	3
60670000	4
60675000	5
60680000	6
60685000	7
60690000	8
60695000	9
60700000	10
60705000	11
60710000	12
60715000	13
60720000	14
60725000	15
60730000	16
60735000	17
60740000	18
60745000	19
60750000	20
60755000	21
60760000	22
60765000	23
60770000	24
60775000	25
60780000	26
60785000	27
60790000	28
60795000	29
60800000	30
60805000	31
60810000	32
60815000	33
60820000	34
60825000	35
60830000	36
60835000	37
60840000	38
60845000	39
60850000	40
60855000	41
60860000	42
60865000	43
60870000	44
60875000	45
60880000	46
60885000	47
60890000	48
60895000	49
60900000	50
60905000	51
60910000	52
60915000	53
60920000	54
60925000	55
60930000	56
60935000	57
60940000	58
60945000	59
60950000	60
60955000	61
60960000	62
60965000	63
60970000	64
60975000	65
60980000	66
60985000	67
60990000	68
60995000	69
61000000	70
61005000	71
61010000	72
61015000	73
61020000	74
61025000	75
61030000	76
61035000	77
61040000	78
61045000	79
61050000	80
61055000	81
61060000	82
61065000	83
61070000	84
61075000	85
61080000	86
61085000	87
61090000	88
61095000	89
61100000	90
61105000	91
61110000	92
61115000	93
61120000	94
61125000	95
61130000	96
61135000	97
