161750000	0
161751000	1
161752000	2
161753000	3
161754000	4
161755000	5
161756000	6
161757000	7
161758000	8
161759000	9
161760000	10
161761000	11
161762000	12
161763000	13
161764000	14
161765000	15
161766000	16
161767000	17
161768000	18
161769000	19
161770000	20
161771000	21
161772000	22
161773000	23
161774000	24
161775000	25
161776000	26
161777000	27
161778000	28
161779000	29
161780000	30
161781000	31
161782000	32
161783000	33
161784000	34
161785000	35
161786000	36
161787000	37
161788000	38
161789000	39
161790000	40
161791000	41
161792000	42
161793000	43
161794000	44
161795000	45
161796000	46
161797000	47
161798000	48
161799000	49
161800000	50
161801000	51
161802000	52
161803000	53
161804000	54
161805000	55
161806000	56
161807000	57
161808000	58
161809000	59
161810000	60
161811000	61
161812000	62
161813000	63
161814000	64
161815000	65
161816000	66
161817000	67
161818000	68
161819000	69
161820000	70
161821000	71
161822000	72
161823000	73
161824000	74
161825000	75
161826000	76
161827000	77
161828000	78
161829000	79
161830000	80
161831000	81
161832000	82
161833000	83
161834000	84
161835000	85
161836000	86
161837000	87
161838000	88
161839000	89
161840000	90
161841000	91
161842000	92
161843000	93
161844000	94
161845000	95
161846000	96
161847000	97
161848000	98
161849000	99
161850000	100
161851000	101
161852000	102
161853000	103
161854000	104
161855000	105
161856000	106
161857000	107
161858000	108
161859000	109
161860000	110
161861000	111
161862000	112
161863000	113
161864000	114
161865000	115
161866000	116
161867000	117
161868000	118
161869000	119
161870000	120
161871000	121
161872000	122
161873000	123
161874000	124
161875000	125
161876000	126
161877000	127
161878000	128
161879000	129
161880000	130
161881000	131
161882000	132
161883000	133
161884000	134
161885000	135
161886000	136
161887000	137
161888000	138
161889000	139
161890000	140
161891000	141
161892000	142
161893000	143
161894000	144
161895000	145
161896000	146
161897000	147
161898000	148
161899000	149
161900000	150
161901000	151
161902000	152
161903000	153
161904000	154
161905000	155
161906000	156
161907000	157
161908000	158
161909000	159
161910000	160
161911000	161
161912000	162
161913000	163
161914000	164
161915000	165
161916000	166
161917000	167
161918000	168
161919000	169
161920000	170
161921000	171
161922000	172
161923000	173
161924000	174
161925000	175
161926000	176
161927000	177
161928000	178
161929000	179
161930000	180
161931000	181
161932000	182
161933000	183
161934000	184
161935000	185
161936000	186
161937000	187
161938000	188
161939000	189
161940000	190
161941000	191
161942000	192
161943000	193
161944000	194
161945000	195
161946000	196
161947000	197
161948000	198
161949000	199
161950000	200
161951000	201
161952000	202
161953000	203
161954000	204
161955000	205
161956000	206
161957000	207
161958000	208
161959000	209
161960000	210
161961000	211
161962000	212
161963000	213
161964000	214
161965000	215
161966000	216
161967000	217
161968000	218
161969000	219
161970000	220
161971000	221
161972000	222
161973000	223
161974000	224
161975000	225
161976000	226
161977000	227
161978000	228
161979000	229
161980000	230
161981000	231
161982000	232
161983000	233
161984000	234
161985000	235
161986000	236
161987000	237
161988000	238
161989000	239
161990000	240
161991000	241
161992000	242
161993000	243
161994000	244
161995000	245
161996000	246
161997000	247
161998000	248
161999000	249
162000000	250
162001000	251
162002000	252
162003000	253
162004000	254
162005000	255
162006000	256
162007000	257
162008000	258
162009000	259
162010000	260
162011000	261
162012000	262
162013000	263
162014000	264
162015000	265
162016000	266
162017000	267
162018000	268
162019000	269
162020000	270
162021000	271
162022000	272
162023000	273
162024000	274
162025000	275
162026000	276
162027000	277
162028000	278
162029000	279
162030000	280
162031000	281
162032000	282
162033000	283
162034000	284
162035000	285
162036000	286
162037000	287
162038000	288
162039000	289
162040000	290
162041000	291
162042000	292
162043000	293
162044000	294
162045000	295
162046000	296
162047000	297
162048000	298
162049000	299
162050000	300
162051000	301
162052000	302
162053000	303
162054000	304
162055000	305
162056000	306
162057000	307
162058000	308
162059000	309
162060000	310
162061000	311
162062000	312
162063000	313
162064000	314
162065000	315
162066000	316
162067000	317
162068000	318
162069000	319
162070000	320
162071000	321
162072000	322
162073000	323
162074000	324
162075000	325
162076000	326
162077000	327
162078000	328
162079000	329
162080000	330
162081000	331
162082000	332
162083000	333
162084000	334
162085000	335
162086000	336
162087000	337
162088000	338
162089000	339
162090000	340
162091000	341
162092000	342
162093000	343
162094000	344
162095000	345
162096000	346
162097000	347
162098000	348
162099000	349
162100000	350
162101000	351
162102000	352
162103000	353
162104000	354
162105000	355
162106000	356
162107000	357
162108000	358
162109000	359
162110000	360
162111000	361
162112000	362
162113000	363
162114000	364
162115000	365
162116000	366
162117000	367
162118000	368
162119000	369
162120000	370
162121000	371
162122000	372
162123000	373
162124000	374
162125000	375
162126000	376
162127000	377
162128000	378
162129000	379
162130000	380
162131000	381
162132000	382
162133000	383
162134000	384
162135000	385
162136000	386
162137000	387
162138000	388
162139000	389
162140000	390
162141000	391
162142000	392
162143000	393
162144000	394
162145000	395
162146000	396
162147000	397
162148000	398
162149000	399
162150000	400
162151000	401
162152000	402
162153000	403
162154000	404
162155000	405
162156000	406
162157000	407
162158000	408
162159000	409
162160000	410
162161000	411
162162000	412
162163000	413
162164000	414
162165000	415
162166000	416
162167000	417
162168000	418
162169000	419
162170000	420
162171000	421
162172000	422
162173000	423
162174000	424
162175000	425
162176000	426
162177000	427
162178000	428
162179000	429
162180000	430
162181000	431
162182000	432
162183000	433
162184000	434
162185000	435
162186000	436
162187000	437
162188000	438
162189000	439
162190000	440
162191000	441
162192000	442
162193000	443
162194000	444
162195000	445
162196000	446
162197000	447
162198000	448
162199000	449
162200000	450
162201000	451
162202000	452
162203000	453
162204000	454
162205000	455
162206000	456
162207000	457
162208000	458
162209000	459
162210000	460
162211000	461
162212000	462
162213000	463
162214000	464
162215000	465
162216000	466
162217000	467
162218000	468
162219000	469
162220000	470
162221000	471
162222000	472
162223000	473
162224000	474
162225000	475
162226000	476
162227000	477
162228000	478
162229000	479
162230000	480
162231000	481
162232000	482
162233000	483
162234000	484
162235000	485
162236000	486
162237000	487
162238000	488
162239000	489
162240000	490
162241000	491
162242000	492
162243000	493
162244000	494
162245000	495
162246000	496
162247000	497
162248000	498
162249000	499
162250000	500
162251000	501
162252000	502
162253000	503
162254000	504
162255000	505
162256000	506
162257000	507
162258000	508
162259000	509
162260000	510
162261000	511
162262000	512
162263000	513
162264000	514
162265000	515
162266000	516
162267000	517
162268000	518
162269000	519
162270000	520
162271000	521
162272000	522
162273000	523
162274000	524
162275000	525
162276000	526
162277000	527
162278000	528
162279000	529
162280000	530
162281000	531
162282000	532
162283000	533
162284000	534
162285000	535
162286000	536
162287000	537
162288000	538
162289000	539
162290000	540
162291000	541
162292000	542
162293000	543
162294000	544
162295000	545
162296000	546
162297000	547
162298000	548
162299000	549
162300000	550
162301000	551
162302000	552
162303000	553
162304000	554
162305000	555
162306000	556
162307000	557
162308000	558
162309000	559
162310000	560
162311000	561
162312000	562
162313000	563
162314000	564
162315000	565
162316000	566
162317000	567
162318000	568
162319000	569
162320000	570
162321000	571
162322000	572
162323000	573
162324000	574
162325000	575
162326000	576
162327000	577
162328000	578
162329000	579
162330000	580
162331000	581
162332000	582
162333000	583
162334000	584
162335000	585
162336000	586
162337000	587
162338000	588
162339000	589
162340000	590
162341000	591
162342000	592
162343000	593
162344000	594
162345000	595
162346000	596
162347000	597
162348000	598
162349000	599
162350000	600
162351000	601
162352000	602
162353000	603
162354000	604
162355000	605
162356000	606
162357000	607
162358000	608
162359000	609
162360000	610
162361000	611
162362000	612
162363000	613
162364000	614
162365000	615
162366000	616
162367000	617
162368000	618
162369000	619
162370000	620
162371000	621
162372000	622
162373000	623
162374000	624
162375000	625
162376000	626
162377000	627
162378000	628
162379000	629
162380000	630
162381000	631
162382000	632
162383000	633
162384000	634
162385000	635
162386000	636
162387000	637
162388000	638
162389000	639
162390000	640
