23795000	0
23800000	1
23805000	2
23810000	3
23815000	4
23820000	5
23825000	6
23830000	7
23835000	8
23840000	9
23845000	10
23850000	11
23855000	12
23860000	13
23865000	14
23870000	15
23875000	16
23880000	17
23885000	18
23890000	19
23895000	20
23900000	21
23905000	22
23910000	23
23915000	24
23920000	25
23925000	26
23930000	27
23935000	28
23940000	29
23945000	30
23950000	31
23955000	32
23960000	33
23965000	34
23970000	35
23975000	36
23980000	37
23985000	38
23990000	39
23995000	40
24000000	41
24005000	42
24010000	43
24015000	44
24020000	45
24025000	46
24030000	47
24035000	48
24040000	49
24045000	50
24050000	51
24055000	52
24060000	53
24065000	54
24070000	55
24075000	56
24080000	57
24085000	58
24090000	59
24095000	60
24100000	61
24105000	62
24110000	63
24115000	64
24120000	65
24125000	66
24130000	67
24135000	68
24140000	69
24145000	70
24150000	71
24155000	72
24160000	73
24165000	74
24170000	75
24175000	76
24180000	77
24185000	78
24190000	79
24195000	80
24200000	81
24205000	82
24210000	83
24215000	84
24220000	85
24225000	86
24230000	87
24235000	88
24240000	89
24245000	90
24250000	91
24255000	92
24260000	93
24265000	94
24270000	95
24275000	96
24280000	97
24285000	98
24290000	99
24295000	100
24300000	101
24305000	102
24310000	103
24315000	104
24320000	105
24325000	106
24330000	107
24335000	108
24340000	109
24345000	110
24350000	111
24355000	112
24360000	113
24365000	114
24370000	115
24375000	116
24380000	117
24385000	118
24390000	119
24395000	120
24400000	121
24405000	122
24410000	123
24415000	124
24420000	125
24425000	126
24430000	127
24435000	128
24440000	129
24445000	130
24450000	131
24455000	132
24460000	133
24465000	134
24470000	135
24475000	136
24480000	137
24485000	138
