25580000	0
25585000	1
25590000	2
25595000	3
25600000	4
25605000	5
25610000	6
25615000	7
25620000	8
25625000	9
25630000	10
25635000	11
25640000	12
25645000	13
25650000	14
25655000	15
25660000	16
25665000	17
25670000	18
25675000	19
25680000	20
25685000	21
25690000	22
25695000	23
25700000	24
25705000	25
25710000	26
25715000	27
25720000	28
25725000	29
25730000	30
25735000	31
25740000	32
25745000	33
25750000	34
25755000	35
25760000	36
25765000	37
25770000	38
25775000	39
25780000	40
25785000	41
25790000	42
25795000	43
25800000	44
25805000	45
25810000	46
25815000	47
25820000	48
25825000	49
25830000	50
25835000	51
25840000	52
25845000	53
25850000	54
25855000	55
25860000	56
25865000	57
25870000	58
25875000	59
25880000	60
25885000	61
25890000	62
25895000	63
25900000	64
25905000	65
25910000	66
25915000	67
25920000	68
25925000	69
25930000	70
25935000	71
25940000	72
25945000	73
25950000	74
25955000	75
25960000	76
25965000	77
25970000	78
25975000	79
25980000	80
25985000	81
25990000	82
25995000	83
26000000	84
26005000	85
26010000	86
26015000	87
26020000	88
26025000	89
26030000	90
26035000	91
26040000	92
26045000	93
26050000	94
26055000	95
26060000	96
26065000	97
26070000	98
26075000	99
26080000	100
26085000	101
26090000	102
26095000	103
26100000	104
26105000	105
26110000	106
26115000	107
26120000	108
26125000	109
26130000	110
26135000	111
26140000	112
26145000	113
26150000	114
26155000	115
26160000	116
26165000	117
26170000	118
26175000	119
26180000	120
26185000	121
26190000	122
26195000	123
