16870000	0
16875000	1
16880000	2
16885000	3
16890000	4
16895000	5
16900000	6
16905000	7
16910000	8
16915000	9
16920000	10
16925000	11
16930000	12
16935000	13
16940000	14
16945000	15
16950000	16
16955000	17
16960000	18
16965000	19
16970000	20
16975000	21
16980000	22
16985000	23
16990000	24
16995000	25
17000000	26
17005000	27
17010000	28
17015000	29
17020000	30
17025000	31
17030000	32
17035000	33
17040000	34
17045000	35
17050000	36
17055000	37
17060000	38
17065000	39
17070000	40
17075000	41
17080000	42
17085000	43
17090000	44
17095000	45
17100000	46
17105000	47
17110000	48
17115000	49
17120000	50
17125000	51
17130000	52
17135000	53
17140000	54
17145000	55
17150000	56
17155000	57
17160000	58
17165000	59
17170000	60
17175000	61
17180000	62
17185000	63
17190000	64
17195000	65
17200000	66
17205000	67
17210000	68
17215000	69
17220000	70
17225000	71
17230000	72
17235000	73
17240000	74
17245000	75
17250000	76
17255000	77
17260000	78
17265000	79
17270000	80
17275000	81
17280000	82
17285000	83
17290000	84
17295000	85
17300000	86
17305000	87
17310000	88
17315000	89
17320000	90
17325000	91
17330000	92
17335000	93
17340000	94
17345000	95
17350000	96
17355000	97
17360000	98
17365000	99
17370000	100
17375000	101
17380000	102
17385000	103
17390000	104
17395000	105
17400000	106
17405000	107
17410000	108
17415000	109
17420000	110
17425000	111
17430000	112
17435000	113
17440000	114
17445000	115
17450000	116
17455000	117
17460000	118
17465000	119
