94480000	0
94481000	1
94482000	2
94483000	3
94484000	4
94485000	5
94486000	6
94487000	7
94488000	8
94489000	9
94490000	10
94491000	11
94492000	12
94493000	13
94494000	14
94495000	15
94496000	16
94497000	17
94498000	18
94499000	19
94500000	20
94501000	21
94502000	22
94503000	23
94504000	24
94505000	25
94506000	26
94507000	27
94508000	28
94509000	29
94510000	30
94511000	31
94512000	32
94513000	33
94514000	34
94515000	35
94516000	36
94517000	37
94518000	38
94519000	39
94520000	40
94521000	41
94522000	42
94523000	43
94524000	44
94525000	45
94526000	46
94527000	47
94528000	48
94529000	49
94530000	50
94531000	51
94532000	52
94533000	53
94534000	54
94535000	55
94536000	56
94537000	57
94538000	58
94539000	59
94540000	60
94541000	61
94542000	62
94543000	63
94544000	64
94545000	65
94546000	66
94547000	67
94548000	68
94549000	69
94550000	70
94551000	71
94552000	72
94553000	73
94554000	74
94555000	75
94556000	76
94557000	77
94558000	78
94559000	79
94560000	80
94561000	81
94562000	82
94563000	83
94564000	84
94565000	85
94566000	86
94567000	87
94568000	88
94569000	89
94570000	90
94571000	91
94572000	92
94573000	93
94574000	94
94575000	95
94576000	96
94577000	97
94578000	98
94579000	99
94580000	100
94581000	101
94582000	102
94583000	103
94584000	104
94585000	105
94586000	106
94587000	107
94588000	108
94589000	109
94590000	110
94591000	111
94592000	112
94593000	113
94594000	114
94595000	115
94596000	116
94597000	117
94598000	118
94599000	119
94600000	120
94601000	121
94602000	122
94603000	123
94604000	124
94605000	125
94606000	126
94607000	127
94608000	128
94609000	129
94610000	130
94611000	131
94612000	132
94613000	133
94614000	134
94615000	135
94616000	136
94617000	137
94618000	138
94619000	139
94620000	140
94621000	141
94622000	142
94623000	143
94624000	144
94625000	145
94626000	146
94627000	147
94628000	148
94629000	149
94630000	150
94631000	151
94632000	152
94633000	153
94634000	154
94635000	155
94636000	156
94637000	157
94638000	158
94639000	159
94640000	160
94641000	161
94642000	162
94643000	163
94644000	164
94645000	165
94646000	166
94647000	167
94648000	168
94649000	169
94650000	170
94651000	171
94652000	172
94653000	173
94654000	174
94655000	175
94656000	176
94657000	177
94658000	178
94659000	179
94660000	180
94661000	181
94662000	182
94663000	183
94664000	184
94665000	185
94666000	186
94667000	187
94668000	188
94669000	189
94670000	190
94671000	191
94672000	192
94673000	193
94674000	194
94675000	195
94676000	196
94677000	197
94678000	198
94679000	199
94680000	200
94681000	201
94682000	202
94683000	203
94684000	204
94685000	205
94686000	206
94687000	207
94688000	208
94689000	209
94690000	210
94691000	211
94692000	212
94694000	213
94695000	214
94696000	215
94697000	216
94698000	217
94699000	218
94700000	219
94701000	220
94702000	221
94703000	222
94704000	223
94705000	224
94706000	225
94707000	226
94708000	227
94709000	228
94710000	229
94711000	230
94712000	231
94713000	232
94714000	233
94715000	234
94716000	235
94717000	236
94718000	237
94719000	238
94720000	239
94721000	240
94722000	241
94723000	242
94724000	243
94725000	244
94726000	245
94727000	246
94728000	247
94729000	248
94730000	249
94731000	250
94732000	251
94733000	252
94734000	253
94735000	254
94736000	255
94737000	256
94738000	257
94739000	258
94740000	259
94741000	260
94742000	261
94743000	262
94744000	263
94745000	264
94746000	265
94747000	266
94748000	267
94749000	268
94750000	269
94751000	270
94752000	271
94753000	272
94754000	273
94755000	274
94756000	275
94757000	276
94758000	277
94759000	278
94760000	279
94761000	280
94762000	281
94763000	282
94764000	283
94765000	284
94766000	285
94767000	286
94768000	287
94769000	288
94770000	289
94771000	290
94772000	291
94773000	292
94774000	293
94775000	294
94776000	295
94777000	296
94778000	297
94779000	298
94780000	299
94781000	300
94782000	301
94783000	302
94784000	303
94785000	304
94786000	305
94787000	306
94788000	307
94789000	308
94790000	309
94791000	310
94792000	311
94793000	312
94794000	313
94795000	314
94796000	315
94797000	316
94798000	317
94799000	318
94800000	319
94801000	320
94802000	321
94803000	322
94804000	323
94805000	324
94806000	325
94807000	326
94808000	327
94809000	328
94810000	329
94811000	330
94812000	331
94813000	332
94814000	333
94815000	334
94816000	335
94817000	336
94818000	337
94819000	338
94820000	339
94821000	340
94822000	341
94823000	342
94824000	343
94825000	344
