73105000	0
73110000	1
73115000	2
73120000	3
73125000	4
73130000	5
73135000	6
73140000	7
73145000	8
73150000	9
73155000	10
73160000	11
73165000	12
73170000	13
73175000	14
73180000	15
73185000	16
73190000	17
73195000	18
73200000	19
73205000	20
73210000	21
73215000	22
73220000	23
73225000	24
73230000	25
73235000	26
73240000	27
73245000	28
73250000	29
73255000	30
73260000	31
73265000	32
73270000	33
73275000	34
73280000	35
73285000	36
73290000	37
73295000	38
73300000	39
73305000	40
73310000	41
73315000	42
73320000	43
73325000	44
73330000	45
73335000	46
73340000	47
73345000	48
73350000	49
73355000	50
73360000	51
73365000	52
73370000	53
73375000	54
73380000	55
73385000	56
73390000	57
73395000	58
73400000	59
73405000	60
73410000	61
73415000	62
73420000	63
73425000	64
73430000	65
73435000	66
73440000	67
73445000	68
73450000	69
73455000	70
73460000	71
73465000	72
73470000	73
73475000	74
73480000	75
73485000	76
73490000	77
73495000	78
73500000	79
73505000	80
73510000	81
73515000	82
73520000	83
73525000	84
73530000	85
73535000	86
73540000	87
73545000	88
73550000	89
73555000	90
73560000	91
73565000	92
73570000	93
73575000	94
73580000	95
73585000	96
73590000	97
73595000	98
73600000	99
73605000	100
73610000	101
73615000	102
73620000	103
73625000	104
73630000	105
73635000	106
73640000	107
73645000	108
73650000	109
73655000	110
73660000	111
73665000	112
73670000	113
73675000	114
73680000	115
73685000	116
73690000	117
73695000	118
73700000	119
73705000	120
73710000	121
73715000	122
73720000	123
73725000	124
73730000	125
73735000	126
73740000	127
73745000	128
73750000	129
73755000	130
73760000	131
73765000	132
73770000	133
73775000	134
73780000	135
73785000	136
73790000	137
73795000	138
73800000	139
73805000	140
73810000	141
73815000	142
73820000	143
73825000	144
73830000	145
73835000	146
73840000	147
73845000	148
73850000	149
73855000	150
73860000	151
73865000	152
73870000	153
73875000	154
73880000	155
73885000	156
73890000	157
73895000	158
73900000	159
73905000	160
73910000	161
73915000	162
73920000	163
73925000	164
73930000	165
73935000	166
73940000	167
73945000	168
73950000	169
73955000	170
73960000	171
73965000	172
73970000	173
73975000	174
73980000	175
73985000	176
73990000	177
73995000	178
74000000	179
74005000	180
74010000	181
74015000	182
74020000	183
74025000	184
74030000	185
74035000	186
74040000	187
74045000	188
74050000	189
74055000	190
74060000	191
74065000	192
74070000	193
74075000	194
74080000	195
74085000	196
74090000	197
74095000	198
74100000	199
74105000	200
74110000	201
74115000	202
74120000	203
74125000	204
74130000	205
74135000	206
74140000	207
74145000	208
74150000	209
74155000	210
74160000	211
74165000	212
74170000	213
74175000	214
74180000	215
74185000	216
74190000	217
74195000	218
74200000	219
74205000	220
74210000	221
74215000	222
74220000	223
74225000	224
74230000	225
74235000	226
74240000	227
74245000	228
74250000	229
74255000	230
74260000	231
74265000	232
74270000	233
74275000	234
74280000	235
74285000	236
74290000	237
74295000	238
74300000	239
74305000	240
74310000	241
74315000	242
74320000	243
74325000	244
74330000	245
74335000	246
74340000	247
74345000	248
74350000	249
74355000	250
74360000	251
74365000	252
74370000	253
74375000	254
74380000	255
74385000	256
74390000	257
74395000	258
74400000	259
74405000	260
74425000	261
74430000	262
74435000	263
74440000	264
74445000	265
74455000	266
74460000	267
74465000	268
74470000	269
74475000	270
74480000	271
74485000	272
