124340000	0
124345000	1
124350000	2
124355000	3
124375000	4
124380000	5
124385000	6
124390000	7
124395000	8
124400000	9
124405000	10
124410000	11
124415000	12
124420000	13
124425000	14
124430000	15
124435000	16
124440000	17
124445000	18
124450000	19
124455000	20
124460000	21
124465000	22
124470000	23
124475000	24
124480000	25
124485000	26
124490000	27
124495000	28
124500000	29
124505000	30
124510000	31
124515000	32
124520000	33
124525000	34
124530000	35
124535000	36
124540000	37
124545000	38
124550000	39
124555000	40
124560000	41
124565000	42
124570000	43
124575000	44
124580000	45
124585000	46
124590000	47
124595000	48
124600000	49
124605000	50
124610000	51
124615000	52
124620000	53
124625000	54
124630000	55
124635000	56
124640000	57
124645000	58
124650000	59
124655000	60
124660000	61
124665000	62
124670000	63
124675000	64
124680000	65
124685000	66
124690000	67
124695000	68
124700000	69
124705000	70
124710000	71
124715000	72
124720000	73
124725000	74
124730000	75
124735000	76
124740000	77
124745000	78
124750000	79
124755000	80
124760000	81
124765000	82
124770000	83
124775000	84
124780000	85
124785000	86
124790000	87
124795000	88
124800000	89
