77380000	0
77385000	1
77390000	2
77395000	3
77400000	4
77405000	5
77410000	6
77415000	7
77420000	8
77425000	9
77430000	10
77435000	11
77440000	12
77445000	13
77450000	14
77455000	15
77460000	16
77465000	17
77470000	18
77475000	19
77480000	20
77485000	21
77490000	22
77495000	23
77500000	24
77505000	25
77510000	26
77515000	27
77520000	28
77525000	29
77530000	30
77535000	31
77540000	32
77545000	33
77550000	34
77555000	35
77560000	36
77565000	37
77570000	38
77575000	39
77580000	40
77585000	41
77590000	42
77595000	43
77600000	44
77605000	45
77610000	46
77615000	47
77620000	48
77625000	49
77630000	50
77635000	51
77640000	52
77645000	53
77650000	54
77655000	55
77660000	56
77665000	57
77670000	58
77675000	59
77680000	60
77685000	61
77690000	62
77695000	63
77700000	64
77705000	65
77710000	66
77715000	67
77720000	68
77725000	69
77730000	70
77735000	71
77740000	72
77745000	73
77750000	74
77755000	75
77760000	76
77765000	77
77770000	78
77775000	79
77780000	80
77785000	81
77790000	82
77795000	83
77800000	84
77805000	85
77810000	86
77815000	87
77820000	88
77825000	89
77830000	90
77835000	91
77840000	92
77845000	93
