47480000	0
47485000	1
47490000	2
47495000	3
47500000	4
47505000	5
47510000	6
47515000	7
47520000	8
47525000	9
47530000	10
47535000	11
47540000	12
47545000	13
47550000	14
47555000	15
47560000	16
47565000	17
47570000	18
47575000	19
47580000	20
47585000	21
47590000	22
47595000	23
47600000	24
47605000	25
47610000	26
47615000	27
47620000	28
47625000	29
47630000	30
47635000	31
47640000	32
47645000	33
47650000	34
47655000	35
47660000	36
47665000	37
47670000	38
47675000	39
47680000	40
47685000	41
47690000	42
47695000	43
47700000	44
47705000	45
47710000	46
47715000	47
47720000	48
47725000	49
47730000	50
47735000	51
47740000	52
47745000	53
47750000	54
47755000	55
47760000	56
47765000	57
47770000	58
47775000	59
47780000	60
47785000	61
47790000	62
47795000	63
47800000	64
47805000	65
47810000	66
47815000	67
47820000	68
47825000	69
47830000	70
47835000	71
47840000	72
47845000	73
47850000	74
47855000	75
47860000	76
47865000	77
47870000	78
47875000	79
47880000	80
47885000	81
47890000	82
47895000	83
47900000	84
47905000	85
47910000	86
47915000	87
47920000	88
47925000	89
47930000	90
47935000	91
47940000	92
47945000	93
47950000	94
47955000	95
47960000	96
47965000	97
47970000	98
47975000	99
47980000	100
47985000	101
47990000	102
47995000	103
48000000	104
48005000	105
48010000	106
48015000	107
48020000	108
48025000	109
48030000	110
48035000	111
48040000	112
48045000	113
48050000	114
48055000	115
48060000	116
48065000	117
48070000	118
48075000	119
48080000	120
48085000	121
48090000	122
48095000	123
48100000	124
48105000	125
48110000	126
48115000	127
48120000	128
48125000	129
48130000	130
48135000	131
48140000	132
48145000	133
48150000	134
48155000	135
48160000	136
48165000	137
48170000	138
48175000	139
48180000	140
48185000	141
48190000	142
48195000	143
48200000	144
48205000	145
48210000	146
48215000	147
48220000	148
48225000	149
48230000	150
48235000	151
48240000	152
48245000	153
48250000	154
48255000	155
48260000	156
48265000	157
48270000	158
48275000	159
48280000	160
48285000	161
48290000	162
48295000	163
48300000	164
48305000	165
48310000	166
48315000	167
48320000	168
48325000	169
48330000	170
