10530000	0
10535000	1
10540000	2
10545000	3
10550000	4
10555000	5
10560000	6
10565000	7
10570000	8
10575000	9
10580000	10
10585000	11
10590000	12
10595000	13
10600000	14
10605000	15
10610000	16
10615000	17
10620000	18
10625000	19
10630000	20
10635000	21
10640000	22
10645000	23
10650000	24
10655000	25
10660000	26
10665000	27
10670000	28
10675000	29
10680000	30
10685000	31
10690000	32
10695000	33
10700000	34
10705000	35
10710000	36
10715000	37
10720000	38
10725000	39
10730000	40
10735000	41
10740000	42
10745000	43
10750000	44
10755000	45
10760000	46
10765000	47
10770000	48
10775000	49
10780000	50
10785000	51
10790000	52
10795000	53
10800000	54
10805000	55
10810000	56
10815000	57
10820000	58
10825000	59
10830000	60
10835000	61
10840000	62
10845000	63
10850000	64
10855000	65
10860000	66
10865000	67
10870000	68
10875000	69
10880000	70
10885000	71
10890000	72
10895000	73
10900000	74
10905000	75
10910000	76
10915000	77
10920000	78
10925000	79
10930000	80
10935000	81
10940000	82
10945000	83
10950000	84
10955000	85
10960000	86
10965000	87
10970000	88
10975000	89
10980000	90
10985000	91
10990000	92
10995000	93
11000000	94
11005000	95
11010000	96
11015000	97
11020000	98
11025000	99
11030000	100
11035000	101
11040000	102
11045000	103
11050000	104
11055000	105
11060000	106
11065000	107
11070000	108
11075000	109
11080000	110
11085000	111
11090000	112
11095000	113
11100000	114
11105000	115
11110000	116
11115000	117
11120000	118
11125000	119
11130000	120
11135000	121
11140000	122
11145000	123
11150000	124
11155000	125
11160000	126
11165000	127
11170000	128
11175000	129
11180000	130
11185000	131
