29710000	0
29715000	1
29720000	2
29725000	3
29730000	4
29735000	5
29740000	6
29745000	7
29750000	8
29755000	9
29760000	10
29765000	11
29770000	12
29775000	13
29780000	14
29785000	15
29790000	16
29795000	17
29800000	18
29805000	19
29810000	20
29815000	21
29820000	22
29825000	23
29830000	24
29835000	25
29840000	26
29845000	27
29850000	28
29855000	29
29860000	30
29865000	31
29870000	32
29875000	33
29880000	34
29885000	35
29890000	36
29895000	37
29900000	38
29905000	39
29910000	40
29915000	41
29920000	42
29925000	43
29930000	44
29935000	45
29940000	46
29945000	47
29950000	48
29955000	49
29960000	50
29965000	51
29970000	52
29975000	53
29980000	54
29985000	55
29990000	56
29995000	57
30000000	58
30005000	59
30010000	60
30015000	61
30020000	62
30025000	63
30030000	64
30035000	65
30040000	66
30045000	67
30050000	68
30055000	69
30060000	70
30065000	71
30070000	72
30075000	73
30080000	74
30085000	75
30090000	76
30095000	77
30100000	78
30105000	79
30110000	80
30115000	81
30120000	82
30125000	83
30130000	84
30135000	85
30140000	86
30145000	87
30150000	88
30155000	89
30160000	90
30165000	91
30170000	92
30175000	93
30180000	94
30185000	95
30190000	96
30195000	97
30200000	98
30205000	99
30210000	100
30215000	101
30220000	102
30225000	103
30230000	104
30235000	105
30240000	106
30245000	107
30250000	108
30255000	109
30260000	110
30265000	111
30270000	112
