43200000	0
43205000	1
43210000	2
43215000	3
43220000	4
43225000	5
43230000	6
43235000	7
43240000	8
43245000	9
43250000	10
43255000	11
43260000	12
43265000	13
43270000	14
43275000	15
43280000	16
43285000	17
43290000	18
43295000	19
43300000	20
43305000	21
43310000	22
43315000	23
43320000	24
43325000	25
43330000	26
43335000	27
43340000	28
43345000	29
43350000	30
43355000	31
43360000	32
43365000	33
43370000	34
43375000	35
43380000	36
43385000	37
43390000	38
43395000	39
43400000	40
43405000	41
43410000	42
43415000	43
43420000	44
43425000	45
43430000	46
43435000	47
43440000	48
43445000	49
43450000	50
43455000	51
43460000	52
43465000	53
43470000	54
43475000	55
43480000	56
43485000	57
43490000	58
43495000	59
43500000	60
43505000	61
43510000	62
43515000	63
43520000	64
43525000	65
43530000	66
43535000	67
43540000	68
43545000	69
43550000	70
43555000	71
43560000	72
43565000	73
43570000	74
43575000	75
43580000	76
43585000	77
43590000	78
43595000	79
43600000	80
43605000	81
43610000	82
43615000	83
43620000	84
43625000	85
43630000	86
43635000	87
43640000	88
43645000	89
43650000	90
43655000	91
43660000	92
43665000	93
43670000	94
43675000	95
43680000	96
43685000	97
43690000	98
43695000	99
43700000	100
43705000	101
43710000	102
43715000	103
43720000	104
43725000	105
43730000	106
43735000	107
43740000	108
43745000	109
43750000	110
43755000	111
43760000	112
43765000	113
43770000	114
43775000	115
43780000	116
43785000	117
43790000	118
43795000	119
43800000	120
43805000	121
43810000	122
43815000	123
43820000	124
43825000	125
43830000	126
43835000	127
43840000	128
43845000	129
43850000	130
43855000	131
43860000	132
43865000	133
43870000	134
43875000	135
43880000	136
43885000	137
43890000	138
43895000	139
43900000	140
43905000	141
43910000	142
43915000	143
43920000	144
43925000	145
43930000	146
43935000	147
43940000	148
43945000	149
43950000	150
43955000	151
43960000	152
43965000	153
43970000	154
43975000	155
43980000	156
43985000	157
43990000	158
43995000	159
44000000	160
44005000	161
44010000	162
44015000	163
44020000	164
44025000	165
44030000	166
44035000	167
44040000	168
44045000	169
44050000	170
44055000	171
44060000	172
44065000	173
44070000	174
44075000	175
44080000	176
44085000	177
44090000	178
44095000	179
44100000	180
44105000	181
44110000	182
44115000	183
44120000	184
44125000	185
44130000	186
44135000	187
44140000	188
44145000	189
44150000	190
44155000	191
44160000	192
44165000	193
44170000	194
44175000	195
44180000	196
44185000	197
44190000	198
44195000	199
44200000	200
44205000	201
44210000	202
44215000	203
44220000	204
44225000	205
44230000	206
44235000	207
44240000	208
44245000	209
