55855000	0
55860000	1
55865000	2
55870000	3
55875000	4
55880000	5
55885000	6
55890000	7
55895000	8
55900000	9
55905000	10
55910000	11
55915000	12
55920000	13
55925000	14
55930000	15
55935000	16
55940000	17
55945000	18
55950000	19
55955000	20
55960000	21
55965000	22
55970000	23
55975000	24
55980000	25
55985000	26
55990000	27
55995000	28
56000000	29
56005000	30
56010000	31
56015000	32
56020000	33
56025000	34
56030000	35
56035000	36
56040000	37
56045000	38
56050000	39
56055000	40
56060000	41
56065000	42
56070000	43
56075000	44
56080000	45
56085000	46
56090000	47
56095000	48
56100000	49
56105000	50
56110000	51
56115000	52
56120000	53
56125000	54
56130000	55
56135000	56
56140000	57
56145000	58
56150000	59
56155000	60
56160000	61
56165000	62
56170000	63
56175000	64
56180000	65
