280000	0
285000	1
290000	2
295000	3
300000	4
305000	5
310000	6
315000	7
320000	8
325000	9
330000	10
335000	11
340000	12
345000	13
350000	14
355000	15
360000	16
365000	17
370000	18
375000	19
380000	20
385000	21
390000	22
395000	23
400000	24
405000	25
410000	26
415000	27
420000	28
425000	29
430000	30
435000	31
440000	32
445000	33
450000	34
455000	35
460000	36
465000	37
470000	38
475000	39
480000	40
485000	41
490000	42
495000	43
500000	44
505000	45
510000	46
515000	47
520000	48
525000	49
530000	50
535000	51
540000	52
545000	53
550000	54
555000	55
560000	56
565000	57
570000	58
575000	59
580000	60
585000	61
590000	62
595000	63
600000	64
605000	65
610000	66
615000	67
620000	68
625000	69
630000	70
635000	71
640000	72
645000	73
650000	74
655000	75
660000	76
665000	77
670000	78
675000	79
680000	80
685000	81
690000	82
695000	83
700000	84
705000	85
710000	86
715000	87
720000	88
725000	89
730000	90
735000	91
740000	92
745000	93
750000	94
755000	95
760000	96
765000	97
770000	98
775000	99
780000	100
785000	101
790000	102
795000	103
800000	104
805000	105
810000	106
815000	107
820000	108
825000	109
830000	110
835000	111
840000	112
845000	113
