84830000	0
84835000	1
84840000	2
84845000	3
84850000	4
84855000	5
84860000	6
84865000	7
84870000	8
84875000	9
84880000	10
84885000	11
84890000	12
84895000	13
84900000	14
84905000	15
84910000	16
84915000	17
84920000	18
84925000	19
84930000	20
84935000	21
84940000	22
84945000	23
84950000	24
84955000	25
84960000	26
84965000	27
84970000	28
84975000	29
84980000	30
84985000	31
84990000	32
84995000	33
85000000	34
85005000	35
85010000	36
85015000	37
85020000	38
85025000	39
85030000	40
85035000	41
85040000	42
85045000	43
85050000	44
85055000	45
85060000	46
85065000	47
85070000	48
85075000	49
85080000	50
85085000	51
85090000	52
85095000	53
85100000	54
85105000	55
85110000	56
85115000	57
85120000	58
85125000	59
85130000	60
