46975000	0
46980000	1
46985000	2
46990000	3
46995000	4
47000000	5
47005000	6
47010000	7
47015000	8
47020000	9
47025000	10
47030000	11
47035000	12
47040000	13
47045000	14
47050000	15
47055000	16
47060000	17
47065000	18
47070000	19
47075000	20
47080000	21
47085000	22
47090000	23
47095000	24
47100000	25
47105000	26
47110000	27
47115000	28
47120000	29
47125000	30
47130000	31
47135000	32
47140000	33
47145000	34
47150000	35
47155000	36
47160000	37
47165000	38
47170000	39
47175000	40
47180000	41
47185000	42
47190000	43
47195000	44
47200000	45
47205000	46
47210000	47
47215000	48
47220000	49
