86270000	0
86275000	1
86280000	2
86285000	3
86290000	4
86295000	5
86300000	6
86305000	7
86310000	8
86315000	9
86320000	10
86325000	11
86330000	12
86335000	13
86340000	14
86345000	15
86350000	16
86355000	17
86360000	18
86365000	19
86370000	20
86375000	21
86380000	22
86385000	23
86390000	24
86395000	25
86400000	26
86405000	27
86410000	28
86415000	29
86420000	30
86425000	31
86430000	32
86435000	33
86440000	34
86445000	35
86450000	36
86455000	37
86460000	38
86465000	39
86470000	40
86475000	41
86480000	42
86485000	43
86490000	44
86495000	45
86500000	46
86505000	47
86510000	48
86515000	49
86520000	50
86525000	51
86530000	52
86535000	53
86540000	54
86545000	55
86550000	56
86555000	57
86560000	58
86565000	59
86570000	60
86575000	61
86580000	62
86585000	63
86590000	64
86595000	65
86600000	66
86605000	67
86610000	68
86615000	69
86620000	70
86625000	71
86630000	72
86635000	73
86640000	74
86645000	75
86650000	76
86655000	77
86660000	78
86665000	79
86670000	80
86675000	81
86680000	82
86685000	83
86690000	84
86695000	85
86700000	86
86705000	87
86710000	88
86715000	89
86720000	90
