56175000	0
56180000	1
56185000	2
56190000	3
56195000	4
56200000	5
56205000	6
56210000	7
56215000	8
56220000	9
56225000	10
56230000	11
56235000	12
56240000	13
56245000	14
56250000	15
56255000	16
56260000	17
56265000	18
56270000	19
56275000	20
56280000	21
56285000	22
56290000	23
56295000	24
56300000	25
56305000	26
56310000	27
56315000	28
56320000	29
56325000	30
56330000	31
56335000	32
56340000	33
56345000	34
56350000	35
56355000	36
56360000	37
56365000	38
56370000	39
56375000	40
56380000	41
56385000	42
56390000	43
56395000	44
56400000	45
56405000	46
56410000	47
56415000	48
56420000	49
56425000	50
56430000	51
56435000	52
56440000	53
56445000	54
56450000	55
56455000	56
56460000	57
56465000	58
56470000	59
56475000	60
56480000	61
56485000	62
56490000	63
56495000	64
56500000	65
56505000	66
56510000	67
56515000	68
56520000	69
56525000	70
56530000	71
56535000	72
56540000	73
56545000	74
56550000	75
56555000	76
56560000	77
56565000	78
56570000	79
56575000	80
56580000	81
56585000	82
56590000	83
56595000	84
56600000	85
56605000	86
56610000	87
56615000	88
56620000	89
56625000	90
56630000	91
56635000	92
56640000	93
56645000	94
56650000	95
56655000	96
56660000	97
56665000	98
56670000	99
56675000	100
56680000	101
56685000	102
56690000	103
56695000	104
56700000	105
56705000	106
56710000	107
56715000	108
56720000	109
56725000	110
56730000	111
56735000	112
56740000	113
56745000	114
56750000	115
56755000	116
56760000	117
56765000	118
56770000	119
