25175000	0
25180000	1
25185000	2
25190000	3
25195000	4
25200000	5
25205000	6
25210000	7
25215000	8
25220000	9
25225000	10
25230000	11
25235000	12
25240000	13
25245000	14
25250000	15
25255000	16
25260000	17
25265000	18
25270000	19
25275000	20
25280000	21
25285000	22
25290000	23
25295000	24
25300000	25
25305000	26
25310000	27
25315000	28
25320000	29
25325000	30
25330000	31
25335000	32
25340000	33
25345000	34
25350000	35
25355000	36
25360000	37
25365000	38
25370000	39
25375000	40
25380000	41
25385000	42
25390000	43
25395000	44
25400000	45
25405000	46
25410000	47
25415000	48
25420000	49
25425000	50
25430000	51
25435000	52
25440000	53
25445000	54
25450000	55
25455000	56
25460000	57
25465000	58
25470000	59
25475000	60
25480000	61
25485000	62
25490000	63
25495000	64
25500000	65
25505000	66
25510000	67
25515000	68
25520000	69
25525000	70
25530000	71
25535000	72
25540000	73
25545000	74
25550000	75
25555000	76
25560000	77
25565000	78
25570000	79
25575000	80
25580000	81
25585000	82
25590000	83
25595000	84
25600000	85
25605000	86
25610000	87
25615000	88
25620000	89
25625000	90
