143005000	0
143010000	1
143015000	2
143020000	3
143025000	4
143030000	5
143035000	6
143040000	7
143045000	8
143050000	9
143055000	10
143060000	11
143065000	12
143070000	13
143075000	14
143080000	15
143085000	16
143090000	17
143095000	18
143100000	19
143105000	20
143110000	21
143115000	22
143120000	23
143125000	24
143130000	25
143135000	26
143140000	27
143145000	28
143150000	29
143155000	30
143160000	31
143165000	32
143170000	33
143175000	34
143180000	35
143185000	36
143190000	37
143195000	38
143200000	39
143205000	40
143210000	41
143215000	42
143220000	43
143225000	44
143230000	45
143235000	46
143240000	47
143245000	48
143250000	49
143255000	50
143260000	51
143265000	52
143270000	53
143275000	54
143280000	55
143285000	56
143290000	57
143295000	58
143300000	59
143305000	60
143310000	61
143315000	62
143320000	63
143325000	64
143330000	65
143335000	66
143340000	67
143345000	68
143350000	69
143355000	70
143360000	71
143365000	72
143370000	73
143375000	74
143380000	75
143385000	76
