169865000	0
169870000	1
169875000	2
169880000	3
169885000	4
169890000	5
169895000	6
169900000	7
169905000	8
169910000	9
169915000	10
169920000	11
169925000	12
169930000	13
169935000	14
169940000	15
169945000	16
169950000	17
169955000	18
169960000	19
169965000	20
169970000	21
169975000	22
169980000	23
169985000	24
169990000	25
169995000	26
170000000	27
170005000	28
170010000	29
170015000	30
170020000	31
170025000	32
170030000	33
170035000	34
170040000	35
170045000	36
170050000	37
170055000	38
170060000	39
170065000	40
170070000	41
170075000	42
170080000	43
170085000	44
170090000	45
170095000	46
170100000	47
170105000	48
170110000	49
170115000	50
170120000	51
170125000	52
170130000	53
170135000	54
170140000	55
170145000	56
170150000	57
170155000	58
170160000	59
170165000	60
170170000	61
170175000	62
170180000	63
170185000	64
170190000	65
170195000	66
170200000	67
170205000	68
170210000	69
170215000	70
170220000	71
170225000	72
170230000	73
170235000	74
170240000	75
170245000	76
170250000	77
170255000	78
170260000	79
170265000	80
170270000	81
170275000	82
170280000	83
170285000	84
170290000	85
170295000	86
170300000	87
170305000	88
170310000	89
170315000	90
170320000	91
170325000	92
170330000	93
170335000	94
170340000	95
170345000	96
170350000	97
170355000	98
170360000	99
170365000	100
170370000	101
170375000	102
170380000	103
170385000	104
170390000	105
170395000	106
170400000	107
170405000	108
170410000	109
170415000	110
170420000	111
170425000	112
170430000	113
170435000	114
170440000	115
170445000	116
170450000	117
170455000	118
170460000	119
170465000	120
170470000	121
170475000	122
170480000	123
170485000	124
170490000	125
170495000	126
170500000	127
