127550000	0
127555000	1
127560000	2
127565000	3
127570000	4
127575000	5
127580000	6
127585000	7
127590000	8
127595000	9
127600000	10
127605000	11
127610000	12
127615000	13
127620000	14
127625000	15
127630000	16
127635000	17
127640000	18
127645000	19
127650000	20
127655000	21
127660000	22
127665000	23
127670000	24
127675000	25
127680000	26
127685000	27
127690000	28
127695000	29
127700000	30
127705000	31
127710000	32
127715000	33
127720000	34
127725000	35
127730000	36
127735000	37
127740000	38
127745000	39
127750000	40
127755000	41
127760000	42
127765000	43
127770000	44
127775000	45
127780000	46
127785000	47
127790000	48
127795000	49
127800000	50
127805000	51
127810000	52
127815000	53
127820000	54
127825000	55
127830000	56
127835000	57
127840000	58
