226815000	0
226820000	1
226825000	2
226830000	3
226835000	4
226840000	5
226845000	6
226850000	7
226855000	8
226860000	9
226865000	10
226870000	11
226875000	12
226880000	13
226885000	14
226890000	15
226895000	16
226900000	17
226905000	18
226910000	19
226915000	20
226920000	21
226925000	22
226930000	23
226935000	24
226940000	25
226945000	26
226950000	27
226955000	28
226960000	29
226965000	30
226970000	31
226975000	32
226980000	33
226985000	34
226990000	35
226995000	36
227000000	37
227005000	38
227010000	39
227015000	40
227020000	41
227025000	42
