52285000	0
52290000	1
52295000	2
52300000	3
52305000	4
52310000	5
52315000	6
52320000	7
52325000	8
52330000	9
52335000	10
52340000	11
52345000	12
52350000	13
52355000	14
52360000	15
52365000	16
52370000	17
52375000	18
52380000	19
52385000	20
52390000	21
52395000	22
52400000	23
52405000	24
52410000	25
52415000	26
52420000	27
52425000	28
52430000	29
52435000	30
52440000	31
52445000	32
52450000	33
52455000	34
52460000	35
52470000	36
52475000	37
52480000	38
52485000	39
52490000	40
52495000	41
52500000	42
52505000	43
52515000	44
52520000	45
52525000	46
52530000	47
52535000	48
52540000	49
52545000	50
52550000	51
52555000	52
52560000	53
52565000	54
52570000	55
52575000	56
52580000	57
52585000	58
52590000	59
52595000	60
52600000	61
52605000	62
52610000	63
52615000	64
52620000	65
52625000	66
52630000	67
52635000	68
52640000	69
52645000	70
52650000	71
52655000	72
52660000	73
52665000	74
52670000	75
52675000	76
52680000	77
52685000	78
52690000	79
52695000	80
52700000	81
52705000	82
52710000	83
52715000	84
52720000	85
52725000	86
52730000	87
52735000	88
52740000	89
52745000	90
52750000	91
52755000	92
52760000	93
52765000	94
52770000	95
52775000	96
52780000	97
52785000	98
52790000	99
52795000	100
52800000	101
52805000	102
52810000	103
52815000	104
52820000	105
52825000	106
52830000	107
52835000	108
52840000	109
52845000	110
52850000	111
52855000	112
52860000	113
52865000	114
52870000	115
52875000	116
52880000	117
52885000	118
52890000	119
52895000	120
52900000	121
52905000	122
52910000	123
52915000	124
52920000	125
52925000	126
52930000	127
52935000	128
52940000	129
52945000	130
52950000	131
52955000	132
52960000	133
52965000	134
52970000	135
52975000	136
52980000	137
52985000	138
52990000	139
52995000	140
53000000	141
53005000	142
53010000	143
53015000	144
53020000	145
53025000	146
53030000	147
53035000	148
53040000	149
53045000	150
53050000	151
53055000	152
53060000	153
53065000	154
53070000	155
53075000	156
53080000	157
53085000	158
53090000	159
53095000	160
53100000	161
53105000	162
53110000	163
53115000	164
53120000	165
53125000	166
53130000	167
53135000	168
53140000	169
53145000	170
53150000	171
53155000	172
53160000	173
53165000	174
53170000	175
53175000	176
53180000	177
53185000	178
53190000	179
53195000	180
53200000	181
53205000	182
53210000	183
53215000	184
53220000	185
53225000	186
53230000	187
53235000	188
53240000	189
53245000	190
53250000	191
53255000	192
53260000	193
53265000	194
53270000	195
53275000	196
53280000	197
53285000	198
53290000	199
53295000	200
53300000	201
53305000	202
53310000	203
53315000	204
53320000	205
53325000	206
53330000	207
53335000	208
53340000	209
53345000	210
53350000	211
53355000	212
53360000	213
53365000	214
53370000	215
53375000	216
53380000	217
53385000	218
53390000	219
53395000	220
53400000	221
53405000	222
53410000	223
53415000	224
53420000	225
53425000	226
53430000	227
53435000	228
53440000	229
53445000	230
53450000	231
53455000	232
53460000	233
53465000	234
53470000	235
53475000	236
53480000	237
53485000	238
53490000	239
53495000	240
53500000	241
53505000	242
53510000	243
53515000	244
53520000	245
53525000	246
53530000	247
53535000	248
53540000	249
53545000	250
53550000	251
53555000	252
53560000	253
53565000	254
53570000	255
53575000	256
53580000	257
53585000	258
53590000	259
53595000	260
53600000	261
53605000	262
53610000	263
53615000	264
53620000	265
53625000	266
53630000	267
53635000	268
53640000	269
53645000	270
53650000	271
53655000	272
53660000	273
53665000	274
53670000	275
53675000	276
53680000	277
53685000	278
53690000	279
53695000	280
53700000	281
53705000	282
53710000	283
53715000	284
53720000	285
53725000	286
53730000	287
53735000	288
53740000	289
53745000	290
53750000	291
53755000	292
53760000	293
53765000	294
53770000	295
53775000	296
53780000	297
53785000	298
53790000	299
53795000	300
53800000	301
53805000	302
53810000	303
53815000	304
53820000	305
53825000	306
53830000	307
53835000	308
53840000	309
53845000	310
53850000	311
53855000	312
53860000	313
53865000	314
53870000	315
53875000	316
53880000	317
53885000	318
53890000	319
53895000	320
53900000	321
53905000	322
53910000	323
53915000	324
53920000	325
53925000	326
53930000	327
53935000	328
53940000	329
53945000	330
53950000	331
53955000	332
53960000	333
53965000	334
53970000	335
53975000	336
53980000	337
53985000	338
53990000	339
53995000	340
