32580000	0
32585000	1
32590000	2
32595000	3
32600000	4
32605000	5
32610000	6
32615000	7
32620000	8
32625000	9
32630000	10
32635000	11
32640000	12
32645000	13
32650000	14
32655000	15
32660000	16
32665000	17
32670000	18
32675000	19
32680000	20
32685000	21
32690000	22
32695000	23
32700000	24
32705000	25
32710000	26
32715000	27
32720000	28
32725000	29
32730000	30
32735000	31
32740000	32
32745000	33
32750000	34
32755000	35
32760000	36
32765000	37
32770000	38
32775000	39
32780000	40
32785000	41
32790000	42
32795000	43
32800000	44
32805000	45
