29360000	0
29365000	1
29370000	2
29375000	3
29380000	4
29385000	5
29390000	6
29395000	7
29400000	8
29405000	9
29410000	10
29415000	11
29420000	12
29425000	13
29430000	14
29435000	15
29440000	16
29445000	17
29450000	18
29455000	19
29460000	20
29465000	21
29470000	22
29475000	23
29480000	24
29485000	25
29490000	26
29495000	27
29500000	28
29505000	29
29510000	30
29515000	31
29520000	32
29525000	33
29530000	34
29535000	35
29540000	36
29545000	37
29550000	38
29555000	39
29560000	40
29565000	41
29570000	42
29575000	43
29580000	44
29585000	45
29590000	46
29595000	47
29600000	48
29605000	49
29610000	50
29615000	51
29620000	52
29625000	53
29630000	54
29635000	55
29640000	56
29645000	57
29650000	58
29655000	59
29660000	60
29665000	61
29670000	62
29675000	63
29680000	64
29685000	65
29690000	66
29695000	67
29700000	68
29705000	69
29710000	70
29715000	71
29720000	72
29725000	73
29730000	74
29735000	75
29740000	76
29745000	77
29750000	78
29755000	79
29760000	80
29765000	81
29770000	82
29775000	83
29780000	84
29785000	85
29790000	86
29795000	87
29800000	88
29805000	89
29810000	90
29815000	91
29820000	92
29825000	93
29830000	94
29835000	95
29840000	96
29845000	97
29850000	98
29855000	99
29860000	100
29865000	101
29870000	102
29875000	103
29880000	104
29885000	105
29890000	106
29895000	107
29900000	108
29905000	109
29910000	110
29915000	111
29920000	112
29925000	113
29930000	114
29935000	115
29940000	116
29945000	117
29950000	118
29955000	119
29960000	120
29965000	121
29970000	122
29975000	123
29980000	124
29985000	125
29990000	126
29995000	127
30000000	128
30005000	129
30010000	130
30015000	131
30020000	132
30025000	133
30030000	134
30035000	135
30040000	136
30045000	137
30050000	138
30055000	139
30060000	140
30065000	141
30070000	142
30075000	143
30080000	144
30085000	145
30090000	146
30095000	147
30100000	148
30105000	149
30110000	150
30115000	151
30120000	152
30125000	153
30130000	154
30135000	155
30140000	156
30145000	157
30150000	158
30155000	159
30160000	160
30165000	161
30170000	162
30175000	163
30180000	164
30185000	165
30190000	166
30195000	167
30200000	168
30205000	169
30210000	170
30215000	171
30220000	172
30225000	173
30230000	174
30235000	175
30240000	176
30245000	177
30250000	178
30255000	179
30260000	180
30265000	181
30270000	182
30275000	183
30280000	184
30285000	185
30290000	186
30295000	187
30300000	188
30305000	189
30310000	190
30315000	191
30320000	192
30325000	193
30330000	194
30335000	195
30340000	196
30345000	197
30350000	198
30355000	199
30360000	200
30365000	201
30370000	202
30375000	203
30380000	204
30385000	205
30390000	206
30395000	207
30400000	208
30405000	209
30410000	210
30415000	211
30420000	212
30425000	213
30430000	214
30435000	215
30440000	216
30445000	217
30450000	218
30455000	219
30460000	220
30465000	221
30470000	222
30475000	223
30480000	224
30485000	225
30490000	226
30495000	227
30500000	228
30505000	229
30510000	230
30515000	231
30520000	232
30525000	233
30530000	234
30535000	235
30540000	236
30545000	237
30550000	238
30555000	239
30560000	240
30565000	241
30570000	242
30575000	243
30580000	244
30585000	245
30590000	246
30595000	247
30600000	248
30605000	249
30610000	250
30615000	251
30620000	252
30625000	253
30630000	254
30635000	255
30640000	256
30645000	257
30650000	258
30655000	259
30660000	260
30665000	261
30670000	262
30675000	263
30680000	264
30685000	265
30690000	266
30695000	267
30700000	268
30705000	269
30710000	270
30715000	271
30720000	272
30725000	273
30730000	274
30735000	275
30740000	276
30745000	277
30750000	278
30755000	279
30760000	280
30765000	281
30770000	282
30775000	283
30780000	284
30785000	285
30790000	286
30795000	287
30800000	288
30805000	289
30810000	290
30815000	291
30820000	292
30825000	293
30830000	294
30835000	295
30840000	296
30845000	297
30850000	298
30855000	299
30860000	300
30865000	301
30870000	302
30875000	303
30880000	304
30885000	305
30890000	306
30895000	307
30900000	308
30905000	309
30910000	310
30915000	311
30920000	312
30925000	313
30930000	314
30935000	315
