95545000	0
95546000	1
95547000	2
95548000	3
95549000	4
95550000	5
95551000	6
95552000	7
95553000	8
95554000	9
95555000	10
95556000	11
95557000	12
95558000	13
95559000	14
95560000	15
95561000	16
95562000	17
95563000	18
95564000	19
95565000	20
95566000	21
95567000	22
95568000	23
95569000	24
95570000	25
95571000	26
95572000	27
95573000	28
95574000	29
95575000	30
95576000	31
95577000	32
95578000	33
95579000	34
95580000	35
95581000	36
95582000	37
95583000	38
95584000	39
95585000	40
95586000	41
95587000	42
95588000	43
95589000	44
95590000	45
95591000	46
95592000	47
95593000	48
95594000	49
95595000	50
95596000	51
95597000	52
95598000	53
95599000	54
95600000	55
95601000	56
95602000	57
95603000	58
95604000	59
95605000	60
95606000	61
95607000	62
95608000	63
95609000	64
95610000	65
95611000	66
95612000	67
95613000	68
95614000	69
95615000	70
95616000	71
95617000	72
95618000	73
95619000	74
95620000	75
95621000	76
95622000	77
95623000	78
95624000	79
95625000	80
95626000	81
95627000	82
95628000	83
95629000	84
95630000	85
95631000	86
95632000	87
95633000	88
95634000	89
95635000	90
95636000	91
95637000	92
95638000	93
95639000	94
95640000	95
95641000	96
95642000	97
95643000	98
95644000	99
95645000	100
95646000	101
95647000	102
95648000	103
95649000	104
95650000	105
95651000	106
95652000	107
95653000	108
95654000	109
95655000	110
95656000	111
95657000	112
95658000	113
95659000	114
95660000	115
95661000	116
95662000	117
95663000	118
95664000	119
95665000	120
95666000	121
95667000	122
95668000	123
95669000	124
95670000	125
95671000	126
95672000	127
95673000	128
95674000	129
95675000	130
95676000	131
95677000	132
95678000	133
95679000	134
95680000	135
95681000	136
95682000	137
95683000	138
95684000	139
95685000	140
95686000	141
95687000	142
95688000	143
95689000	144
95690000	145
95691000	146
95692000	147
95693000	148
95694000	149
95695000	150
95696000	151
95697000	152
95698000	153
95699000	154
95700000	155
95701000	156
95702000	157
95703000	158
95704000	159
95705000	160
95706000	161
95707000	162
95708000	163
95709000	164
95710000	165
95711000	166
95712000	167
95713000	168
95714000	169
95715000	170
95716000	171
95717000	172
95718000	173
95719000	174
95720000	175
95721000	176
95722000	177
95723000	178
95724000	179
95725000	180
95726000	181
95727000	182
95728000	183
95729000	184
95730000	185
95731000	186
95732000	187
95733000	188
95734000	189
95735000	190
95736000	191
95737000	192
95738000	193
95739000	194
95740000	195
95741000	196
95742000	197
95743000	198
95744000	199
95745000	200
95746000	201
95747000	202
95748000	203
95749000	204
95750000	205
95751000	206
95752000	207
95753000	208
95754000	209
95755000	210
95756000	211
95757000	212
95758000	213
95759000	214
95760000	215
95761000	216
95762000	217
95763000	218
95764000	219
95765000	220
95766000	221
95767000	222
95768000	223
95769000	224
95770000	225
95771000	226
95772000	227
95773000	228
95774000	229
95775000	230
95776000	231
95777000	232
95778000	233
95779000	234
95780000	235
95781000	236
95782000	237
95783000	238
95784000	239
95785000	240
95786000	241
95787000	242
95788000	243
95789000	244
95790000	245
95791000	246
95792000	247
95793000	248
95794000	249
95795000	250
95796000	251
95797000	252
95798000	253
95799000	254
95800000	255
95801000	256
95802000	257
95803000	258
95804000	259
95805000	260
95806000	261
95807000	262
95808000	263
95809000	264
95810000	265
95811000	266
95812000	267
95813000	268
95814000	269
95815000	270
95816000	271
95817000	272
95818000	273
95819000	274
95820000	275
95821000	276
95822000	277
95823000	278
95824000	279
95825000	280
95826000	281
95827000	282
95828000	283
95829000	284
95830000	285
95831000	286
95832000	287
95833000	288
95834000	289
95835000	290
95836000	291
95837000	292
95838000	293
95839000	294
95840000	295
95841000	296
95842000	297
95843000	298
95844000	299
95845000	300
95846000	301
95847000	302
95848000	303
95849000	304
95850000	305
95851000	306
95852000	307
95853000	308
95854000	309
95855000	310
95856000	311
95857000	312
95858000	313
95859000	314
95860000	315
95861000	316
95862000	317
95863000	318
95864000	319
95865000	320
95866000	321
95867000	322
95868000	323
95869000	324
95870000	325
95871000	326
95872000	327
95873000	328
95874000	329
95875000	330
95876000	331
95877000	332
95878000	333
95879000	334
95880000	335
95881000	336
95882000	337
95883000	338
95884000	339
95885000	340
95886000	341
95887000	342
95888000	343
95889000	344
95890000	345
95891000	346
95892000	347
95893000	348
95894000	349
95895000	350
95896000	351
95897000	352
95898000	353
95899000	354
95900000	355
95901000	356
95902000	357
95903000	358
95904000	359
95905000	360
95906000	361
95907000	362
95908000	363
95909000	364
95910000	365
95911000	366
95912000	367
95913000	368
95914000	369
95915000	370
95916000	371
95917000	372
95918000	373
95919000	374
95920000	375
95921000	376
95922000	377
95923000	378
95924000	379
95925000	380
95926000	381
95927000	382
95928000	383
95929000	384
95930000	385
95931000	386
95932000	387
95933000	388
95934000	389
95935000	390
95936000	391
95937000	392
95938000	393
95939000	394
95940000	395
95941000	396
95942000	397
95943000	398
95944000	399
95945000	400
95946000	401
95947000	402
95948000	403
95949000	404
95950000	405
95951000	406
95952000	407
95953000	408
95954000	409
95955000	410
95956000	411
95957000	412
95958000	413
95959000	414
95960000	415
95961000	416
95962000	417
95963000	418
95964000	419
95965000	420
95966000	421
95967000	422
95968000	423
95969000	424
95970000	425
95971000	426
95972000	427
95973000	428
95974000	429
95975000	430
95976000	431
95977000	432
95978000	433
95979000	434
95980000	435
95981000	436
95982000	437
95983000	438
95984000	439
95985000	440
95986000	441
95987000	442
95988000	443
95989000	444
95990000	445
95991000	446
95992000	447
95993000	448
95994000	449
95995000	450
95996000	451
95997000	452
95998000	453
95999000	454
96000000	455
96001000	456
96002000	457
96003000	458
96004000	459
96005000	460
96006000	461
96007000	462
96008000	463
96009000	464
96010000	465
96011000	466
96012000	467
96013000	468
96014000	469
96015000	470
96016000	471
96017000	472
96018000	473
96019000	474
96020000	475
96021000	476
96022000	477
96023000	478
96024000	479
96025000	480
96026000	481
96027000	482
96028000	483
96029000	484
96030000	485
96031000	486
96032000	487
96033000	488
96034000	489
96035000	490
96036000	491
96037000	492
96038000	493
96039000	494
96040000	495
96041000	496
96042000	497
96043000	498
96044000	499
96045000	500
96046000	501
96047000	502
96048000	503
96049000	504
96050000	505
96051000	506
96052000	507
96053000	508
96054000	509
96055000	510
96056000	511
96057000	512
96058000	513
96059000	514
96060000	515
96061000	516
96062000	517
96063000	518
96064000	519
96065000	520
96066000	521
96067000	522
96068000	523
96069000	524
96070000	525
96071000	526
96072000	527
96073000	528
96074000	529
96075000	530
96076000	531
96077000	532
96078000	533
96079000	534
96080000	535
96081000	536
96082000	537
96083000	538
96084000	539
96085000	540
96086000	541
96087000	542
96088000	543
96089000	544
96090000	545
96091000	546
96092000	547
96093000	548
96094000	549
96095000	550
96096000	551
96097000	552
96098000	553
96099000	554
96100000	555
96101000	556
96102000	557
96103000	558
96104000	559
96105000	560
96106000	561
96107000	562
96108000	563
96109000	564
96110000	565
96111000	566
96112000	567
96113000	568
96114000	569
96115000	570
96116000	571
96117000	572
96118000	573
96119000	574
96120000	575
96121000	576
96122000	577
96123000	578
96124000	579
96125000	580
96126000	581
96127000	582
96128000	583
96129000	584
96130000	585
96131000	586
96132000	587
96133000	588
96134000	589
96135000	590
96136000	591
96137000	592
96138000	593
96140000	594
96143000	595
96144000	596
96145000	597
96146000	598
96147000	599
96148000	600
96149000	601
96150000	602
96151000	603
96152000	604
96153000	605
96154000	606
96155000	607
96156000	608
96157000	609
96158000	610
96159000	611
96160000	612
96161000	613
96162000	614
96163000	615
96164000	616
96165000	617
