98230000	0
98235000	1
98240000	2
98245000	3
98250000	4
98255000	5
98260000	6
98265000	7
98270000	8
98275000	9
98280000	10
98285000	11
98290000	12
98295000	13
98300000	14
98305000	15
98310000	16
98315000	17
98320000	18
98325000	19
98330000	20
98335000	21
98340000	22
98345000	23
98350000	24
98355000	25
98360000	26
98365000	27
98370000	28
98375000	29
98380000	30
98385000	31
98390000	32
98395000	33
98400000	34
98405000	35
98410000	36
98415000	37
98420000	38
98425000	39
98430000	40
98435000	41
98440000	42
98445000	43
98450000	44
98455000	45
98460000	46
98465000	47
98470000	48
98475000	49
98480000	50
98485000	51
98490000	52
98495000	53
98500000	54
98505000	55
98510000	56
98515000	57
98520000	58
98525000	59
98530000	60
98535000	61
98540000	62
98545000	63
98550000	64
98555000	65
98560000	66
98565000	67
98570000	68
98575000	69
98580000	70
98585000	71
