40870000	0
40875000	1
40880000	2
40885000	3
40890000	4
40895000	5
40900000	6
40905000	7
40910000	8
40915000	9
40920000	10
40925000	11
40930000	12
40935000	13
40940000	14
40945000	15
40950000	16
40955000	17
40960000	18
40965000	19
40970000	20
40975000	21
40980000	22
40985000	23
40990000	24
40995000	25
41000000	26
41005000	27
41010000	28
41015000	29
41020000	30
41025000	31
41030000	32
41035000	33
41040000	34
41045000	35
41050000	36
41055000	37
41060000	38
41065000	39
41070000	40
41075000	41
41080000	42
41085000	43
41090000	44
41095000	45
41100000	46
41105000	47
41110000	48
41115000	49
41120000	50
41125000	51
41130000	52
41135000	53
41140000	54
41145000	55
41150000	56
41155000	57
41160000	58
41165000	59
41170000	60
41175000	61
41180000	62
41185000	63
41190000	64
41195000	65
41200000	66
41205000	67
41210000	68
41215000	69
41220000	70
41225000	71
41230000	72
41235000	73
41240000	74
41245000	75
41250000	76
41255000	77
41260000	78
41265000	79
41270000	80
41275000	81
