111635000	0
111640000	1
111645000	2
111650000	3
111655000	4
111660000	5
111665000	6
111670000	7
111675000	8
111680000	9
111685000	10
111690000	11
111695000	12
111700000	13
111705000	14
111710000	15
111715000	16
111720000	17
111725000	18
111730000	19
111735000	20
111740000	21
111745000	22
111750000	23
111755000	24
111760000	25
111765000	26
111770000	27
111775000	28
111780000	29
111785000	30
111790000	31
111795000	32
111800000	33
111805000	34
111810000	35
111815000	36
111820000	37
111825000	38
111830000	39
111835000	40
111840000	41
111845000	42
111850000	43
111855000	44
111860000	45
111865000	46
111870000	47
111875000	48
111880000	49
111885000	50
111890000	51
111895000	52
111900000	53
111905000	54
111910000	55
111915000	56
111920000	57
111925000	58
111930000	59
111935000	60
111940000	61
111945000	62
111950000	63
111955000	64
111960000	65
111965000	66
111970000	67
111975000	68
111980000	69
111985000	70
111990000	71
111995000	72
112000000	73
112005000	74
112010000	75
112015000	76
112020000	77
112025000	78
112030000	79
112035000	80
112040000	81
112045000	82
112050000	83
112055000	84
112060000	85
