73610000	0
73615000	1
73620000	2
73625000	3
73630000	4
73635000	5
73640000	6
73645000	7
73650000	8
73655000	9
73660000	10
73665000	11
73670000	12
73675000	13
73680000	14
73685000	15
73690000	16
73695000	17
73700000	18
73705000	19
73710000	20
73715000	21
73720000	22
73725000	23
73730000	24
73735000	25
73740000	26
73745000	27
73750000	28
73755000	29
73760000	30
73765000	31
73770000	32
73775000	33
73780000	34
73785000	35
73790000	36
73795000	37
73800000	38
73805000	39
73810000	40
73815000	41
73820000	42
73825000	43
73830000	44
73835000	45
73840000	46
73845000	47
73850000	48
73855000	49
73860000	50
73865000	51
73870000	52
73875000	53
73880000	54
73885000	55
73890000	56
73895000	57
73900000	58
73905000	59
73910000	60
73915000	61
73920000	62
73925000	63
73930000	64
73935000	65
73940000	66
73945000	67
73950000	68
