93415000	0
93420000	1
93425000	2
93430000	3
93435000	4
93440000	5
93445000	6
93450000	7
93455000	8
93460000	9
93465000	10
93470000	11
93475000	12
93480000	13
93485000	14
93490000	15
93495000	16
93500000	17
93505000	18
93510000	19
93515000	20
93520000	21
93525000	22
93530000	23
93535000	24
93540000	25
93545000	26
93550000	27
93555000	28
93560000	29
93565000	30
93570000	31
93575000	32
93580000	33
93585000	34
93590000	35
93595000	36
93600000	37
93605000	38
93610000	39
93615000	40
93620000	41
93625000	42
93630000	43
93635000	44
93640000	45
93645000	46
93650000	47
93655000	48
93660000	49
93665000	50
93670000	51
93675000	52
93680000	53
93685000	54
93690000	55
93695000	56
93700000	57
93705000	58
93710000	59
93715000	60
93720000	61
93725000	62
93730000	63
93735000	64
93740000	65
93745000	66
93750000	67
93755000	68
93760000	69
93765000	70
93770000	71
93775000	72
93780000	73
93785000	74
93790000	75
93795000	76
93800000	77
93805000	78
93810000	79
93815000	80
93820000	81
93825000	82
93830000	83
93835000	84
93840000	85
93845000	86
93850000	87
93855000	88
93860000	89
93865000	90
93870000	91
93875000	92
93880000	93
93885000	94
93890000	95
93895000	96
93900000	97
93905000	98
93910000	99
93915000	100
93920000	101
93925000	102
93930000	103
93935000	104
93940000	105
93945000	106
93950000	107
93955000	108
93960000	109
93965000	110
93970000	111
93975000	112
93980000	113
93985000	114
93990000	115
93995000	116
94000000	117
94005000	118
94010000	119
94015000	120
94020000	121
94025000	122
94030000	123
94035000	124
94040000	125
94045000	126
94050000	127
94055000	128
94060000	129
94065000	130
94070000	131
94075000	132
94080000	133
94085000	134
94090000	135
94095000	136
94100000	137
94105000	138
94110000	139
