76880000	0
76885000	1
76890000	2
76895000	3
76900000	4
76905000	5
76910000	6
76915000	7
76920000	8
76925000	9
76930000	10
76935000	11
76940000	12
76945000	13
76950000	14
76955000	15
76960000	16
76965000	17
76970000	18
76975000	19
76980000	20
76985000	21
76990000	22
76995000	23
77000000	24
77005000	25
77010000	26
77015000	27
77020000	28
77025000	29
77030000	30
77035000	31
77040000	32
77045000	33
77050000	34
77055000	35
77060000	36
77065000	37
77070000	38
77075000	39
77080000	40
77085000	41
77090000	42
77095000	43
77100000	44
77105000	45
77110000	46
77115000	47
77120000	48
77125000	49
77130000	50
77135000	51
77140000	52
77145000	53
77150000	54
77155000	55
77160000	56
77165000	57
77170000	58
77175000	59
77180000	60
77185000	61
77190000	62
77195000	63
77200000	64
77205000	65
77210000	66
77215000	67
77220000	68
77225000	69
77230000	70
77235000	71
77240000	72
77245000	73
77250000	74
77255000	75
77260000	76
77265000	77
77270000	78
77275000	79
77280000	80
77285000	81
77290000	82
77295000	83
77300000	84
77305000	85
77310000	86
77315000	87
77320000	88
77325000	89
77330000	90
