96260000	0
96265000	1
96270000	2
96275000	3
96280000	4
96285000	5
96290000	6
96295000	7
96300000	8
96305000	9
96310000	10
96315000	11
96320000	12
96325000	13
96330000	14
96335000	15
96340000	16
96345000	17
96350000	18
96355000	19
96360000	20
96365000	21
96370000	22
96375000	23
96380000	24
96385000	25
96390000	26
96395000	27
96400000	28
96405000	29
96410000	30
96415000	31
96420000	32
96425000	33
96430000	34
96435000	35
96440000	36
96445000	37
96450000	38
96455000	39
96460000	40
96465000	41
96470000	42
96475000	43
96480000	44
96485000	45
96490000	46
96495000	47
96500000	48
96505000	49
96510000	50
96515000	51
96520000	52
96525000	53
96530000	54
96535000	55
96540000	56
96545000	57
96550000	58
96555000	59
96560000	60
