96465000	0
96470000	1
96475000	2
96480000	3
96485000	4
96490000	5
96495000	6
96500000	7
96505000	8
96510000	9
96515000	10
96520000	11
96525000	12
96530000	13
96535000	14
96540000	15
96545000	16
96550000	17
96555000	18
96560000	19
96565000	20
96570000	21
96575000	22
96580000	23
96585000	24
96590000	25
96595000	26
96600000	27
96605000	28
96610000	29
96615000	30
96620000	31
96625000	32
96630000	33
96635000	34
96640000	35
96645000	36
96650000	37
96655000	38
96660000	39
96665000	40
96670000	41
96675000	42
96680000	43
96685000	44
96690000	45
96695000	46
96700000	47
96705000	48
96710000	49
96715000	50
96720000	51
96725000	52
96730000	53
96735000	54
96740000	55
96745000	56
96750000	57
