60655000	0
60660000	1
60665000	2
60670000	3
60675000	4
60680000	5
60685000	6
60690000	7
60695000	8
60700000	9
60705000	10
60710000	11
60715000	12
60720000	13
60725000	14
60730000	15
60735000	16
60740000	17
60745000	18
60750000	19
60755000	20
60760000	21
60765000	22
60770000	23
60775000	24
60780000	25
60785000	26
60790000	27
60795000	28
60800000	29
60805000	30
60810000	31
60815000	32
60820000	33
60825000	34
60830000	35
60835000	36
60840000	37
60845000	38
60850000	39
60855000	40
60860000	41
60865000	42
60870000	43
60875000	44
60880000	45
60885000	46
60890000	47
60895000	48
60900000	49
60905000	50
60910000	51
60915000	52
60920000	53
60925000	54
60930000	55
60935000	56
60940000	57
60945000	58
60950000	59
60955000	60
60960000	61
60965000	62
60970000	63
60975000	64
60980000	65
60985000	66
60990000	67
60995000	68
61000000	69
61005000	70
61010000	71
61015000	72
61020000	73
61025000	74
61030000	75
61035000	76
61040000	77
61045000	78
61050000	79
61055000	80
61060000	81
61065000	82
61070000	83
61075000	84
61080000	85
61085000	86
