37700000	0
37705000	1
37710000	2
37715000	3
37720000	4
37725000	5
37730000	6
37735000	7
37740000	8
37745000	9
37750000	10
37755000	11
37760000	12
37765000	13
37770000	14
37775000	15
37780000	16
37785000	17
37790000	18
37795000	19
37800000	20
37805000	21
37810000	22
37815000	23
37820000	24
37825000	25
37830000	26
37835000	27
37840000	28
37845000	29
37850000	30
37855000	31
37860000	32
37865000	33
37870000	34
37875000	35
37880000	36
37885000	37
37890000	38
37895000	39
37900000	40
37905000	41
37910000	42
37915000	43
37920000	44
37925000	45
37930000	46
37935000	47
37940000	48
37945000	49
37950000	50
37955000	51
37960000	52
37965000	53
37970000	54
37975000	55
37980000	56
37985000	57
37990000	58
37995000	59
38000000	60
38005000	61
38010000	62
38015000	63
38020000	64
38025000	65
38030000	66
38035000	67
38040000	68
38045000	69
38050000	70
38055000	71
38060000	72
38065000	73
38070000	74
38075000	75
38080000	76
38085000	77
38090000	78
38095000	79
38100000	80
38105000	81
38110000	82
38115000	83
38120000	84
38125000	85
38130000	86
38135000	87
38140000	88
38145000	89
38150000	90
38155000	91
38160000	92
38165000	93
38170000	94
38175000	95
38180000	96
38185000	97
38190000	98
38195000	99
38200000	100
38205000	101
38210000	102
38215000	103
38220000	104
38225000	105
38230000	106
38235000	107
38240000	108
38245000	109
38250000	110
38255000	111
38260000	112
38265000	113
38270000	114
38275000	115
38280000	116
38285000	117
38290000	118
38295000	119
38300000	120
38305000	121
38310000	122
38315000	123
38320000	124
38325000	125
38330000	126
38335000	127
38340000	128
38345000	129
38350000	130
38355000	131
38360000	132
38365000	133
38370000	134
38375000	135
38380000	136
38385000	137
38390000	138
38395000	139
38400000	140
38405000	141
38410000	142
38415000	143
38420000	144
38425000	145
38430000	146
38435000	147
38440000	148
38445000	149
38450000	150
38455000	151
38460000	152
38465000	153
38470000	154
38475000	155
38480000	156
38485000	157
38490000	158
38495000	159
38500000	160
38505000	161
38510000	162
38515000	163
38520000	164
38525000	165
38530000	166
38535000	167
38540000	168
38545000	169
38550000	170
38555000	171
38560000	172
38565000	173
38570000	174
38575000	175
38580000	176
38585000	177
38590000	178
38595000	179
38600000	180
38605000	181
38610000	182
38615000	183
38620000	184
38625000	185
38630000	186
38635000	187
38640000	188
38645000	189
38650000	190
38655000	191
38660000	192
38665000	193
38670000	194
38675000	195
38680000	196
38685000	197
38690000	198
38695000	199
38700000	200
38705000	201
38710000	202
38715000	203
38720000	204
38725000	205
38730000	206
38735000	207
38740000	208
38745000	209
38750000	210
38755000	211
38760000	212
38765000	213
38770000	214
38775000	215
38780000	216
38785000	217
38790000	218
38795000	219
38800000	220
38805000	221
38810000	222
38815000	223
38820000	224
38825000	225
38830000	226
38835000	227
38840000	228
38845000	229
38850000	230
38855000	231
38860000	232
38865000	233
38870000	234
38875000	235
38880000	236
38885000	237
38890000	238
38895000	239
38900000	240
38905000	241
38910000	242
38915000	243
38920000	244
38925000	245
38930000	246
38935000	247
38940000	248
38945000	249
38950000	250
38955000	251
38960000	252
38965000	253
38970000	254
38975000	255
38980000	256
38985000	257
38990000	258
38995000	259
39000000	260
39005000	261
39010000	262
39015000	263
39020000	264
39025000	265
39030000	266
39035000	267
39040000	268
39045000	269
39050000	270
39055000	271
39060000	272
39065000	273
39070000	274
39075000	275
39080000	276
39085000	277
39090000	278
39095000	279
39100000	280
39105000	281
39110000	282
39115000	283
39120000	284
39125000	285
39130000	286
39135000	287
39140000	288
39145000	289
39150000	290
39155000	291
