17455000	0
17456000	1
17457000	2
17458000	3
17459000	4
17460000	5
17461000	6
17462000	7
17463000	8
17464000	9
17465000	10
17466000	11
17467000	12
17468000	13
17469000	14
17470000	15
17471000	16
17472000	17
17473000	18
17474000	19
17475000	20
17476000	21
17477000	22
17478000	23
17479000	24
17480000	25
17481000	26
17482000	27
17483000	28
17484000	29
17485000	30
17486000	31
17487000	32
17488000	33
17489000	34
17490000	35
17491000	36
17492000	37
17493000	38
17494000	39
17495000	40
17496000	41
17497000	42
17498000	43
17499000	44
17500000	45
17501000	46
17502000	47
17503000	48
17504000	49
17505000	50
17506000	51
17507000	52
17508000	53
17509000	54
17510000	55
17511000	56
17512000	57
17513000	58
17514000	59
17515000	60
17516000	61
17517000	62
17518000	63
17519000	64
17520000	65
17521000	66
17522000	67
17523000	68
17524000	69
17525000	70
17526000	71
17527000	72
17528000	73
17529000	74
17530000	75
17531000	76
17532000	77
17533000	78
17534000	79
17535000	80
17536000	81
17537000	82
17538000	83
17539000	84
17540000	85
17541000	86
17542000	87
17543000	88
17544000	89
17545000	90
17546000	91
17547000	92
17548000	93
17549000	94
17550000	95
17551000	96
17552000	97
17553000	98
17554000	99
17555000	100
17556000	101
17557000	102
17558000	103
17559000	104
17560000	105
17561000	106
17562000	107
17563000	108
17564000	109
17565000	110
