190945000	0
190950000	1
190955000	2
190960000	3
190965000	4
190970000	5
190975000	6
190980000	7
190985000	8
190990000	9
190995000	10
191000000	11
191005000	12
191010000	13
191015000	14
191020000	15
191025000	16
191030000	17
191035000	18
191040000	19
191045000	20
191050000	21
191055000	22
191060000	23
191065000	24
191070000	25
191075000	26
191080000	27
191085000	28
191090000	29
191095000	30
191100000	31
191105000	32
191110000	33
191115000	34
191120000	35
191125000	36
191130000	37
191135000	38
191140000	39
191145000	40
191150000	41
191155000	42
191160000	43
191165000	44
191170000	45
191175000	46
191180000	47
191185000	48
191190000	49
191195000	50
191200000	51
191205000	52
191210000	53
191215000	54
191220000	55
191225000	56
191230000	57
191235000	58
191240000	59
191245000	60
191250000	61
191255000	62
191260000	63
191265000	64
191270000	65
191275000	66
191280000	67
191285000	68
191290000	69
191295000	70
191300000	71
191305000	72
191310000	73
191315000	74
191320000	75
191325000	76
191330000	77
191335000	78
191340000	79
191345000	80
191350000	81
191355000	82
191360000	83
191365000	84
191370000	85
191375000	86
191380000	87
191385000	88
191390000	89
191395000	90
191400000	91
191405000	92
191410000	93
191415000	94
191420000	95
191425000	96
191430000	97
191435000	98
191440000	99
191445000	100
191450000	101
191455000	102
191460000	103
191465000	104
191470000	105
191475000	106
191480000	107
191485000	108
191490000	109
191495000	110
191500000	111
191505000	112
191510000	113
191515000	114
191520000	115
191525000	116
191530000	117
191535000	118
191540000	119
191545000	120
191550000	121
191555000	122
191560000	123
191565000	124
191570000	125
191575000	126
191580000	127
191585000	128
191590000	129
191595000	130
191600000	131
191605000	132
191610000	133
191615000	134
191620000	135
191625000	136
191630000	137
191635000	138
191640000	139
191645000	140
191650000	141
191655000	142
191660000	143
191665000	144
191670000	145
191675000	146
191680000	147
191685000	148
191690000	149
191695000	150
191700000	151
191705000	152
191710000	153
191715000	154
191720000	155
191725000	156
191730000	157
191735000	158
191740000	159
