65055000	0
65060000	1
65065000	2
65070000	3
65075000	4
65080000	5
65085000	6
65090000	7
65095000	8
65100000	9
65105000	10
65110000	11
65115000	12
65120000	13
65125000	14
65130000	15
65135000	16
65140000	17
65145000	18
65150000	19
65155000	20
65160000	21
65165000	22
65170000	23
65175000	24
65180000	25
65185000	26
65190000	27
65195000	28
65200000	29
65205000	30
65210000	31
65215000	32
65220000	33
65225000	34
65230000	35
65235000	36
65240000	37
65245000	38
65250000	39
65255000	40
65260000	41
65265000	42
65270000	43
65275000	44
65280000	45
65285000	46
65290000	47
65295000	48
65300000	49
65305000	50
65310000	51
65315000	52
65320000	53
65325000	54
65330000	55
65335000	56
65340000	57
65345000	58
65350000	59
65355000	60
65360000	61
65365000	62
65370000	63
65375000	64
65380000	65
65385000	66
65390000	67
65395000	68
65400000	69
65405000	70
65410000	71
65415000	72
65420000	73
65425000	74
65430000	75
65435000	76
65440000	77
65445000	78
65450000	79
65455000	80
65460000	81
65465000	82
65470000	83
65475000	84
65480000	85
65485000	86
65490000	87
65495000	88
65500000	89
65505000	90
65510000	91
65515000	92
65520000	93
65525000	94
65530000	95
65535000	96
65540000	97
65545000	98
65550000	99
65555000	100
65560000	101
65565000	102
65570000	103
65575000	104
65580000	105
65585000	106
65590000	107
65595000	108
65600000	109
65605000	110
65610000	111
65615000	112
65620000	113
65625000	114
65630000	115
65635000	116
65640000	117
65645000	118
65650000	119
65655000	120
65660000	121
65665000	122
65670000	123
65675000	124
65680000	125
65685000	126
65690000	127
65695000	128
65700000	129
65705000	130
65710000	131
65715000	132
65720000	133
65725000	134
65730000	135
65735000	136
65740000	137
65745000	138
65750000	139
65755000	140
65760000	141
65765000	142
65770000	143
65775000	144
65780000	145
65785000	146
65790000	147
65795000	148
65800000	149
65805000	150
65810000	151
65815000	152
65820000	153
65825000	154
65830000	155
65835000	156
65840000	157
65845000	158
65850000	159
65855000	160
65860000	161
65865000	162
65870000	163
65875000	164
65880000	165
65885000	166
65890000	167
65895000	168
65900000	169
65905000	170
65910000	171
65915000	172
65920000	173
65925000	174
65930000	175
65935000	176
65940000	177
65945000	178
65950000	179
65955000	180
65960000	181
65965000	182
65970000	183
65975000	184
65980000	185
65985000	186
65990000	187
65995000	188
66000000	189
66005000	190
66010000	191
66015000	192
66020000	193
66025000	194
66030000	195
66035000	196
66040000	197
66045000	198
66050000	199
66055000	200
66060000	201
66065000	202
66070000	203
66075000	204
66080000	205
66085000	206
66090000	207
66095000	208
66100000	209
66105000	210
66110000	211
66115000	212
66120000	213
66125000	214
66130000	215
66135000	216
66140000	217
66145000	218
66150000	219
66155000	220
66160000	221
66165000	222
66170000	223
66175000	224
66180000	225
66185000	226
66190000	227
66195000	228
66200000	229
66205000	230
66210000	231
66215000	232
66220000	233
66225000	234
66230000	235
66235000	236
66240000	237
66245000	238
66250000	239
66255000	240
66260000	241
66265000	242
66270000	243
66275000	244
66280000	245
66285000	246
66290000	247
66295000	248
66300000	249
66305000	250
66310000	251
66315000	252
66320000	253
66325000	254
66330000	255
66335000	256
66340000	257
66345000	258
66350000	259
66355000	260
66360000	261
66365000	262
66370000	263
66375000	264
66380000	265
66385000	266
66390000	267
66395000	268
66400000	269
66405000	270
66410000	271
66415000	272
66420000	273
66425000	274
66430000	275
66435000	276
66440000	277
66445000	278
66450000	279
66455000	280
66460000	281
66465000	282
66470000	283
66475000	284
66480000	285
66485000	286
66490000	287
66495000	288
66500000	289
66505000	290
66510000	291
66515000	292
66520000	293
66525000	294
66530000	295
66535000	296
66540000	297
66545000	298
66550000	299
66555000	300
66560000	301
66565000	302
66570000	303
66575000	304
66580000	305
66585000	306
66590000	307
66595000	308
66600000	309
66605000	310
66610000	311
66615000	312
66620000	313
66625000	314
66630000	315
66635000	316
66640000	317
66645000	318
66650000	319
66655000	320
66660000	321
66665000	322
66670000	323
66675000	324
66680000	325
66685000	326
66690000	327
66695000	328
66700000	329
66705000	330
66710000	331
66715000	332
66720000	333
66725000	334
66730000	335
66735000	336
66740000	337
66745000	338
66750000	339
66755000	340
66760000	341
66765000	342
66770000	343
66775000	344
66780000	345
66785000	346
66790000	347
66795000	348
66800000	349
66805000	350
66810000	351
66815000	352
66820000	353
66825000	354
66830000	355
66835000	356
66840000	357
66845000	358
66850000	359
66855000	360
66860000	361
66865000	362
66870000	363
66875000	364
66880000	365
66885000	366
66890000	367
66895000	368
66900000	369
66905000	370
66910000	371
66915000	372
66920000	373
66925000	374
66930000	375
66935000	376
66940000	377
66945000	378
66950000	379
66955000	380
66960000	381
66965000	382
66970000	383
66975000	384
66980000	385
66985000	386
66990000	387
66995000	388
67000000	389
67005000	390
67010000	391
67015000	392
67020000	393
67025000	394
67030000	395
67035000	396
67040000	397
67045000	398
67050000	399
67055000	400
67060000	401
67065000	402
67070000	403
67075000	404
67080000	405
67085000	406
67090000	407
67095000	408
67100000	409
67105000	410
67110000	411
67115000	412
67120000	413
67125000	414
67130000	415
67135000	416
67140000	417
67145000	418
67150000	419
67155000	420
67160000	421
67165000	422
67170000	423
67175000	424
67180000	425
67185000	426
67190000	427
67195000	428
67200000	429
67205000	430
67210000	431
67215000	432
67220000	433
67225000	434
67230000	435
67235000	436
67240000	437
67245000	438
67250000	439
67255000	440
67260000	441
67265000	442
67270000	443
67275000	444
67280000	445
67285000	446
67290000	447
67295000	448
67300000	449
67305000	450
67310000	451
67315000	452
67320000	453
67325000	454
67330000	455
67335000	456
67340000	457
67345000	458
67350000	459
67355000	460
67360000	461
67365000	462
67370000	463
67375000	464
67380000	465
67385000	466
67390000	467
67395000	468
67400000	469
67405000	470
67410000	471
67415000	472
67420000	473
67425000	474
67430000	475
67435000	476
67440000	477
67445000	478
67450000	479
67455000	480
67460000	481
67465000	482
67470000	483
67475000	484
67480000	485
67485000	486
67490000	487
67495000	488
67500000	489
67505000	490
67510000	491
67515000	492
67520000	493
67525000	494
67530000	495
67535000	496
67540000	497
67545000	498
67550000	499
67555000	500
67560000	501
67565000	502
67570000	503
67575000	504
67580000	505
67585000	506
67590000	507
67595000	508
67600000	509
67605000	510
67610000	511
67615000	512
67620000	513
67625000	514
67630000	515
67635000	516
67640000	517
67645000	518
67650000	519
67655000	520
67660000	521
67665000	522
67670000	523
67675000	524
67680000	525
67685000	526
67690000	527
67695000	528
67700000	529
67705000	530
67710000	531
67715000	532
67720000	533
67725000	534
67730000	535
67735000	536
67740000	537
67745000	538
67750000	539
67755000	540
67760000	541
67765000	542
67770000	543
67775000	544
67780000	545
67785000	546
67790000	547
67795000	548
67800000	549
67805000	550
67810000	551
67815000	552
67820000	553
67825000	554
67830000	555
67835000	556
67840000	557
67845000	558
67850000	559
67855000	560
67860000	561
67865000	562
67870000	563
67875000	564
67880000	565
67885000	566
67890000	567
67895000	568
67900000	569
67905000	570
67910000	571
67915000	572
67920000	573
67925000	574
67930000	575
67935000	576
67940000	577
67945000	578
67950000	579
67955000	580
67960000	581
67965000	582
67970000	583
67975000	584
67980000	585
67985000	586
67990000	587
67995000	588
68000000	589
68005000	590
68010000	591
68015000	592
68020000	593
68025000	594
68030000	595
68035000	596
68040000	597
68045000	598
68050000	599
68055000	600
68060000	601
68065000	602
68070000	603
68075000	604
68080000	605
68085000	606
68090000	607
68095000	608
68100000	609
68105000	610
68110000	611
68115000	612
68120000	613
68125000	614
68130000	615
68135000	616
68140000	617
68145000	618
68150000	619
68155000	620
68160000	621
68165000	622
68170000	623
68175000	624
68180000	625
68185000	626
68190000	627
68195000	628
68200000	629
68205000	630
68210000	631
68215000	632
68220000	633
68225000	634
68230000	635
68235000	636
68240000	637
68245000	638
68250000	639
68255000	640
68260000	641
68265000	642
68270000	643
68275000	644
68280000	645
68285000	646
68290000	647
68295000	648
68300000	649
68305000	650
68310000	651
68315000	652
68320000	653
68325000	654
68330000	655
68335000	656
68340000	657
68345000	658
68350000	659
68355000	660
68360000	661
68365000	662
68370000	663
68375000	664
68380000	665
68385000	666
68390000	667
68395000	668
68400000	669
68405000	670
68410000	671
68415000	672
68420000	673
68425000	674
68430000	675
68435000	676
68440000	677
68445000	678
68450000	679
68455000	680
68460000	681
68465000	682
68470000	683
68475000	684
68480000	685
68485000	686
68490000	687
68495000	688
68500000	689
68505000	690
68510000	691
68515000	692
68520000	693
68525000	694
68530000	695
68535000	696
68540000	697
68545000	698
68550000	699
68555000	700
68560000	701
68565000	702
68570000	703
68575000	704
68580000	705
68585000	706
68590000	707
68595000	708
68600000	709
68605000	710
68610000	711
68615000	712
68620000	713
68625000	714
68630000	715
68635000	716
68640000	717
68645000	718
68650000	719
68655000	720
68660000	721
68665000	722
68670000	723
68675000	724
68680000	725
68685000	726
68690000	727
68695000	728
68700000	729
68705000	730
68710000	731
68715000	732
68720000	733
68725000	734
68730000	735
68735000	736
68740000	737
68745000	738
68750000	739
68755000	740
68760000	741
68765000	742
68770000	743
68775000	744
68780000	745
68785000	746
68790000	747
68795000	748
68800000	749
68805000	750
68810000	751
68815000	752
68820000	753
68825000	754
68830000	755
68835000	756
68840000	757
68845000	758
68850000	759
68855000	760
68860000	761
68865000	762
68870000	763
68875000	764
68880000	765
68885000	766
68890000	767
68895000	768
68900000	769
68905000	770
68910000	771
68915000	772
68920000	773
68925000	774
68930000	775
68935000	776
