150730000	0
150735000	1
150740000	2
150745000	3
150750000	4
150755000	5
150760000	6
150765000	7
150770000	8
150775000	9
150780000	10
150785000	11
150790000	12
150795000	13
150800000	14
150805000	15
150810000	16
150815000	17
150820000	18
150825000	19
150830000	20
150835000	21
150840000	22
150845000	23
150850000	24
150855000	25
150860000	26
150865000	27
150870000	28
150875000	29
150880000	30
150885000	31
150890000	32
150895000	33
150900000	34
150905000	35
150910000	36
150915000	37
150920000	38
150925000	39
150930000	40
150935000	41
150940000	42
150945000	43
150950000	44
150955000	45
150960000	46
150965000	47
150970000	48
150975000	49
150980000	50
150985000	51
150990000	52
150995000	53
151000000	54
151005000	55
151010000	56
151015000	57
151020000	58
151025000	59
151030000	60
151035000	61
151040000	62
151045000	63
151050000	64
151055000	65
151060000	66
151065000	67
151070000	68
151075000	69
151080000	70
151085000	71
151090000	72
151095000	73
151100000	74
151105000	75
151110000	76
151115000	77
151120000	78
151125000	79
151130000	80
151135000	81
151140000	82
151145000	83
151150000	84
151155000	85
151160000	86
151165000	87
151170000	88
151175000	89
151180000	90
151185000	91
151190000	92
151195000	93
151200000	94
151205000	95
151210000	96
151215000	97
151220000	98
151225000	99
151230000	100
151235000	101
151240000	102
151245000	103
151250000	104
151255000	105
151260000	106
151265000	107
151270000	108
151275000	109
151280000	110
151285000	111
151290000	112
151295000	113
151300000	114
151305000	115
151310000	116
151315000	117
151320000	118
151325000	119
151330000	120
151335000	121
151340000	122
151345000	123
151350000	124
151355000	125
151360000	126
151365000	127
151370000	128
151375000	129
151380000	130
151385000	131
151390000	132
151395000	133
151400000	134
151405000	135
151410000	136
151415000	137
151420000	138
151425000	139
151430000	140
151435000	141
151440000	142
151445000	143
151450000	144
151455000	145
151460000	146
151465000	147
151470000	148
151475000	149
151480000	150
151485000	151
151490000	152
151495000	153
151500000	154
151505000	155
151510000	156
151515000	157
151520000	158
151525000	159
151530000	160
151535000	161
151540000	162
151545000	163
151550000	164
151555000	165
151560000	166
151565000	167
151570000	168
151575000	169
151580000	170
151585000	171
151590000	172
151595000	173
151600000	174
151605000	175
151610000	176
151615000	177
151620000	178
151625000	179
151630000	180
151635000	181
151640000	182
151645000	183
151650000	184
151655000	185
151660000	186
151665000	187
151670000	188
151675000	189
151680000	190
151685000	191
151690000	192
151695000	193
151700000	194
