8120000	0
8125000	1
8130000	2
8135000	3
8140000	4
8145000	5
8150000	6
8155000	7
8160000	8
8165000	9
8170000	10
8175000	11
8180000	12
8185000	13
8190000	14
8195000	15
8200000	16
8205000	17
8210000	18
8215000	19
8220000	20
8225000	21
8230000	22
8235000	23
8240000	24
8245000	25
8250000	26
8255000	27
8260000	28
8265000	29
8270000	30
8275000	31
8280000	32
8285000	33
8290000	34
8295000	35
8300000	36
8305000	37
8310000	38
8315000	39
8320000	40
8325000	41
8330000	42
8335000	43
8340000	44
8345000	45
8350000	46
8355000	47
8360000	48
8365000	49
8370000	50
8375000	51
8380000	52
8385000	53
8390000	54
8395000	55
8400000	56
8405000	57
8410000	58
8415000	59
8420000	60
8425000	61
8430000	62
8435000	63
8440000	64
8445000	65
8450000	66
8455000	67
8460000	68
8465000	69
8470000	70
8475000	71
8480000	72
8485000	73
8490000	74
8495000	75
8500000	76
8505000	77
