147070000	0
147075000	1
147080000	2
147085000	3
147090000	4
147095000	5
147100000	6
147105000	7
147110000	8
147115000	9
147120000	10
147125000	11
147130000	12
147135000	13
147140000	14
147145000	15
147150000	16
147155000	17
147160000	18
147165000	19
147170000	20
147175000	21
147180000	22
147185000	23
147190000	24
147195000	25
147200000	26
147205000	27
147210000	28
147215000	29
147220000	30
147225000	31
147230000	32
147235000	33
147240000	34
147245000	35
147250000	36
147255000	37
147260000	38
147265000	39
147270000	40
147275000	41
147280000	42
147285000	43
147290000	44
147295000	45
147300000	46
147305000	47
147310000	48
147315000	49
147320000	50
147325000	51
147330000	52
147335000	53
147340000	54
147345000	55
147350000	56
147355000	57
147360000	58
147365000	59
147370000	60
147375000	61
147380000	62
147385000	63
147390000	64
147395000	65
147400000	66
147405000	67
147410000	68
147415000	69
147420000	70
147425000	71
147430000	72
147435000	73
147440000	74
147445000	75
147450000	76
147455000	77
147460000	78
147465000	79
147470000	80
147475000	81
147480000	82
147485000	83
147490000	84
147495000	85
147500000	86
147505000	87
147510000	88
147515000	89
147520000	90
147525000	91
147530000	92
147535000	93
147540000	94
147545000	95
147550000	96
147555000	97
147560000	98
147565000	99
147570000	100
147575000	101
147580000	102
147585000	103
147590000	104
147595000	105
147600000	106
147605000	107
147610000	108
147615000	109
147620000	110
147625000	111
147630000	112
147635000	113
147640000	114
147645000	115
147650000	116
147655000	117
147660000	118
147665000	119
147670000	120
147675000	121
147680000	122
147685000	123
147690000	124
147695000	125
147700000	126
147705000	127
147710000	128
147715000	129
147720000	130
147725000	131
147730000	132
147735000	133
147740000	134
147745000	135
147750000	136
147755000	137
147760000	138
147765000	139
147770000	140
147775000	141
147780000	142
147785000	143
