136895000	0
136900000	1
136905000	2
136910000	3
136915000	4
136920000	5
136925000	6
136930000	7
136935000	8
136940000	9
136945000	10
136950000	11
136955000	12
136960000	13
136965000	14
136970000	15
136975000	16
136980000	17
136985000	18
136990000	19
136995000	20
137000000	21
137005000	22
137010000	23
137015000	24
137020000	25
137025000	26
137030000	27
137035000	28
137040000	29
137045000	30
137050000	31
137055000	32
137060000	33
137065000	34
137070000	35
137075000	36
137080000	37
137085000	38
137090000	39
137095000	40
137100000	41
137105000	42
137110000	43
137115000	44
137120000	45
137125000	46
137130000	47
137135000	48
137140000	49
137145000	50
137150000	51
137155000	52
137160000	53
137165000	54
137170000	55
137175000	56
137180000	57
137185000	58
137190000	59
137195000	60
137200000	61
137205000	62
137210000	63
137215000	64
137220000	65
137225000	66
137230000	67
137235000	68
137240000	69
137245000	70
137250000	71
137255000	72
137260000	73
137265000	74
137270000	75
137275000	76
137280000	77
137285000	78
137290000	79
137295000	80
137300000	81
137305000	82
137310000	83
137315000	84
137320000	85
137325000	86
137330000	87
137335000	88
137340000	89
137345000	90
137350000	91
137355000	92
137360000	93
137365000	94
137370000	95
137375000	96
137380000	97
137385000	98
137390000	99
137395000	100
137400000	101
137405000	102
137410000	103
137415000	104
137420000	105
137425000	106
137430000	107
137435000	108
137440000	109
137445000	110
137450000	111
137455000	112
137460000	113
137465000	114
137470000	115
137475000	116
137480000	117
137485000	118
137490000	119
137495000	120
137500000	121
137505000	122
137510000	123
137515000	124
137520000	125
137525000	126
137530000	127
137535000	128
137540000	129
137545000	130
137550000	131
137555000	132
137560000	133
137565000	134
137570000	135
137575000	136
137580000	137
137585000	138
137590000	139
137595000	140
137600000	141
137605000	142
137610000	143
137615000	144
137620000	145
137625000	146
137630000	147
137635000	148
137640000	149
137645000	150
137650000	151
137655000	152
137660000	153
137665000	154
137670000	155
137675000	156
137680000	157
137685000	158
137690000	159
137695000	160
137700000	161
137705000	162
137710000	163
137715000	164
137720000	165
137725000	166
137730000	167
137735000	168
137740000	169
137745000	170
137750000	171
137755000	172
137760000	173
137765000	174
137770000	175
137775000	176
137780000	177
137785000	178
137790000	179
137795000	180
137800000	181
137805000	182
137810000	183
137815000	184
137820000	185
137825000	186
137830000	187
137835000	188
137840000	189
137845000	190
137850000	191
137855000	192
137860000	193
137865000	194
137870000	195
137875000	196
137880000	197
137885000	198
137890000	199
137895000	200
137900000	201
137905000	202
137910000	203
137915000	204
137920000	205
137925000	206
137930000	207
137935000	208
137940000	209
137945000	210
137950000	211
137955000	212
137960000	213
137965000	214
137970000	215
137975000	216
