57205000	0
57210000	1
57215000	2
57220000	3
57225000	4
57230000	5
57235000	6
57240000	7
57245000	8
57250000	9
57255000	10
57260000	11
57265000	12
57270000	13
57275000	14
57280000	15
57285000	16
57290000	17
57295000	18
57300000	19
57305000	20
57310000	21
57315000	22
57320000	23
57325000	24
57330000	25
57335000	26
57340000	27
57345000	28
57350000	29
57355000	30
57360000	31
57365000	32
57370000	33
57375000	34
57380000	35
57385000	36
57390000	37
57395000	38
57400000	39
57405000	40
57410000	41
57415000	42
57420000	43
57425000	44
57430000	45
57435000	46
57440000	47
57445000	48
57450000	49
57455000	50
57460000	51
57465000	52
57470000	53
57475000	54
57480000	55
57485000	56
57490000	57
57495000	58
57500000	59
57505000	60
57510000	61
57515000	62
57520000	63
57525000	64
57530000	65
57535000	66
57540000	67
57545000	68
57550000	69
57555000	70
57560000	71
57565000	72
57570000	73
57575000	74
57580000	75
57585000	76
57590000	77
57595000	78
57600000	79
57605000	80
57610000	81
57615000	82
57620000	83
57625000	84
57630000	85
57635000	86
57640000	87
57645000	88
57650000	89
57655000	90
57660000	91
57665000	92
57670000	93
57675000	94
57680000	95
57685000	96
57690000	97
57695000	98
57700000	99
57705000	100
57710000	101
57715000	102
57720000	103
57725000	104
57730000	105
57735000	106
57740000	107
57745000	108
57750000	109
57755000	110
57760000	111
57765000	112
57770000	113
57775000	114
57780000	115
57785000	116
57790000	117
57795000	118
57800000	119
57805000	120
57810000	121
57815000	122
57820000	123
57825000	124
57830000	125
57835000	126
57840000	127
57845000	128
57850000	129
57855000	130
57860000	131
57865000	132
57870000	133
57875000	134
57880000	135
57885000	136
57890000	137
57895000	138
57900000	139
57905000	140
57910000	141
57915000	142
57920000	143
57925000	144
57930000	145
57935000	146
57940000	147
57945000	148
57950000	149
57955000	150
57960000	151
57965000	152
57970000	153
57975000	154
57980000	155
57985000	156
57990000	157
57995000	158
58000000	159
58005000	160
58010000	161
58015000	162
58020000	163
58025000	164
58030000	165
58035000	166
58040000	167
58045000	168
58050000	169
58055000	170
58060000	171
58065000	172
58070000	173
58075000	174
58135000	175
58140000	176
58145000	177
58150000	178
58155000	179
58160000	180
58165000	181
58170000	182
58175000	183
58180000	184
58185000	185
58190000	186
58195000	187
58200000	188
58205000	189
58210000	190
58215000	191
58220000	192
58225000	193
58230000	194
58235000	195
58240000	196
58245000	197
58250000	198
58255000	199
58260000	200
58265000	201
58270000	202
58275000	203
58280000	204
58285000	205
58290000	206
58295000	207
58300000	208
58305000	209
58310000	210
58315000	211
58320000	212
58325000	213
58330000	214
58335000	215
58340000	216
58345000	217
58350000	218
58355000	219
58360000	220
58365000	221
58370000	222
58375000	223
58380000	224
58385000	225
58390000	226
58395000	227
58400000	228
58405000	229
58410000	230
58415000	231
58420000	232
58425000	233
58430000	234
58435000	235
58440000	236
58445000	237
58450000	238
58455000	239
58460000	240
58465000	241
58470000	242
58475000	243
58480000	244
58485000	245
58490000	246
58495000	247
58500000	248
58505000	249
58510000	250
58515000	251
58520000	252
58525000	253
58530000	254
58535000	255
58540000	256
58545000	257
58550000	258
58555000	259
58560000	260
58565000	261
58570000	262
58575000	263
58580000	264
58590000	265
58595000	266
58600000	267
58605000	268
58610000	269
58615000	270
58620000	271
58625000	272
58630000	273
58635000	274
58640000	275
58645000	276
58650000	277
58655000	278
58660000	279
58665000	280
58670000	281
58675000	282
58680000	283
58685000	284
58690000	285
58695000	286
58700000	287
58705000	288
58710000	289
58715000	290
58720000	291
58725000	292
58730000	293
58735000	294
58740000	295
58745000	296
58750000	297
58755000	298
58760000	299
58765000	300
58770000	301
58775000	302
61880000	303
61890000	304
61895000	305
61900000	306
61905000	307
61910000	308
61915000	309
61920000	310
61925000	311
61930000	312
61935000	313
61940000	314
61945000	315
61950000	316
61955000	317
61960000	318
61965000	319
61970000	320
61975000	321
61980000	322
61985000	323
61990000	324
61995000	325
62000000	326
62005000	327
62010000	328
62015000	329
62020000	330
62025000	331
62030000	332
62035000	333
62040000	334
62045000	335
62050000	336
62055000	337
62060000	338
62065000	339
62070000	340
62075000	341
62080000	342
62085000	343
62090000	344
62095000	345
62100000	346
62105000	347
62110000	348
62115000	349
62175000	350
62180000	351
62185000	352
62190000	353
62195000	354
62200000	355
62205000	356
62210000	357
62215000	358
62220000	359
62225000	360
62230000	361
62235000	362
62240000	363
62245000	364
62250000	365
62255000	366
62260000	367
62265000	368
62270000	369
62275000	370
62280000	371
62285000	372
62290000	373
62295000	374
62300000	375
62305000	376
62310000	377
62315000	378
62320000	379
62325000	380
62330000	381
62335000	382
62340000	383
62345000	384
62350000	385
62355000	386
62360000	387
62365000	388
62370000	389
62375000	390
62380000	391
62385000	392
62390000	393
62395000	394
62400000	395
62405000	396
62410000	397
62415000	398
62420000	399
62425000	400
62430000	401
62435000	402
62440000	403
62445000	404
62450000	405
62455000	406
62460000	407
62465000	408
62470000	409
62475000	410
62480000	411
62485000	412
62490000	413
62495000	414
62500000	415
62505000	416
62510000	417
62515000	418
62520000	419
62525000	420
62530000	421
62535000	422
62540000	423
62545000	424
62550000	425
62555000	426
62560000	427
62565000	428
62570000	429
62575000	430
62580000	431
62585000	432
62590000	433
62595000	434
62600000	435
62605000	436
62610000	437
62615000	438
62620000	439
62625000	440
62630000	441
62635000	442
62640000	443
62645000	444
62650000	445
62655000	446
62660000	447
62665000	448
62670000	449
62675000	450
62680000	451
62685000	452
62690000	453
62695000	454
62700000	455
62705000	456
62710000	457
62715000	458
62720000	459
62725000	460
62730000	461
62735000	462
62740000	463
62745000	464
62750000	465
62755000	466
62760000	467
62765000	468
62770000	469
62775000	470
62780000	471
62785000	472
62790000	473
62795000	474
62800000	475
62805000	476
62810000	477
62815000	478
62820000	479
62825000	480
62830000	481
62835000	482
62840000	483
62845000	484
62850000	485
62855000	486
62860000	487
62865000	488
62870000	489
62875000	490
62880000	491
62885000	492
62890000	493
62895000	494
62900000	495
62905000	496
62910000	497
62915000	498
62920000	499
62925000	500
62930000	501
62935000	502
62940000	503
62945000	504
62950000	505
62955000	506
62960000	507
62965000	508
62970000	509
62975000	510
62980000	511
62985000	512
62990000	513
62995000	514
63000000	515
63005000	516
63010000	517
63015000	518
63020000	519
63025000	520
63030000	521
63035000	522
63040000	523
63045000	524
63050000	525
63055000	526
63060000	527
63065000	528
63070000	529
63075000	530
63080000	531
63085000	532
63090000	533
63095000	534
63100000	535
63105000	536
63110000	537
63115000	538
63120000	539
63125000	540
63130000	541
63135000	542
63140000	543
63145000	544
63150000	545
63155000	546
63160000	547
63165000	548
63170000	549
63175000	550
63180000	551
63185000	552
63190000	553
63195000	554
63200000	555
63205000	556
63210000	557
63215000	558
63220000	559
63225000	560
63230000	561
63235000	562
63240000	563
63245000	564
63250000	565
63255000	566
63260000	567
63265000	568
63270000	569
63275000	570
63280000	571
63285000	572
63290000	573
63295000	574
63300000	575
63305000	576
63310000	577
63315000	578
63320000	579
63325000	580
63330000	581
63335000	582
63340000	583
63345000	584
63350000	585
63355000	586
63360000	587
63365000	588
63370000	589
63375000	590
63380000	591
63385000	592
63390000	593
63395000	594
63400000	595
63405000	596
63410000	597
63415000	598
63420000	599
63425000	600
63430000	601
63435000	602
63440000	603
63445000	604
63450000	605
63455000	606
63460000	607
63465000	608
63470000	609
63475000	610
63480000	611
63485000	612
63490000	613
63495000	614
63500000	615
63505000	616
63510000	617
63515000	618
63520000	619
63525000	620
63530000	621
63535000	622
63540000	623
63545000	624
63550000	625
63555000	626
63560000	627
63565000	628
63570000	629
63580000	630
63585000	631
63590000	632
63595000	633
