30430000	0
30435000	1
30440000	2
30445000	3
30450000	4
30455000	5
30460000	6
30465000	7
30470000	8
30475000	9
30480000	10
30485000	11
30490000	12
30495000	13
30500000	14
30505000	15
30510000	16
30515000	17
30520000	18
30525000	19
30530000	20
30535000	21
30540000	22
30545000	23
30550000	24
30555000	25
30560000	26
30565000	27
30570000	28
30575000	29
30580000	30
30585000	31
30590000	32
30595000	33
30600000	34
30605000	35
30610000	36
30615000	37
30620000	38
30625000	39
30630000	40
30635000	41
30640000	42
30645000	43
30650000	44
30655000	45
30660000	46
30665000	47
30670000	48
30675000	49
30680000	50
30685000	51
30690000	52
30695000	53
30700000	54
30705000	55
30710000	56
30715000	57
30720000	58
30725000	59
30730000	60
30735000	61
30740000	62
30745000	63
30750000	64
30755000	65
30760000	66
30765000	67
30770000	68
30775000	69
30780000	70
30785000	71
30790000	72
30795000	73
30800000	74
30805000	75
30810000	76
30815000	77
30820000	78
30825000	79
30830000	80
30835000	81
30840000	82
30845000	83
30850000	84
30855000	85
30860000	86
30865000	87
30870000	88
30875000	89
30880000	90
30885000	91
30890000	92
30895000	93
30900000	94
30905000	95
30910000	96
30915000	97
30920000	98
30925000	99
30930000	100
30935000	101
30940000	102
30945000	103
30950000	104
30955000	105
30960000	106
30965000	107
30970000	108
30975000	109
30980000	110
30985000	111
30990000	112
30995000	113
31000000	114
31005000	115
31010000	116
31015000	117
31020000	118
31025000	119
31030000	120
31035000	121
31040000	122
31045000	123
31050000	124
31055000	125
31060000	126
31065000	127
31070000	128
31075000	129
31080000	130
31085000	131
31090000	132
31095000	133
31100000	134
31105000	135
31110000	136
31115000	137
31120000	138
31125000	139
31130000	140
31135000	141
31140000	142
31145000	143
31150000	144
31155000	145
31160000	146
31165000	147
31170000	148
31175000	149
31180000	150
31185000	151
31190000	152
31195000	153
31200000	154
31205000	155
31210000	156
31215000	157
31220000	158
31225000	159
31230000	160
31235000	161
31240000	162
31245000	163
31250000	164
31255000	165
31260000	166
31265000	167
31270000	168
31275000	169
31280000	170
31285000	171
31290000	172
31295000	173
31300000	174
31305000	175
31310000	176
31315000	177
31320000	178
31325000	179
31330000	180
31335000	181
31340000	182
31345000	183
31350000	184
31355000	185
31360000	186
31365000	187
31370000	188
31375000	189
31380000	190
31385000	191
31390000	192
31395000	193
31400000	194
31405000	195
31410000	196
31415000	197
31420000	198
31425000	199
31430000	200
31435000	201
31440000	202
31445000	203
31450000	204
31455000	205
31460000	206
31465000	207
31470000	208
31475000	209
31480000	210
31485000	211
31490000	212
31495000	213
31500000	214
31505000	215
31510000	216
31515000	217
31520000	218
31525000	219
31530000	220
31535000	221
31540000	222
31545000	223
31550000	224
31555000	225
31560000	226
31565000	227
31570000	228
31575000	229
31580000	230
31585000	231
31590000	232
31595000	233
31600000	234
31605000	235
31610000	236
31615000	237
31620000	238
31625000	239
31630000	240
31635000	241
31640000	242
31645000	243
31650000	244
31655000	245
31660000	246
31665000	247
31670000	248
31675000	249
31680000	250
31685000	251
31690000	252
31695000	253
31700000	254
31705000	255
31710000	256
31715000	257
31720000	258
31725000	259
31730000	260
31735000	261
31740000	262
31745000	263
31750000	264
31755000	265
31760000	266
31765000	267
31770000	268
31775000	269
31780000	270
31785000	271
31790000	272
31795000	273
31800000	274
31805000	275
31810000	276
31815000	277
31820000	278
31825000	279
31830000	280
31835000	281
31840000	282
31845000	283
31850000	284
31855000	285
31860000	286
31865000	287
31870000	288
31875000	289
31880000	290
31885000	291
31890000	292
31895000	293
31900000	294
31905000	295
31910000	296
31915000	297
31920000	298
31925000	299
31930000	300
31935000	301
