112890000	0
112895000	1
112900000	2
112905000	3
112910000	4
112915000	5
112920000	6
112925000	7
112930000	8
112935000	9
112940000	10
112945000	11
112950000	12
112955000	13
112960000	14
112965000	15
112970000	16
112975000	17
112980000	18
112985000	19
112990000	20
112995000	21
113000000	22
113005000	23
113010000	24
113015000	25
113020000	26
113025000	27
113030000	28
113035000	29
113040000	30
113045000	31
113050000	32
113055000	33
113060000	34
113065000	35
113070000	36
113075000	37
113080000	38
113085000	39
113090000	40
113095000	41
113100000	42
113105000	43
113110000	44
113115000	45
113120000	46
113125000	47
113130000	48
113135000	49
113140000	50
113145000	51
113150000	52
113155000	53
113160000	54
113165000	55
113170000	56
113175000	57
113180000	58
113185000	59
113190000	60
113195000	61
113200000	62
113205000	63
113210000	64
113215000	65
113220000	66
113225000	67
113230000	68
113235000	69
113240000	70
113245000	71
113250000	72
113255000	73
