128180000	0
128185000	1
128190000	2
128195000	3
128200000	4
128205000	5
128210000	6
128215000	7
128220000	8
128225000	9
128230000	10
128235000	11
128240000	12
128245000	13
128250000	14
128255000	15
128260000	16
128265000	17
128270000	18
128275000	19
128280000	20
128285000	21
128290000	22
128295000	23
128300000	24
128305000	25
128310000	26
128315000	27
128320000	28
128325000	29
128330000	30
128335000	31
128340000	32
128345000	33
128350000	34
128355000	35
128360000	36
128365000	37
128370000	38
128375000	39
128380000	40
128385000	41
128390000	42
128395000	43
128400000	44
128405000	45
128410000	46
128415000	47
128420000	48
128425000	49
128430000	50
128435000	51
128440000	52
128445000	53
128450000	54
128455000	55
128460000	56
128465000	57
128470000	58
128475000	59
128480000	60
128485000	61
128490000	62
128495000	63
128500000	64
128505000	65
128510000	66
128515000	67
128520000	68
128525000	69
128530000	70
128535000	71
128540000	72
128545000	73
128550000	74
128555000	75
128560000	76
128565000	77
128570000	78
128575000	79
128580000	80
128585000	81
128590000	82
128595000	83
128600000	84
128605000	85
128610000	86
128615000	87
128620000	88
128625000	89
128630000	90
128635000	91
128640000	92
128645000	93
128650000	94
128655000	95
128660000	96
128665000	97
128670000	98
128675000	99
128680000	100
128685000	101
128690000	102
128695000	103
128700000	104
128705000	105
128710000	106
128715000	107
128720000	108
128725000	109
128730000	110
128735000	111
128740000	112
128745000	113
128750000	114
128755000	115
128760000	116
128765000	117
128770000	118
128775000	119
128780000	120
128785000	121
128790000	122
128795000	123
128800000	124
128805000	125
128810000	126
128815000	127
128820000	128
128825000	129
128830000	130
128835000	131
128840000	132
128845000	133
128850000	134
128855000	135
128860000	136
128865000	137
128870000	138
128875000	139
128880000	140
128885000	141
128890000	142
128895000	143
128900000	144
128905000	145
128910000	146
128915000	147
128920000	148
128925000	149
128930000	150
128935000	151
128940000	152
128945000	153
128950000	154
128955000	155
128960000	156
128965000	157
128970000	158
128975000	159
128980000	160
128985000	161
128990000	162
128995000	163
129000000	164
129005000	165
129010000	166
129015000	167
129020000	168
129025000	169
129030000	170
129035000	171
129040000	172
129045000	173
129050000	174
129055000	175
129060000	176
129065000	177
129070000	178
129075000	179
129080000	180
129085000	181
129090000	182
129095000	183
129100000	184
129105000	185
129110000	186
129115000	187
129120000	188
129125000	189
129130000	190
129135000	191
129140000	192
129145000	193
129150000	194
129155000	195
129160000	196
129165000	197
129170000	198
129175000	199
129180000	200
129185000	201
129190000	202
129195000	203
129200000	204
129205000	205
129210000	206
129215000	207
129220000	208
129225000	209
129230000	210
129235000	211
129240000	212
129245000	213
129250000	214
129255000	215
129260000	216
129265000	217
129270000	218
129275000	219
129280000	220
129285000	221
129290000	222
129295000	223
129300000	224
129305000	225
129310000	226
129315000	227
129320000	228
129325000	229
129330000	230
129335000	231
129340000	232
129345000	233
129350000	234
