114180000	0
114185000	1
114190000	2
114195000	3
114200000	4
114205000	5
114210000	6
114215000	7
114220000	8
114225000	9
114230000	10
114235000	11
114240000	12
114245000	13
114250000	14
114255000	15
114260000	16
114265000	17
114270000	18
114275000	19
114280000	20
114285000	21
114290000	22
114295000	23
114300000	24
114305000	25
114310000	26
114315000	27
114320000	28
114325000	29
114330000	30
114335000	31
114340000	32
114345000	33
114350000	34
114355000	35
114360000	36
114365000	37
114370000	38
114375000	39
114380000	40
114385000	41
114390000	42
114395000	43
114400000	44
114405000	45
114410000	46
114415000	47
114420000	48
114425000	49
114430000	50
114435000	51
114440000	52
114445000	53
114450000	54
114455000	55
114460000	56
114465000	57
114470000	58
114475000	59
114480000	60
114485000	61
114490000	62
114495000	63
114500000	64
114505000	65
114510000	66
114515000	67
