243926000	0
243927000	1
243928000	2
243929000	3
243930000	4
243931000	5
243932000	6
243933000	7
243934000	8
243935000	9
243936000	10
243937000	11
243938000	12
243939000	13
243940000	14
243941000	15
243942000	16
243943000	17
243944000	18
243945000	19
243946000	20
243947000	21
243948000	22
243949000	23
243950000	24
243951000	25
243952000	26
243953000	27
243954000	28
243955000	29
243956000	30
243957000	31
243958000	32
243959000	33
243960000	34
243961000	35
243962000	36
243963000	37
243964000	38
243965000	39
243966000	40
243967000	41
243968000	42
243969000	43
243970000	44
243971000	45
243972000	46
243973000	47
243974000	48
243975000	49
243976000	50
243977000	51
243978000	52
243979000	53
243980000	54
243981000	55
243982000	56
243983000	57
243984000	58
243985000	59
243986000	60
243987000	61
243988000	62
243989000	63
243990000	64
243991000	65
243992000	66
243993000	67
243994000	68
243995000	69
243996000	70
243997000	71
243998000	72
243999000	73
244000000	74
244001000	75
244002000	76
244003000	77
244004000	78
244005000	79
244006000	80
244007000	81
244008000	82
244009000	83
244010000	84
244011000	85
244012000	86
244013000	87
244014000	88
244015000	89
244016000	90
244017000	91
244018000	92
244019000	93
