8990000	0
8995000	1
9000000	2
9005000	3
9010000	4
9015000	5
9020000	6
9025000	7
9030000	8
9035000	9
9040000	10
9045000	11
9050000	12
9055000	13
9060000	14
9065000	15
9070000	16
9075000	17
9080000	18
9085000	19
9090000	20
9095000	21
9100000	22
9105000	23
9110000	24
9115000	25
9120000	26
9125000	27
9130000	28
9135000	29
9140000	30
9145000	31
9150000	32
9155000	33
9160000	34
9165000	35
9170000	36
9175000	37
9180000	38
9185000	39
9190000	40
9195000	41
9200000	42
9205000	43
9210000	44
9215000	45
9220000	46
9225000	47
9230000	48
9235000	49
9240000	50
9245000	51
9250000	52
9255000	53
9260000	54
9265000	55
9270000	56
9275000	57
9280000	58
9285000	59
9290000	60
9295000	61
9300000	62
9305000	63
9310000	64
9315000	65
9320000	66
9325000	67
9330000	68
9335000	69
9340000	70
9345000	71
9350000	72
9355000	73
9360000	74
9365000	75
9370000	76
9375000	77
9380000	78
9385000	79
9390000	80
9395000	81
9400000	82
9405000	83
9410000	84
9415000	85
9420000	86
9425000	87
9430000	88
9435000	89
9440000	90
9445000	91
9450000	92
9455000	93
9460000	94
9465000	95
9470000	96
9475000	97
9480000	98
9485000	99
9490000	100
9495000	101
9500000	102
9505000	103
9510000	104
9515000	105
9520000	106
9525000	107
9530000	108
9535000	109
9540000	110
9545000	111
9550000	112
9555000	113
9560000	114
9565000	115
9570000	116
9575000	117
9580000	118
9585000	119
9590000	120
9595000	121
9600000	122
9605000	123
9610000	124
9615000	125
9620000	126
9625000	127
9630000	128
9635000	129
9640000	130
9645000	131
9650000	132
9655000	133
9660000	134
9665000	135
9670000	136
9675000	137
9680000	138
9685000	139
9690000	140
9695000	141
9700000	142
9705000	143
9710000	144
9715000	145
9720000	146
9725000	147
9730000	148
9735000	149
9740000	150
9745000	151
9750000	152
9755000	153
9760000	154
9765000	155
9770000	156
9775000	157
