173870000	0
173875000	1
173880000	2
173885000	3
173890000	4
173895000	5
173900000	6
173905000	7
173910000	8
173915000	9
173920000	10
173925000	11
173930000	12
173935000	13
173940000	14
173945000	15
173950000	16
173955000	17
173960000	18
173965000	19
173970000	20
173975000	21
173980000	22
173985000	23
173990000	24
173995000	25
174000000	26
174005000	27
174010000	28
174015000	29
174020000	30
174025000	31
174030000	32
174035000	33
174040000	34
174045000	35
174050000	36
174055000	37
174060000	38
174065000	39
174070000	40
174075000	41
174080000	42
174085000	43
174090000	44
174095000	45
174100000	46
174105000	47
174110000	48
174115000	49
174120000	50
174125000	51
174130000	52
174135000	53
174140000	54
174145000	55
174150000	56
174155000	57
174160000	58
174165000	59
174170000	60
174175000	61
174180000	62
174185000	63
174190000	64
174195000	65
174200000	66
174205000	67
174210000	68
174215000	69
174220000	70
174225000	71
174230000	72
174235000	73
174240000	74
174245000	75
174250000	76
174255000	77
