81905000	0
81910000	1
81915000	2
81920000	3
81925000	4
81930000	5
81935000	6
81940000	7
81945000	8
81950000	9
81955000	10
81960000	11
81965000	12
81970000	13
81975000	14
81980000	15
81985000	16
81990000	17
81995000	18
82000000	19
82005000	20
82010000	21
82015000	22
82020000	23
82025000	24
82030000	25
82035000	26
82040000	27
82045000	28
82050000	29
82055000	30
82060000	31
82065000	32
82070000	33
82075000	34
82080000	35
82085000	36
82090000	37
82095000	38
82100000	39
82105000	40
82110000	41
82115000	42
82120000	43
82125000	44
82130000	45
82135000	46
82140000	47
82145000	48
82150000	49
82155000	50
82160000	51
