45555000	0
45560000	1
45565000	2
45570000	3
45575000	4
45580000	5
45585000	6
45590000	7
45595000	8
45600000	9
45605000	10
45610000	11
45615000	12
45620000	13
45625000	14
45630000	15
45635000	16
45640000	17
45645000	18
45650000	19
45655000	20
45660000	21
45665000	22
45670000	23
45675000	24
45680000	25
45685000	26
45690000	27
45695000	28
45700000	29
45705000	30
45710000	31
45715000	32
45720000	33
45725000	34
45730000	35
45735000	36
45740000	37
45745000	38
45750000	39
45755000	40
45760000	41
45765000	42
45770000	43
45775000	44
45780000	45
45785000	46
45790000	47
45795000	48
45800000	49
45805000	50
45810000	51
45815000	52
45820000	53
45825000	54
45830000	55
45835000	56
45840000	57
45845000	58
45850000	59
45855000	60
45860000	61
45865000	62
45870000	63
45875000	64
45880000	65
45885000	66
45890000	67
45895000	68
45900000	69
45905000	70
45910000	71
45915000	72
45920000	73
45925000	74
45930000	75
45935000	76
45940000	77
45945000	78
45950000	79
45955000	80
45960000	81
45965000	82
45970000	83
45975000	84
45980000	85
45985000	86
45990000	87
45995000	88
46000000	89
46005000	90
46010000	91
46015000	92
46020000	93
46025000	94
46030000	95
46035000	96
