41785000	0
41790000	1
41795000	2
41800000	3
41805000	4
41810000	5
41815000	6
41820000	7
41825000	8
41830000	9
41835000	10
41840000	11
41845000	12
41850000	13
41855000	14
41860000	15
41865000	16
41870000	17
41875000	18
41880000	19
41885000	20
41890000	21
41895000	22
41900000	23
41905000	24
41910000	25
41915000	26
41920000	27
41925000	28
41930000	29
41935000	30
41940000	31
41945000	32
41950000	33
41955000	34
41960000	35
41965000	36
41970000	37
41975000	38
41980000	39
41985000	40
41990000	41
41995000	42
42000000	43
42005000	44
42010000	45
42015000	46
42020000	47
42025000	48
42030000	49
42035000	50
42040000	51
42045000	52
42050000	53
42055000	54
42060000	55
42065000	56
42070000	57
42075000	58
42080000	59
42085000	60
42090000	61
42095000	62
42100000	63
42105000	64
42110000	65
42115000	66
42120000	67
42125000	68
42130000	69
42135000	70
42140000	71
42145000	72
42150000	73
42155000	74
42160000	75
42165000	76
42170000	77
42175000	78
42180000	79
42185000	80
42190000	81
42195000	82
42200000	83
42205000	84
42210000	85
42215000	86
42220000	87
42225000	88
42230000	89
42235000	90
42240000	91
42245000	92
42250000	93
42255000	94
42260000	95
42265000	96
42270000	97
42275000	98
42280000	99
42285000	100
42290000	101
42295000	102
42300000	103
42305000	104
42310000	105
42315000	106
42320000	107
42325000	108
42330000	109
42335000	110
42340000	111
