28195000	0
28200000	1
28205000	2
28210000	3
28215000	4
28255000	5
28260000	6
28265000	7
28270000	8
28275000	9
28280000	10
28285000	11
28290000	12
28295000	13
28300000	14
28305000	15
28310000	16
28315000	17
28320000	18
28325000	19
28330000	20
28335000	21
28340000	22
28345000	23
28350000	24
28355000	25
28360000	26
28365000	27
28370000	28
28375000	29
28380000	30
28385000	31
28390000	32
28395000	33
28400000	34
28405000	35
28410000	36
28415000	37
28420000	38
28425000	39
28430000	40
28435000	41
28440000	42
28445000	43
28450000	44
28455000	45
28460000	46
28465000	47
28470000	48
28475000	49
28480000	50
28485000	51
28490000	52
28495000	53
28500000	54
28505000	55
28510000	56
28515000	57
28520000	58
28525000	59
28530000	60
28535000	61
28540000	62
28545000	63
28550000	64
28555000	65
28560000	66
28565000	67
28570000	68
28575000	69
28580000	70
28585000	71
28590000	72
28595000	73
28600000	74
28605000	75
28610000	76
28615000	77
28620000	78
28625000	79
28630000	80
28635000	81
28640000	82
28645000	83
28650000	84
28655000	85
28660000	86
28665000	87
28670000	88
28675000	89
28680000	90
28685000	91
28690000	92
28695000	93
28700000	94
28705000	95
28710000	96
28715000	97
28720000	98
28725000	99
28730000	100
28735000	101
28740000	102
28745000	103
28750000	104
28755000	105
28760000	106
28765000	107
28770000	108
28775000	109
28780000	110
28785000	111
28790000	112
28795000	113
28800000	114
28805000	115
28810000	116
28815000	117
28820000	118
28825000	119
28830000	120
28835000	121
28840000	122
28845000	123
28850000	124
28855000	125
28860000	126
28865000	127
28870000	128
28875000	129
28880000	130
28885000	131
28890000	132
28895000	133
28900000	134
28905000	135
28910000	136
28915000	137
28920000	138
28925000	139
28930000	140
28935000	141
28940000	142
28945000	143
28950000	144
28955000	145
28960000	146
28965000	147
28970000	148
28975000	149
28980000	150
28985000	151
