46955000	0
46960000	1
46965000	2
46970000	3
46975000	4
46980000	5
46985000	6
46990000	7
46995000	8
47000000	9
47005000	10
47010000	11
47015000	12
47020000	13
47025000	14
47030000	15
47035000	16
47040000	17
47045000	18
47050000	19
47055000	20
47060000	21
47065000	22
47070000	23
47075000	24
47080000	25
47085000	26
47090000	27
47095000	28
47100000	29
47105000	30
47110000	31
47115000	32
47120000	33
47125000	34
47130000	35
47135000	36
47140000	37
47145000	38
47150000	39
47155000	40
47160000	41
47165000	42
47170000	43
47175000	44
47180000	45
47185000	46
47190000	47
47195000	48
47200000	49
47205000	50
47210000	51
47215000	52
47220000	53
47225000	54
47230000	55
47235000	56
47240000	57
47245000	58
47250000	59
47255000	60
47260000	61
47265000	62
47270000	63
47275000	64
47280000	65
47285000	66
47290000	67
47295000	68
47300000	69
47305000	70
47310000	71
47315000	72
47320000	73
47325000	74
47330000	75
47335000	76
47340000	77
47345000	78
47350000	79
47355000	80
47360000	81
47365000	82
47370000	83
47375000	84
47380000	85
47385000	86
47390000	87
47395000	88
47400000	89
47405000	90
47410000	91
47415000	92
47420000	93
47425000	94
47430000	95
47435000	96
47440000	97
47445000	98
47450000	99
47455000	100
47460000	101
47465000	102
47470000	103
47475000	104
47480000	105
47485000	106
47490000	107
47495000	108
47500000	109
47505000	110
47510000	111
47515000	112
47520000	113
47525000	114
47530000	115
47535000	116
47540000	117
47545000	118
47550000	119
47555000	120
47560000	121
47565000	122
47570000	123
47575000	124
47580000	125
47585000	126
47590000	127
47595000	128
47600000	129
47605000	130
47610000	131
47615000	132
47620000	133
47625000	134
47630000	135
47635000	136
47640000	137
47645000	138
47650000	139
47655000	140
47660000	141
47665000	142
47670000	143
47675000	144
47680000	145
47685000	146
47690000	147
47695000	148
47700000	149
47705000	150
47710000	151
47715000	152
47720000	153
47725000	154
47730000	155
47735000	156
47740000	157
47745000	158
47750000	159
47755000	160
47760000	161
47765000	162
47770000	163
47775000	164
47780000	165
47785000	166
47790000	167
47795000	168
47800000	169
47805000	170
47810000	171
47815000	172
47820000	173
47825000	174
47830000	175
47835000	176
47840000	177
47845000	178
47850000	179
47855000	180
47860000	181
47865000	182
47870000	183
47875000	184
47880000	185
47885000	186
47890000	187
47895000	188
47900000	189
47905000	190
47910000	191
47915000	192
47920000	193
47925000	194
47930000	195
47935000	196
47940000	197
47945000	198
47950000	199
47955000	200
47960000	201
47965000	202
47970000	203
47975000	204
47980000	205
47985000	206
47990000	207
47995000	208
48000000	209
48005000	210
48010000	211
48015000	212
48020000	213
48025000	214
48030000	215
48035000	216
48040000	217
48045000	218
48050000	219
48055000	220
48060000	221
48065000	222
48070000	223
48075000	224
48080000	225
48085000	226
48090000	227
48095000	228
48100000	229
48105000	230
48110000	231
48115000	232
48120000	233
48125000	234
48130000	235
48135000	236
48140000	237
48145000	238
48150000	239
48155000	240
48160000	241
48165000	242
48170000	243
48175000	244
48180000	245
48185000	246
48190000	247
48195000	248
48200000	249
48205000	250
48210000	251
48215000	252
48220000	253
48225000	254
