8450000	0
8451000	1
8452000	2
8453000	3
8454000	4
8455000	5
8456000	6
8457000	7
8458000	8
8459000	9
8460000	10
8461000	11
8462000	12
8463000	13
8464000	14
8465000	15
8466000	16
8467000	17
8468000	18
8469000	19
8470000	20
8471000	21
8472000	22
8473000	23
8474000	24
8475000	25
8476000	26
8477000	27
8478000	28
8479000	29
8480000	30
8481000	31
8482000	32
8483000	33
8484000	34
8485000	35
8486000	36
8487000	37
8488000	38
8489000	39
8490000	40
8491000	41
8492000	42
8493000	43
8494000	44
8495000	45
8496000	46
8497000	47
8498000	48
8499000	49
8500000	50
8501000	51
8502000	52
8503000	53
8504000	54
8505000	55
8506000	56
8507000	57
8508000	58
8509000	59
8510000	60
8511000	61
8512000	62
8513000	63
8514000	64
8515000	65
8516000	66
8517000	67
8518000	68
8519000	69
8520000	70
8521000	71
8522000	72
8523000	73
8524000	74
8525000	75
8526000	76
8527000	77
8528000	78
8529000	79
8530000	80
8531000	81
8532000	82
8533000	83
8534000	84
8535000	85
8536000	86
8537000	87
8538000	88
8539000	89
8540000	90
8541000	91
8542000	92
8543000	93
8544000	94
8545000	95
8546000	96
8547000	97
8548000	98
8549000	99
8550000	100
8551000	101
8552000	102
8553000	103
8554000	104
8555000	105
8556000	106
8557000	107
8558000	108
8559000	109
8560000	110
8561000	111
8562000	112
8563000	113
8564000	114
8565000	115
8566000	116
8567000	117
8568000	118
8569000	119
8570000	120
8571000	121
8572000	122
8573000	123
8574000	124
8575000	125
8576000	126
8577000	127
8578000	128
8579000	129
8580000	130
8581000	131
8582000	132
8583000	133
8584000	134
8585000	135
8586000	136
8587000	137
8588000	138
8589000	139
8590000	140
8591000	141
8592000	142
8593000	143
8594000	144
8595000	145
8596000	146
8597000	147
8598000	148
8599000	149
8600000	150
8601000	151
8602000	152
8603000	153
8604000	154
8605000	155
8606000	156
8607000	157
8608000	158
8609000	159
8610000	160
8611000	161
8612000	162
8613000	163
8614000	164
8615000	165
8616000	166
8617000	167
8618000	168
8619000	169
8620000	170
8621000	171
8622000	172
8623000	173
8624000	174
8625000	175
8626000	176
8627000	177
8628000	178
8629000	179
8630000	180
8631000	181
8632000	182
8633000	183
8634000	184
8635000	185
8636000	186
8637000	187
8638000	188
8639000	189
8640000	190
8641000	191
8642000	192
8643000	193
8644000	194
8645000	195
8646000	196
8647000	197
8648000	198
8649000	199
8650000	200
8651000	201
8652000	202
8653000	203
8654000	204
8655000	205
8656000	206
8657000	207
8658000	208
8659000	209
8660000	210
8661000	211
8662000	212
8663000	213
8664000	214
8665000	215
8666000	216
8667000	217
8668000	218
8669000	219
8670000	220
8671000	221
8672000	222
8673000	223
8674000	224
8675000	225
8676000	226
8677000	227
8678000	228
8679000	229
8680000	230
8681000	231
8682000	232
8683000	233
8684000	234
8685000	235
8686000	236
8687000	237
8688000	238
8689000	239
8690000	240
8691000	241
8692000	242
8693000	243
8694000	244
8695000	245
8696000	246
8697000	247
8698000	248
8699000	249
8700000	250
8701000	251
8702000	252
8703000	253
8704000	254
8705000	255
8706000	256
8707000	257
8708000	258
8709000	259
8710000	260
8711000	261
8712000	262
8713000	263
8714000	264
8715000	265
8716000	266
8717000	267
8718000	268
8719000	269
8720000	270
8721000	271
8722000	272
8723000	273
8724000	274
8725000	275
8726000	276
8727000	277
8728000	278
8729000	279
8730000	280
8731000	281
8732000	282
8733000	283
8734000	284
8735000	285
8736000	286
8737000	287
8738000	288
8739000	289
8740000	290
8741000	291
8742000	292
8743000	293
8744000	294
8745000	295
8746000	296
8747000	297
8748000	298
8749000	299
8750000	300
8751000	301
8752000	302
8753000	303
8754000	304
8755000	305
8756000	306
8757000	307
8758000	308
8759000	309
8760000	310
8761000	311
8762000	312
8763000	313
8764000	314
8765000	315
8766000	316
8767000	317
8768000	318
8769000	319
8770000	320
8771000	321
8772000	322
8773000	323
8774000	324
8775000	325
8776000	326
8777000	327
8778000	328
8779000	329
8780000	330
8781000	331
8782000	332
8783000	333
8784000	334
8785000	335
8786000	336
8787000	337
8788000	338
8789000	339
8790000	340
8791000	341
8792000	342
8793000	343
8794000	344
8795000	345
8796000	346
8797000	347
8798000	348
8799000	349
8800000	350
8801000	351
8802000	352
8803000	353
8804000	354
8805000	355
8806000	356
8807000	357
8808000	358
8809000	359
8810000	360
8811000	361
8812000	362
8813000	363
8814000	364
8815000	365
8816000	366
8817000	367
8818000	368
8819000	369
8820000	370
8821000	371
8822000	372
8823000	373
8824000	374
8825000	375
8826000	376
8827000	377
8828000	378
8829000	379
8830000	380
8831000	381
8832000	382
8833000	383
8834000	384
8835000	385
8836000	386
8837000	387
8838000	388
8839000	389
8840000	390
8841000	391
8842000	392
8843000	393
8844000	394
8845000	395
8846000	396
8847000	397
8848000	398
8849000	399
8850000	400
8851000	401
8852000	402
8853000	403
8854000	404
8855000	405
8856000	406
8857000	407
8858000	408
8859000	409
8860000	410
8861000	411
8862000	412
8863000	413
8864000	414
8865000	415
8866000	416
8867000	417
8868000	418
8869000	419
8870000	420
8871000	421
8872000	422
8873000	423
8874000	424
8875000	425
8876000	426
8877000	427
8878000	428
8879000	429
8880000	430
8881000	431
8882000	432
8883000	433
8884000	434
8885000	435
8886000	436
8887000	437
8888000	438
8889000	439
8890000	440
8891000	441
8892000	442
8893000	443
8894000	444
8895000	445
8896000	446
8897000	447
8898000	448
8899000	449
8900000	450
8901000	451
8902000	452
8903000	453
8904000	454
8905000	455
8906000	456
8907000	457
8908000	458
8909000	459
8910000	460
8911000	461
8912000	462
8913000	463
8914000	464
8915000	465
8916000	466
8917000	467
8918000	468
8919000	469
8920000	470
8921000	471
8922000	472
8923000	473
8924000	474
8925000	475
