95790000	0
95795000	1
95800000	2
95805000	3
95810000	4
95815000	5
95820000	6
95825000	7
95830000	8
95835000	9
95840000	10
95845000	11
95850000	12
95855000	13
95860000	14
95865000	15
95870000	16
95875000	17
95880000	18
95885000	19
95890000	20
95895000	21
95900000	22
95905000	23
95910000	24
95915000	25
95920000	26
95925000	27
95930000	28
95935000	29
95940000	30
95945000	31
95950000	32
95955000	33
95960000	34
95965000	35
95970000	36
95975000	37
95980000	38
95985000	39
95990000	40
95995000	41
96000000	42
96005000	43
96010000	44
96015000	45
96020000	46
96025000	47
96030000	48
96035000	49
96040000	50
96045000	51
96050000	52
96055000	53
96060000	54
96065000	55
96070000	56
96075000	57
96080000	58
96085000	59
96090000	60
96095000	61
96145000	62
96150000	63
96155000	64
96160000	65
96165000	66
96170000	67
96175000	68
96180000	69
96185000	70
96190000	71
96195000	72
96200000	73
96205000	74
96210000	75
96215000	76
96220000	77
96225000	78
96230000	79
96235000	80
96240000	81
96245000	82
96250000	83
96255000	84
96260000	85
96305000	86
96310000	87
96315000	88
96320000	89
96325000	90
96330000	91
96335000	92
96340000	93
96345000	94
96350000	95
96355000	96
96360000	97
96365000	98
96370000	99
96375000	100
96380000	101
96385000	102
96390000	103
96395000	104
96400000	105
96405000	106
96410000	107
96415000	108
96420000	109
96425000	110
96430000	111
96435000	112
96460000	113
96465000	114
96470000	115
96475000	116
96480000	117
96485000	118
96490000	119
96495000	120
96500000	121
96505000	122
96510000	123
96515000	124
96520000	125
96525000	126
96530000	127
96535000	128
96540000	129
96545000	130
96550000	131
96555000	132
96560000	133
96575000	134
96580000	135
96585000	136
96590000	137
96595000	138
96600000	139
96605000	140
96610000	141
96615000	142
96620000	143
96625000	144
96630000	145
96635000	146
96640000	147
96645000	148
96650000	149
96655000	150
96660000	151
96665000	152
96670000	153
96675000	154
96680000	155
96685000	156
96690000	157
96710000	158
96715000	159
96725000	160
96730000	161
96735000	162
96740000	163
96745000	164
96750000	165
96755000	166
96760000	167
96765000	168
96770000	169
96775000	170
96780000	171
96785000	172
