37880000	0
37885000	1
37890000	2
37895000	3
37900000	4
37905000	5
37910000	6
37915000	7
37920000	8
37925000	9
37930000	10
37935000	11
37940000	12
37945000	13
37950000	14
37955000	15
37960000	16
37965000	17
37970000	18
37975000	19
37980000	20
37985000	21
37990000	22
37995000	23
38000000	24
38005000	25
38010000	26
38015000	27
38020000	28
38025000	29
38030000	30
38035000	31
38040000	32
38045000	33
38050000	34
38055000	35
38060000	36
38065000	37
38070000	38
38075000	39
38080000	40
38085000	41
38090000	42
38095000	43
38100000	44
38105000	45
38110000	46
38115000	47
38120000	48
38125000	49
38130000	50
38135000	51
38140000	52
38145000	53
38150000	54
38155000	55
38160000	56
38165000	57
38170000	58
38175000	59
38180000	60
38185000	61
38190000	62
38195000	63
38200000	64
38205000	65
38210000	66
38215000	67
38220000	68
38225000	69
38230000	70
38235000	71
38240000	72
38245000	73
38250000	74
38255000	75
38260000	76
38265000	77
38270000	78
38275000	79
38280000	80
38285000	81
38290000	82
38295000	83
38300000	84
38305000	85
38310000	86
38315000	87
38320000	88
38325000	89
38330000	90
38335000	91
38340000	92
38345000	93
38350000	94
38355000	95
38360000	96
38365000	97
38370000	98
38375000	99
38380000	100
38385000	101
38390000	102
38395000	103
38400000	104
38405000	105
38410000	106
38415000	107
38420000	108
38425000	109
38430000	110
38435000	111
38440000	112
38445000	113
38450000	114
38455000	115
38460000	116
38465000	117
38470000	118
38475000	119
38480000	120
38485000	121
38490000	122
38495000	123
38500000	124
38505000	125
38510000	126
