26905000	0
26910000	1
26915000	2
26920000	3
26925000	4
26930000	5
26935000	6
26940000	7
26945000	8
26950000	9
26955000	10
26960000	11
26965000	12
26970000	13
26975000	14
26980000	15
26985000	16
26990000	17
26995000	18
27000000	19
27005000	20
27010000	21
27015000	22
27020000	23
27025000	24
27030000	25
27035000	26
27040000	27
27045000	28
27050000	29
27055000	30
27060000	31
27065000	32
27070000	33
27075000	34
27080000	35
27085000	36
27090000	37
27095000	38
27100000	39
27105000	40
27110000	41
27115000	42
27120000	43
27125000	44
27130000	45
27135000	46
27140000	47
27145000	48
27150000	49
27155000	50
27160000	51
27165000	52
27170000	53
27175000	54
27180000	55
27185000	56
27190000	57
27195000	58
27200000	59
27205000	60
27210000	61
27215000	62
27220000	63
27225000	64
27230000	65
27235000	66
27240000	67
27245000	68
27250000	69
27255000	70
27260000	71
27265000	72
27270000	73
27275000	74
27280000	75
27285000	76
27290000	77
27295000	78
27300000	79
27305000	80
27310000	81
27315000	82
27320000	83
27325000	84
27330000	85
27335000	86
27340000	87
27345000	88
27350000	89
27355000	90
27360000	91
27365000	92
27370000	93
27375000	94
27380000	95
27385000	96
27390000	97
27395000	98
27400000	99
27405000	100
27410000	101
27415000	102
27420000	103
27425000	104
27430000	105
27435000	106
27440000	107
27445000	108
27450000	109
