59820000	0
59825000	1
59830000	2
59835000	3
59840000	4
59845000	5
59850000	6
59855000	7
59860000	8
59865000	9
59870000	10
59875000	11
59880000	12
59885000	13
59890000	14
59895000	15
59900000	16
59905000	17
59910000	18
59915000	19
59920000	20
59925000	21
59930000	22
59935000	23
59940000	24
59945000	25
59950000	26
59955000	27
59960000	28
59965000	29
59970000	30
59975000	31
59980000	32
59985000	33
59990000	34
59995000	35
60000000	36
60005000	37
60010000	38
60015000	39
60020000	40
60025000	41
60030000	42
60035000	43
60040000	44
60045000	45
60050000	46
60055000	47
60060000	48
60065000	49
60070000	50
60075000	51
60080000	52
60085000	53
60090000	54
60095000	55
60100000	56
60105000	57
60110000	58
60115000	59
60120000	60
60125000	61
60130000	62
60135000	63
60140000	64
60145000	65
60150000	66
60155000	67
60160000	68
60165000	69
60170000	70
60175000	71
60180000	72
60185000	73
60190000	74
60195000	75
60200000	76
60205000	77
60210000	78
60215000	79
60220000	80
60225000	81
60230000	82
60235000	83
60240000	84
60245000	85
60250000	86
60255000	87
60260000	88
60265000	89
60270000	90
60275000	91
60280000	92
60285000	93
60290000	94
60295000	95
60300000	96
60305000	97
60310000	98
60315000	99
60320000	100
60325000	101
60330000	102
60335000	103
60340000	104
60345000	105
60350000	106
60355000	107
60360000	108
60365000	109
60370000	110
60375000	111
60380000	112
60385000	113
60390000	114
60395000	115
60400000	116
60405000	117
60410000	118
60415000	119
60420000	120
60425000	121
60430000	122
60435000	123
60440000	124
60445000	125
60450000	126
60455000	127
60460000	128
60465000	129
60470000	130
60475000	131
60480000	132
60485000	133
60490000	134
60495000	135
60500000	136
60505000	137
60510000	138
60515000	139
60520000	140
60525000	141
60530000	142
60535000	143
60540000	144
60545000	145
60550000	146
60555000	147
60560000	148
60565000	149
60570000	150
60575000	151
60580000	152
60585000	153
60590000	154
60595000	155
60600000	156
60605000	157
60610000	158
60615000	159
60620000	160
60625000	161
60630000	162
60635000	163
60640000	164
