11190000	0
11195000	1
11200000	2
11205000	3
11210000	4
11215000	5
11220000	6
11225000	7
11230000	8
11235000	9
11240000	10
11245000	11
11250000	12
11255000	13
11260000	14
11265000	15
11270000	16
11275000	17
11280000	18
11285000	19
11290000	20
11295000	21
11300000	22
11305000	23
11310000	24
11315000	25
11320000	26
11325000	27
11330000	28
11335000	29
11340000	30
11345000	31
11350000	32
11355000	33
11360000	34
11365000	35
11370000	36
11375000	37
11380000	38
11385000	39
11390000	40
11395000	41
11400000	42
11405000	43
11410000	44
11415000	45
11420000	46
11425000	47
11430000	48
11435000	49
11440000	50
11445000	51
11450000	52
11455000	53
11460000	54
11465000	55
11470000	56
11475000	57
11480000	58
11485000	59
11490000	60
11495000	61
11500000	62
11505000	63
11510000	64
11515000	65
11520000	66
11525000	67
11530000	68
11535000	69
11540000	70
11545000	71
11550000	72
11555000	73
11560000	74
11565000	75
11570000	76
11575000	77
11580000	78
11585000	79
11590000	80
11595000	81
11600000	82
11605000	83
11610000	84
11615000	85
11620000	86
11625000	87
11630000	88
11635000	89
11640000	90
11645000	91
11650000	92
11655000	93
11660000	94
11665000	95
11670000	96
11675000	97
11680000	98
11685000	99
11690000	100
11695000	101
11700000	102
11705000	103
11710000	104
11715000	105
11720000	106
11725000	107
11730000	108
11735000	109
11740000	110
11745000	111
11750000	112
11755000	113
11760000	114
11765000	115
11770000	116
11775000	117
11780000	118
11785000	119
11790000	120
11795000	121
11800000	122
11805000	123
11810000	124
11815000	125
11820000	126
11825000	127
11830000	128
11835000	129
11840000	130
11845000	131
11850000	132
11855000	133
11860000	134
11865000	135
11870000	136
11875000	137
11880000	138
11885000	139
11890000	140
11895000	141
11900000	142
11905000	143
11910000	144
11915000	145
11920000	146
11925000	147
11930000	148
11935000	149
11940000	150
11945000	151
11950000	152
11955000	153
11960000	154
11965000	155
11970000	156
11975000	157
11980000	158
11985000	159
11990000	160
11995000	161
12000000	162
12005000	163
12010000	164
12015000	165
12020000	166
12025000	167
12030000	168
12035000	169
12040000	170
12045000	171
12050000	172
12055000	173
