108800000	0
108805000	1
108810000	2
108815000	3
108820000	4
108825000	5
108830000	6
108835000	7
108840000	8
108845000	9
108850000	10
108855000	11
108860000	12
108865000	13
108870000	14
108875000	15
108880000	16
108885000	17
108890000	18
108895000	19
108900000	20
108905000	21
108910000	22
108915000	23
108920000	24
108925000	25
108930000	26
108935000	27
108940000	28
108945000	29
108950000	30
108955000	31
108960000	32
108965000	33
108970000	34
108975000	35
108980000	36
108985000	37
108990000	38
108995000	39
109000000	40
109005000	41
109010000	42
109015000	43
109020000	44
109025000	45
109030000	46
109035000	47
109040000	48
109045000	49
109050000	50
109055000	51
109060000	52
109065000	53
109070000	54
109075000	55
109080000	56
109085000	57
109090000	58
109095000	59
109100000	60
109105000	61
109110000	62
109115000	63
109120000	64
109125000	65
109130000	66
109135000	67
109140000	68
109145000	69
109150000	70
109155000	71
109160000	72
109165000	73
109170000	74
109175000	75
109180000	76
109185000	77
109190000	78
109195000	79
109200000	80
109205000	81
109210000	82
109215000	83
109220000	84
109225000	85
109230000	86
109235000	87
109240000	88
109245000	89
109250000	90
109255000	91
109260000	92
109265000	93
109270000	94
109275000	95
109280000	96
109285000	97
109290000	98
109295000	99
109300000	100
109305000	101
109310000	102
109315000	103
109320000	104
109325000	105
109330000	106
109335000	107
109340000	108
109345000	109
109350000	110
109355000	111
109360000	112
109365000	113
109370000	114
109375000	115
109380000	116
109385000	117
109390000	118
109395000	119
109400000	120
109405000	121
109410000	122
109415000	123
109420000	124
109425000	125
109430000	126
109435000	127
109440000	128
109445000	129
109450000	130
109455000	131
109460000	132
109465000	133
109470000	134
109475000	135
109480000	136
109485000	137
109490000	138
109495000	139
109500000	140
109505000	141
109510000	142
109515000	143
109520000	144
109525000	145
109530000	146
109535000	147
109540000	148
109545000	149
109550000	150
109555000	151
109560000	152
109565000	153
109570000	154
109575000	155
109580000	156
109585000	157
109590000	158
109595000	159
109600000	160
109605000	161
109610000	162
109615000	163
109620000	164
109625000	165
109630000	166
109635000	167
109640000	168
109645000	169
109650000	170
109655000	171
109660000	172
109665000	173
109670000	174
109675000	175
109680000	176
109685000	177
109690000	178
109695000	179
109700000	180
109705000	181
109710000	182
109715000	183
109720000	184
109725000	185
109730000	186
109735000	187
109740000	188
109745000	189
109750000	190
109755000	191
109760000	192
109765000	193
109770000	194
109775000	195
109780000	196
109785000	197
109790000	198
109795000	199
109800000	200
109805000	201
109810000	202
109815000	203
109820000	204
109825000	205
109830000	206
109835000	207
109840000	208
109845000	209
109850000	210
109855000	211
109860000	212
109865000	213
109870000	214
109875000	215
109880000	216
109885000	217
109890000	218
109895000	219
109900000	220
109905000	221
109910000	222
109915000	223
109920000	224
109925000	225
109930000	226
109935000	227
109940000	228
109945000	229
109950000	230
109955000	231
109960000	232
109965000	233
109970000	234
109975000	235
109980000	236
109985000	237
109990000	238
109995000	239
110000000	240
110005000	241
110010000	242
110015000	243
110020000	244
110025000	245
110030000	246
110035000	247
110040000	248
110045000	249
110050000	250
110055000	251
110060000	252
