32450000	0
32455000	1
32460000	2
32465000	3
32470000	4
32475000	5
32480000	6
32485000	7
32490000	8
32495000	9
32500000	10
32505000	11
32510000	12
32515000	13
32520000	14
32525000	15
32530000	16
32535000	17
32540000	18
32545000	19
32550000	20
32555000	21
32560000	22
32565000	23
32570000	24
32575000	25
32580000	26
32585000	27
32590000	28
32595000	29
32600000	30
32605000	31
32610000	32
32615000	33
32620000	34
32625000	35
32630000	36
32635000	37
32640000	38
32645000	39
32650000	40
32655000	41
32660000	42
32665000	43
32670000	44
32675000	45
32680000	46
32685000	47
32690000	48
32695000	49
32700000	50
32705000	51
32710000	52
32715000	53
32720000	54
32725000	55
32730000	56
32735000	57
32740000	58
32745000	59
32750000	60
32755000	61
32760000	62
32765000	63
32770000	64
32775000	65
32780000	66
32785000	67
32790000	68
32795000	69
32800000	70
32805000	71
32810000	72
32815000	73
32820000	74
32825000	75
32830000	76
32835000	77
32840000	78
32845000	79
32850000	80
32855000	81
32860000	82
32865000	83
32870000	84
32875000	85
32880000	86
32885000	87
