51425000	0
51430000	1
51435000	2
51440000	3
51445000	4
51450000	5
51455000	6
51460000	7
51465000	8
51470000	9
51475000	10
51480000	11
51485000	12
51490000	13
51495000	14
51500000	15
51505000	16
51510000	17
51515000	18
51520000	19
51525000	20
51530000	21
51535000	22
51540000	23
51545000	24
51550000	25
51555000	26
51560000	27
51565000	28
51570000	29
51575000	30
51580000	31
51585000	32
51590000	33
51595000	34
51600000	35
51605000	36
51610000	37
51615000	38
51620000	39
51625000	40
51630000	41
51635000	42
51640000	43
51645000	44
51650000	45
51655000	46
51660000	47
51665000	48
51670000	49
51675000	50
51680000	51
51685000	52
51690000	53
51695000	54
51700000	55
51705000	56
51710000	57
51715000	58
51720000	59
51725000	60
51730000	61
51735000	62
51740000	63
51745000	64
51750000	65
51755000	66
51760000	67
51765000	68
51770000	69
51775000	70
51780000	71
51785000	72
51790000	73
51795000	74
51800000	75
51805000	76
51810000	77
51815000	78
51820000	79
51825000	80
51830000	81
51835000	82
51840000	83
51845000	84
51850000	85
51855000	86
51860000	87
51865000	88
51870000	89
51875000	90
51880000	91
51885000	92
51890000	93
51895000	94
51900000	95
51905000	96
51910000	97
51915000	98
51920000	99
51925000	100
51930000	101
51935000	102
51940000	103
51945000	104
51950000	105
51955000	106
51960000	107
51965000	108
51970000	109
51975000	110
51980000	111
51985000	112
51990000	113
51995000	114
52000000	115
52005000	116
52010000	117
52015000	118
52020000	119
52025000	120
52030000	121
52035000	122
52040000	123
52045000	124
52050000	125
52055000	126
52060000	127
52065000	128
52070000	129
52075000	130
52080000	131
52085000	132
52090000	133
52095000	134
52100000	135
52105000	136
52110000	137
52115000	138
52120000	139
52125000	140
52130000	141
52135000	142
52140000	143
52145000	144
52150000	145
52155000	146
52160000	147
52165000	148
52170000	149
52175000	150
52180000	151
52185000	152
52190000	153
52195000	154
52200000	155
52205000	156
52210000	157
52215000	158
52220000	159
52225000	160
52230000	161
52235000	162
52240000	163
52245000	164
52250000	165
52255000	166
52260000	167
52265000	168
52270000	169
52275000	170
52280000	171
52285000	172
52290000	173
52295000	174
52300000	175
52305000	176
52310000	177
52315000	178
52320000	179
52325000	180
52330000	181
52335000	182
52340000	183
52345000	184
52350000	185
52355000	186
52360000	187
52365000	188
52370000	189
52375000	190
52380000	191
52385000	192
52390000	193
52395000	194
52400000	195
52405000	196
52410000	197
52415000	198
52420000	199
52425000	200
52430000	201
52435000	202
52440000	203
52445000	204
52450000	205
52455000	206
52460000	207
52465000	208
52470000	209
52475000	210
52480000	211
52485000	212
52490000	213
52495000	214
52500000	215
52505000	216
52510000	217
52515000	218
52520000	219
52525000	220
52530000	221
52535000	222
52540000	223
52545000	224
52550000	225
52555000	226
52560000	227
52565000	228
52570000	229
52575000	230
52580000	231
52585000	232
52590000	233
52595000	234
52600000	235
52605000	236
52610000	237
52615000	238
52620000	239
52625000	240
52630000	241
52635000	242
52640000	243
52645000	244
52650000	245
52655000	246
52660000	247
52665000	248
52670000	249
52675000	250
52680000	251
52685000	252
52690000	253
52695000	254
52700000	255
52705000	256
52710000	257
52715000	258
52720000	259
52725000	260
52730000	261
52735000	262
52740000	263
52745000	264
52750000	265
52755000	266
52760000	267
52765000	268
52770000	269
52775000	270
52780000	271
52785000	272
52790000	273
52795000	274
52800000	275
52805000	276
52810000	277
52815000	278
52820000	279
52825000	280
52830000	281
52835000	282
52840000	283
52845000	284
52850000	285
52855000	286
52860000	287
52865000	288
52870000	289
52875000	290
52880000	291
52885000	292
52890000	293
52895000	294
52900000	295
52905000	296
52910000	297
52915000	298
52920000	299
52925000	300
52930000	301
52935000	302
52940000	303
52945000	304
52950000	305
52955000	306
52960000	307
52965000	308
52970000	309
52975000	310
52980000	311
52985000	312
52990000	313
52995000	314
53000000	315
53005000	316
53010000	317
53015000	318
53020000	319
53025000	320
53030000	321
53035000	322
53040000	323
53045000	324
53050000	325
53055000	326
53060000	327
53065000	328
53070000	329
53075000	330
53080000	331
53085000	332
53090000	333
53095000	334
53100000	335
53105000	336
53110000	337
53115000	338
53120000	339
53125000	340
53130000	341
53135000	342
53140000	343
53145000	344
53150000	345
53155000	346
53160000	347
53165000	348
53170000	349
53175000	350
53180000	351
53185000	352
53190000	353
53195000	354
53200000	355
53205000	356
53210000	357
53215000	358
53220000	359
53225000	360
53230000	361
53235000	362
53240000	363
53245000	364
53250000	365
53255000	366
53260000	367
53265000	368
53270000	369
53275000	370
53280000	371
53285000	372
53290000	373
