44365000	0
44370000	1
44375000	2
44380000	3
44385000	4
44390000	5
44395000	6
44400000	7
44405000	8
44410000	9
44415000	10
44420000	11
44425000	12
44430000	13
44435000	14
44440000	15
44445000	16
44450000	17
44455000	18
44460000	19
44465000	20
44470000	21
44475000	22
44480000	23
44485000	24
44490000	25
44495000	26
44500000	27
44505000	28
44510000	29
44515000	30
44520000	31
44525000	32
44530000	33
44535000	34
44540000	35
44545000	36
44550000	37
44555000	38
44560000	39
44565000	40
44570000	41
44575000	42
44580000	43
44585000	44
44590000	45
44595000	46
44600000	47
44605000	48
44610000	49
44615000	50
44620000	51
44625000	52
44630000	53
44635000	54
44640000	55
44645000	56
44650000	57
44655000	58
44660000	59
44665000	60
44670000	61
44675000	62
44680000	63
44685000	64
44690000	65
44695000	66
44700000	67
44705000	68
44710000	69
44715000	70
44720000	71
44725000	72
44730000	73
44735000	74
44740000	75
44745000	76
44750000	77
44755000	78
44760000	79
44765000	80
44770000	81
44775000	82
44780000	83
44785000	84
44790000	85
44795000	86
44800000	87
44805000	88
44810000	89
44815000	90
44820000	91
44825000	92
44830000	93
44835000	94
44840000	95
44845000	96
44850000	97
44855000	98
44860000	99
44865000	100
44870000	101
44875000	102
44880000	103
44885000	104
44890000	105
44895000	106
44900000	107
44905000	108
44910000	109
44915000	110
44920000	111
44925000	112
44930000	113
44935000	114
44940000	115
44945000	116
44950000	117
44955000	118
