44740000	0
44745000	1
44750000	2
44755000	3
44760000	4
44765000	5
44770000	6
44775000	7
44780000	8
44785000	9
44790000	10
44795000	11
44800000	12
44805000	13
44810000	14
44815000	15
44820000	16
44825000	17
44830000	18
44835000	19
44840000	20
44845000	21
44850000	22
44855000	23
44860000	24
44865000	25
44870000	26
44875000	27
44880000	28
44885000	29
44890000	30
44895000	31
44900000	32
44905000	33
44910000	34
44915000	35
44920000	36
44925000	37
44930000	38
44935000	39
44940000	40
44945000	41
44950000	42
44955000	43
44960000	44
44965000	45
44970000	46
44975000	47
44980000	48
44985000	49
44990000	50
44995000	51
45000000	52
45005000	53
45010000	54
45015000	55
45020000	56
45025000	57
45030000	58
45035000	59
45040000	60
45045000	61
45050000	62
45055000	63
45060000	64
45065000	65
45070000	66
45075000	67
45080000	68
45085000	69
45090000	70
45095000	71
45100000	72
45105000	73
45110000	74
45115000	75
45120000	76
45125000	77
45130000	78
45135000	79
