114505000	0
114510000	1
114515000	2
114520000	3
114525000	4
114530000	5
114535000	6
114540000	7
114545000	8
114550000	9
114555000	10
114560000	11
114565000	12
114570000	13
114575000	14
114580000	15
114585000	16
114590000	17
114595000	18
114600000	19
114605000	20
114610000	21
114615000	22
114620000	23
114625000	24
114630000	25
114635000	26
114640000	27
114645000	28
114650000	29
114655000	30
114660000	31
114665000	32
114670000	33
114675000	34
114680000	35
114685000	36
114690000	37
114695000	38
114700000	39
114705000	40
114710000	41
114715000	42
114720000	43
114725000	44
114730000	45
114735000	46
114740000	47
114745000	48
114750000	49
114755000	50
114760000	51
114765000	52
114770000	53
114775000	54
114780000	55
114785000	56
114790000	57
114795000	58
114800000	59
114805000	60
114810000	61
114815000	62
114820000	63
114825000	64
114830000	65
114835000	66
114840000	67
114845000	68
114850000	69
114855000	70
114860000	71
114865000	72
114870000	73
114875000	74
114880000	75
114885000	76
114890000	77
114895000	78
114900000	79
114905000	80
114910000	81
114915000	82
114920000	83
114925000	84
114930000	85
114935000	86
114940000	87
114945000	88
114950000	89
114955000	90
114960000	91
114965000	92
114970000	93
114975000	94
114980000	95
114985000	96
114990000	97
114995000	98
115000000	99
115005000	100
115010000	101
115015000	102
115020000	103
115025000	104
115030000	105
115035000	106
115040000	107
115045000	108
115050000	109
115055000	110
115060000	111
115065000	112
115070000	113
115075000	114
115080000	115
115085000	116
115090000	117
115095000	118
115100000	119
115105000	120
115110000	121
115115000	122
115120000	123
115125000	124
115130000	125
115135000	126
115140000	127
115145000	128
115150000	129
115155000	130
115160000	131
115165000	132
115170000	133
115175000	134
115180000	135
115185000	136
115190000	137
115195000	138
115200000	139
115205000	140
115210000	141
115215000	142
115220000	143
115225000	144
115230000	145
115235000	146
115240000	147
115245000	148
115250000	149
115255000	150
115260000	151
115265000	152
115270000	153
115275000	154
115280000	155
115285000	156
115290000	157
115295000	158
115300000	159
115305000	160
115310000	161
115315000	162
115320000	163
115325000	164
115330000	165
115335000	166
115340000	167
115345000	168
115350000	169
115355000	170
115360000	171
115365000	172
115370000	173
115375000	174
115380000	175
115385000	176
115390000	177
115395000	178
115400000	179
115405000	180
115410000	181
115415000	182
115420000	183
115425000	184
115430000	185
115435000	186
115440000	187
115445000	188
115450000	189
115455000	190
115460000	191
115465000	192
115470000	193
115475000	194
115480000	195
115485000	196
115490000	197
115495000	198
115500000	199
115505000	200
115510000	201
115515000	202
115520000	203
115525000	204
115530000	205
115535000	206
115540000	207
115545000	208
115550000	209
115555000	210
115560000	211
115565000	212
115570000	213
115575000	214
115580000	215
115585000	216
115590000	217
115595000	218
115600000	219
115605000	220
115610000	221
115615000	222
115620000	223
115625000	224
115630000	225
115635000	226
115640000	227
115645000	228
115650000	229
115655000	230
115660000	231
115665000	232
115670000	233
115675000	234
115680000	235
115685000	236
115690000	237
115695000	238
115700000	239
115705000	240
115710000	241
115715000	242
115720000	243
115725000	244
115730000	245
115735000	246
115740000	247
115745000	248
115750000	249
115755000	250
115760000	251
115765000	252
115770000	253
115775000	254
115780000	255
115785000	256
115790000	257
115795000	258
115800000	259
115805000	260
115810000	261
115815000	262
115820000	263
115825000	264
115830000	265
115835000	266
115840000	267
115845000	268
115850000	269
115855000	270
115860000	271
115865000	272
115870000	273
115875000	274
115880000	275
115885000	276
115890000	277
115895000	278
115900000	279
115905000	280
115910000	281
115915000	282
115920000	283
115925000	284
115930000	285
115935000	286
115940000	287
115945000	288
115950000	289
115955000	290
115960000	291
115965000	292
115970000	293
115975000	294
115980000	295
115985000	296
115990000	297
115995000	298
116000000	299
116005000	300
116010000	301
116015000	302
116020000	303
116025000	304
116030000	305
116035000	306
116040000	307
116045000	308
116050000	309
116055000	310
116060000	311
116065000	312
116070000	313
116075000	314
116080000	315
116085000	316
116090000	317
116095000	318
116100000	319
116105000	320
116110000	321
116115000	322
116120000	323
116125000	324
116130000	325
116135000	326
116140000	327
116145000	328
116150000	329
116155000	330
116160000	331
116165000	332
116170000	333
116175000	334
116180000	335
116185000	336
116190000	337
116195000	338
116200000	339
116205000	340
116210000	341
116215000	342
116220000	343
116225000	344
116230000	345
116235000	346
116240000	347
116245000	348
116250000	349
116255000	350
116260000	351
116265000	352
116270000	353
116275000	354
116280000	355
116285000	356
116290000	357
116295000	358
116300000	359
116305000	360
116310000	361
116315000	362
116320000	363
116325000	364
116330000	365
116335000	366
116340000	367
116345000	368
116350000	369
116355000	370
116360000	371
116365000	372
116370000	373
116375000	374
116380000	375
116385000	376
116390000	377
116395000	378
116400000	379
116405000	380
116410000	381
116415000	382
116420000	383
116425000	384
116430000	385
116435000	386
116440000	387
116445000	388
116450000	389
116455000	390
116460000	391
116465000	392
116470000	393
116475000	394
116480000	395
116485000	396
116490000	397
116495000	398
116500000	399
116505000	400
116510000	401
116515000	402
116520000	403
116525000	404
116530000	405
116535000	406
116540000	407
116545000	408
116550000	409
116555000	410
116560000	411
116565000	412
116570000	413
116575000	414
116580000	415
116585000	416
116590000	417
116595000	418
116600000	419
116605000	420
116610000	421
116615000	422
116620000	423
116625000	424
116630000	425
116635000	426
116640000	427
116645000	428
116650000	429
116655000	430
116660000	431
116665000	432
116670000	433
116675000	434
116680000	435
116685000	436
116690000	437
116695000	438
116700000	439
116705000	440
116710000	441
116715000	442
116720000	443
116725000	444
116730000	445
116735000	446
116740000	447
116745000	448
116750000	449
116755000	450
116760000	451
116765000	452
116770000	453
116775000	454
116780000	455
116785000	456
116790000	457
116795000	458
116800000	459
116805000	460
116810000	461
116815000	462
116820000	463
116825000	464
116830000	465
116835000	466
116840000	467
116845000	468
116850000	469
116855000	470
116860000	471
116865000	472
116870000	473
116875000	474
116880000	475
116885000	476
116890000	477
116895000	478
116900000	479
116905000	480
116910000	481
116915000	482
116920000	483
116925000	484
116930000	485
116935000	486
116940000	487
116945000	488
116950000	489
116955000	490
116960000	491
116965000	492
116970000	493
116975000	494
116980000	495
116985000	496
116990000	497
116995000	498
117000000	499
117005000	500
117010000	501
117015000	502
117020000	503
117025000	504
117030000	505
117035000	506
117040000	507
117045000	508
117050000	509
117055000	510
117060000	511
117065000	512
117070000	513
117075000	514
117080000	515
117085000	516
117090000	517
117095000	518
117100000	519
117105000	520
117110000	521
117115000	522
117120000	523
117125000	524
117130000	525
117135000	526
117140000	527
117145000	528
117150000	529
117155000	530
117160000	531
117165000	532
117170000	533
117175000	534
117180000	535
117185000	536
117190000	537
117195000	538
117200000	539
117205000	540
117210000	541
117215000	542
117220000	543
117225000	544
117230000	545
117235000	546
117240000	547
117245000	548
117250000	549
117255000	550
117260000	551
117265000	552
117270000	553
117275000	554
117280000	555
117285000	556
117290000	557
117295000	558
117300000	559
117305000	560
117310000	561
117315000	562
117320000	563
117325000	564
117330000	565
117335000	566
117340000	567
117345000	568
117350000	569
117355000	570
117360000	571
117365000	572
117370000	573
117375000	574
117380000	575
117385000	576
117390000	577
117395000	578
117400000	579
117405000	580
117410000	581
117415000	582
117420000	583
117425000	584
117430000	585
117435000	586
117440000	587
117445000	588
117450000	589
117455000	590
117460000	591
117465000	592
117470000	593
117475000	594
117480000	595
117485000	596
117490000	597
117495000	598
117500000	599
117505000	600
117510000	601
117515000	602
117520000	603
117525000	604
117530000	605
117535000	606
117540000	607
117545000	608
117550000	609
117555000	610
117560000	611
117565000	612
117570000	613
117575000	614
117580000	615
117585000	616
117590000	617
117595000	618
117600000	619
117605000	620
117610000	621
117615000	622
117620000	623
117625000	624
117630000	625
117635000	626
117640000	627
117645000	628
117650000	629
117655000	630
117660000	631
117665000	632
117670000	633
117675000	634
117680000	635
117685000	636
117690000	637
117695000	638
117700000	639
117705000	640
117710000	641
117715000	642
117720000	643
117725000	644
117730000	645
117735000	646
117740000	647
117745000	648
117750000	649
117755000	650
117760000	651
117765000	652
117770000	653
117775000	654
117780000	655
117785000	656
117790000	657
117795000	658
117800000	659
117805000	660
117810000	661
117815000	662
117820000	663
117825000	664
117830000	665
117835000	666
117840000	667
117845000	668
117850000	669
117855000	670
117860000	671
117865000	672
117870000	673
117875000	674
117880000	675
117885000	676
117890000	677
117895000	678
117900000	679
117905000	680
117910000	681
117915000	682
117920000	683
117925000	684
117930000	685
117935000	686
117940000	687
117945000	688
117950000	689
117955000	690
117960000	691
117965000	692
117970000	693
117975000	694
117980000	695
117985000	696
117990000	697
117995000	698
118000000	699
118005000	700
118010000	701
118015000	702
118020000	703
118025000	704
118030000	705
118035000	706
118040000	707
118045000	708
118050000	709
118055000	710
118060000	711
118065000	712
118070000	713
118075000	714
118080000	715
118085000	716
118090000	717
118095000	718
118100000	719
118105000	720
118110000	721
118115000	722
118120000	723
118125000	724
118130000	725
118135000	726
118140000	727
118145000	728
118150000	729
118155000	730
118160000	731
118165000	732
118170000	733
118175000	734
118180000	735
118185000	736
