210840000	0
210845000	1
210850000	2
210855000	3
210860000	4
210865000	5
210870000	6
210875000	7
210880000	8
210885000	9
210890000	10
210895000	11
210900000	12
210905000	13
210910000	14
210915000	15
210920000	16
210925000	17
210930000	18
210935000	19
210940000	20
210945000	21
210950000	22
210955000	23
210960000	24
210965000	25
210970000	26
210975000	27
210980000	28
210985000	29
210990000	30
210995000	31
211000000	32
211005000	33
211010000	34
211015000	35
211020000	36
211025000	37
211030000	38
211035000	39
211040000	40
211045000	41
211050000	42
211055000	43
211060000	44
211065000	45
211070000	46
211075000	47
211080000	48
211085000	49
211090000	50
211095000	51
