101931000	0
101932000	1
101933000	2
101934000	3
101935000	4
101936000	5
101937000	6
101938000	7
101939000	8
101940000	9
101941000	10
101942000	11
101943000	12
101944000	13
101945000	14
101946000	15
101947000	16
101948000	17
101949000	18
101950000	19
101952000	20
101953000	21
101954000	22
101955000	23
101956000	24
101957000	25
101958000	26
101959000	27
101960000	28
101961000	29
101962000	30
101963000	31
101964000	32
101965000	33
101966000	34
101967000	35
101968000	36
101969000	37
101970000	38
101971000	39
101972000	40
101973000	41
101974000	42
101975000	43
101976000	44
101977000	45
101978000	46
101979000	47
101980000	48
101981000	49
101982000	50
101983000	51
101984000	52
101985000	53
101986000	54
101987000	55
101988000	56
101989000	57
101990000	58
101991000	59
101992000	60
101993000	61
101994000	62
101995000	63
101996000	64
101997000	65
101998000	66
101999000	67
102000000	68
102001000	69
102002000	70
102003000	71
102005000	72
102006000	73
102007000	74
102008000	75
102009000	76
102010000	77
102011000	78
102012000	79
102013000	80
102014000	81
102015000	82
102016000	83
102017000	84
102019000	85
102020000	86
102021000	87
102022000	88
102023000	89
102024000	90
102025000	91
102026000	92
102027000	93
102028000	94
102029000	95
102030000	96
102031000	97
102032000	98
102033000	99
102034000	100
102035000	101
102036000	102
102037000	103
102038000	104
102039000	105
102040000	106
102041000	107
102042000	108
102043000	109
102044000	110
102045000	111
102046000	112
102047000	113
102048000	114
102049000	115
102050000	116
102051000	117
102052000	118
102053000	119
102054000	120
102055000	121
102056000	122
102057000	123
102058000	124
102059000	125
102060000	126
102061000	127
102062000	128
102063000	129
102064000	130
102065000	131
102066000	132
102067000	133
102068000	134
102069000	135
102070000	136
102071000	137
102072000	138
102073000	139
102074000	140
102075000	141
102076000	142
102077000	143
102078000	144
102079000	145
102080000	146
102081000	147
102082000	148
102083000	149
102084000	150
102085000	151
102086000	152
102087000	153
102088000	154
102089000	155
102090000	156
102091000	157
102092000	158
102093000	159
102095000	160
102096000	161
102097000	162
102098000	163
102099000	164
102100000	165
102101000	166
102102000	167
102103000	168
102104000	169
102105000	170
102106000	171
102107000	172
102108000	173
102109000	174
102110000	175
102112000	176
102113000	177
102114000	178
102115000	179
102116000	180
102117000	181
102118000	182
102119000	183
102120000	184
102121000	185
102122000	186
102123000	187
102124000	188
102125000	189
102126000	190
102127000	191
102128000	192
102129000	193
102130000	194
102131000	195
102132000	196
102133000	197
102134000	198
102135000	199
102136000	200
102137000	201
102138000	202
102139000	203
102140000	204
102141000	205
102142000	206
102143000	207
102144000	208
102145000	209
102146000	210
102147000	211
102148000	212
102149000	213
102150000	214
102151000	215
102152000	216
102153000	217
102154000	218
102155000	219
102156000	220
102157000	221
102158000	222
102159000	223
102160000	224
102161000	225
102162000	226
102163000	227
102164000	228
102165000	229
102166000	230
102167000	231
102168000	232
102169000	233
102170000	234
102171000	235
102172000	236
102173000	237
102174000	238
102175000	239
102176000	240
102177000	241
102178000	242
102179000	243
102180000	244
102181000	245
102182000	246
102183000	247
102184000	248
102185000	249
102186000	250
102187000	251
102188000	252
102189000	253
102190000	254
102191000	255
102192000	256
102193000	257
102194000	258
102195000	259
102196000	260
102197000	261
102198000	262
102199000	263
102200000	264
102201000	265
102202000	266
102203000	267
102204000	268
102205000	269
102206000	270
102207000	271
102208000	272
102209000	273
102210000	274
102211000	275
102212000	276
102213000	277
102214000	278
102215000	279
102216000	280
102217000	281
102218000	282
102219000	283
102220000	284
102221000	285
102222000	286
102223000	287
102224000	288
102225000	289
102226000	290
102227000	291
102228000	292
102229000	293
102230000	294
102231000	295
102232000	296
102233000	297
102234000	298
102235000	299
102236000	300
102237000	301
102238000	302
102239000	303
102240000	304
102241000	305
102242000	306
102243000	307
102244000	308
102245000	309
102246000	310
102247000	311
102248000	312
102249000	313
102250000	314
102251000	315
102252000	316
102253000	317
102254000	318
102255000	319
102256000	320
102257000	321
102258000	322
102259000	323
102260000	324
102261000	325
102262000	326
102263000	327
102264000	328
102265000	329
102266000	330
102267000	331
102268000	332
102269000	333
102270000	334
102271000	335
102272000	336
102273000	337
102274000	338
102275000	339
102276000	340
102277000	341
102278000	342
102279000	343
102280000	344
102281000	345
102282000	346
102283000	347
102284000	348
102285000	349
102286000	350
102287000	351
102288000	352
102289000	353
102290000	354
102291000	355
102292000	356
102293000	357
102294000	358
102295000	359
102296000	360
102297000	361
102298000	362
102299000	363
102300000	364
102301000	365
102302000	366
102303000	367
102304000	368
102305000	369
102306000	370
102307000	371
102308000	372
102309000	373
102310000	374
102311000	375
102312000	376
102313000	377
102314000	378
102315000	379
102316000	380
102317000	381
102318000	382
102319000	383
102320000	384
102321000	385
102322000	386
102323000	387
102324000	388
102325000	389
102326000	390
102327000	391
102328000	392
102329000	393
102330000	394
102331000	395
102332000	396
102333000	397
102334000	398
102335000	399
102336000	400
102337000	401
102338000	402
102339000	403
102340000	404
102341000	405
102342000	406
102343000	407
102344000	408
102345000	409
102346000	410
102347000	411
102348000	412
102349000	413
102350000	414
102351000	415
102352000	416
102353000	417
102354000	418
102355000	419
102356000	420
102357000	421
102358000	422
102359000	423
102360000	424
102361000	425
102362000	426
102363000	427
102364000	428
102365000	429
102366000	430
102367000	431
102368000	432
102369000	433
102370000	434
102371000	435
102372000	436
102373000	437
102374000	438
102375000	439
102376000	440
102377000	441
102378000	442
102379000	443
102380000	444
102381000	445
102382000	446
102383000	447
102384000	448
102385000	449
102386000	450
102387000	451
102388000	452
102389000	453
102390000	454
102391000	455
102392000	456
102393000	457
102394000	458
102395000	459
102396000	460
102397000	461
102398000	462
102399000	463
102400000	464
102401000	465
102402000	466
102403000	467
102404000	468
102405000	469
102406000	470
102407000	471
102408000	472
102409000	473
102410000	474
102411000	475
102412000	476
102413000	477
102414000	478
102415000	479
102416000	480
102417000	481
102418000	482
102419000	483
102420000	484
102421000	485
102422000	486
102423000	487
102424000	488
102425000	489
102426000	490
102427000	491
102428000	492
102429000	493
102430000	494
102431000	495
102432000	496
102433000	497
102434000	498
102435000	499
102436000	500
102437000	501
102438000	502
102439000	503
102440000	504
102441000	505
102442000	506
102443000	507
102444000	508
102445000	509
102446000	510
102447000	511
102448000	512
102449000	513
102450000	514
102451000	515
102452000	516
102453000	517
102454000	518
102455000	519
102456000	520
102457000	521
102458000	522
102459000	523
102460000	524
102461000	525
102462000	526
102463000	527
102464000	528
102465000	529
102466000	530
102467000	531
102468000	532
102469000	533
102470000	534
102471000	535
102472000	536
102473000	537
102474000	538
102475000	539
102476000	540
102477000	541
102478000	542
102479000	543
102480000	544
102481000	545
102482000	546
102483000	547
102484000	548
102485000	549
102486000	550
102487000	551
102488000	552
102489000	553
102490000	554
102491000	555
102492000	556
102493000	557
102494000	558
102495000	559
102496000	560
102497000	561
102498000	562
102499000	563
102500000	564
102501000	565
102502000	566
102503000	567
102504000	568
102505000	569
102506000	570
102507000	571
102508000	572
102509000	573
102510000	574
102511000	575
102512000	576
102513000	577
102514000	578
102515000	579
102516000	580
102517000	581
102518000	582
102519000	583
102520000	584
102521000	585
102522000	586
102523000	587
102524000	588
102525000	589
102526000	590
102527000	591
102528000	592
102529000	593
102530000	594
102531000	595
102532000	596
102533000	597
102534000	598
102535000	599
102536000	600
102537000	601
102538000	602
102539000	603
102540000	604
102541000	605
102542000	606
102543000	607
102544000	608
102545000	609
102546000	610
102547000	611
102548000	612
102549000	613
102550000	614
102551000	615
102552000	616
102553000	617
102554000	618
102555000	619
102556000	620
102557000	621
102558000	622
102559000	623
102560000	624
102561000	625
102562000	626
102563000	627
102564000	628
102565000	629
102566000	630
102567000	631
102568000	632
102569000	633
102570000	634
102571000	635
102572000	636
102573000	637
102574000	638
102575000	639
102576000	640
102577000	641
102578000	642
102579000	643
102580000	644
102581000	645
102582000	646
102583000	647
102584000	648
102585000	649
102586000	650
102587000	651
102588000	652
102589000	653
102590000	654
102591000	655
102592000	656
102593000	657
102594000	658
102595000	659
102596000	660
102597000	661
102598000	662
102599000	663
102600000	664
102601000	665
102602000	666
102603000	667
102604000	668
102605000	669
102606000	670
102607000	671
102608000	672
102609000	673
102610000	674
102611000	675
102612000	676
102613000	677
102614000	678
102615000	679
102616000	680
102617000	681
102618000	682
102619000	683
102620000	684
102621000	685
102622000	686
102623000	687
102624000	688
102625000	689
102626000	690
102627000	691
102628000	692
102629000	693
102630000	694
102631000	695
102632000	696
102633000	697
102634000	698
102635000	699
102636000	700
102637000	701
102638000	702
102639000	703
102640000	704
102641000	705
102642000	706
102643000	707
102644000	708
102645000	709
102646000	710
102647000	711
102648000	712
102649000	713
102650000	714
102651000	715
102652000	716
102653000	717
102654000	718
102655000	719
102656000	720
102657000	721
102658000	722
102659000	723
102660000	724
102661000	725
102662000	726
102663000	727
102664000	728
102665000	729
102666000	730
102667000	731
102668000	732
102669000	733
102670000	734
102671000	735
102672000	736
102673000	737
102674000	738
102675000	739
102676000	740
102677000	741
102678000	742
102679000	743
102680000	744
102681000	745
102682000	746
102683000	747
102684000	748
102685000	749
102686000	750
102687000	751
102688000	752
102689000	753
102690000	754
102691000	755
102692000	756
102693000	757
102694000	758
102695000	759
102696000	760
102697000	761
102698000	762
102699000	763
102700000	764
102701000	765
102702000	766
102703000	767
102704000	768
102705000	769
102706000	770
102707000	771
102708000	772
102709000	773
102710000	774
102711000	775
102712000	776
102713000	777
102714000	778
102715000	779
102716000	780
102717000	781
102718000	782
102719000	783
102720000	784
102721000	785
102722000	786
102723000	787
102724000	788
102725000	789
102726000	790
102727000	791
102728000	792
102729000	793
102730000	794
102731000	795
102732000	796
102733000	797
102734000	798
102735000	799
102736000	800
102737000	801
102738000	802
102739000	803
102740000	804
102741000	805
102742000	806
102743000	807
102744000	808
102745000	809
102746000	810
102747000	811
102748000	812
102749000	813
102750000	814
102751000	815
102752000	816
102753000	817
102754000	818
102755000	819
102756000	820
102757000	821
102758000	822
102759000	823
102760000	824
102761000	825
102762000	826
102763000	827
102764000	828
102765000	829
102766000	830
102767000	831
102768000	832
102769000	833
102770000	834
102771000	835
102772000	836
102773000	837
102774000	838
102775000	839
102776000	840
102777000	841
102778000	842
102779000	843
102780000	844
102781000	845
102782000	846
102783000	847
102784000	848
102785000	849
102786000	850
102787000	851
102788000	852
102789000	853
102790000	854
102791000	855
102792000	856
102793000	857
102794000	858
102795000	859
102796000	860
102797000	861
102798000	862
102799000	863
102800000	864
102801000	865
102802000	866
102803000	867
102804000	868
102805000	869
102806000	870
102807000	871
102808000	872
102810000	873
102811000	874
102812000	875
102813000	876
102814000	877
102815000	878
102816000	879
102817000	880
102818000	881
102819000	882
102820000	883
102821000	884
102822000	885
102823000	886
102824000	887
102825000	888
102826000	889
102827000	890
102828000	891
102829000	892
102830000	893
102831000	894
102832000	895
102833000	896
102834000	897
102835000	898
102836000	899
102837000	900
102838000	901
102839000	902
102840000	903
102841000	904
102842000	905
102843000	906
102844000	907
102845000	908
102846000	909
102847000	910
102848000	911
102849000	912
102850000	913
102851000	914
102852000	915
102853000	916
102854000	917
102855000	918
102856000	919
102857000	920
102858000	921
102859000	922
102860000	923
102861000	924
102862000	925
102863000	926
102864000	927
102865000	928
102866000	929
102867000	930
102868000	931
102869000	932
102870000	933
102871000	934
102872000	935
102873000	936
102874000	937
102875000	938
102876000	939
102877000	940
102878000	941
102879000	942
102880000	943
102881000	944
102882000	945
102883000	946
102884000	947
102885000	948
102886000	949
102887000	950
102888000	951
102889000	952
102890000	953
102891000	954
102892000	955
102893000	956
102894000	957
102895000	958
102896000	959
102897000	960
102898000	961
102899000	962
102900000	963
102901000	964
102902000	965
102903000	966
102904000	967
102905000	968
102906000	969
102907000	970
102908000	971
102909000	972
102910000	973
102911000	974
102912000	975
102913000	976
102914000	977
102915000	978
102916000	979
102917000	980
102918000	981
102919000	982
102920000	983
102921000	984
102922000	985
102923000	986
102924000	987
102925000	988
102926000	989
102927000	990
102928000	991
102929000	992
102930000	993
102931000	994
102932000	995
102933000	996
102934000	997
102935000	998
102936000	999
102937000	1000
102938000	1001
102939000	1002
102940000	1003
102941000	1004
102942000	1005
102943000	1006
102944000	1007
102945000	1008
102946000	1009
102947000	1010
102948000	1011
102949000	1012
102950000	1013
102951000	1014
102952000	1015
102953000	1016
102954000	1017
102955000	1018
102956000	1019
102957000	1020
102958000	1021
102959000	1022
102960000	1023
102961000	1024
102962000	1025
102963000	1026
102964000	1027
102965000	1028
102966000	1029
102967000	1030
102968000	1031
102969000	1032
102970000	1033
102971000	1034
102972000	1035
102973000	1036
102974000	1037
102975000	1038
102976000	1039
102977000	1040
102978000	1041
102979000	1042
102980000	1043
102981000	1044
102982000	1045
102983000	1046
102984000	1047
102985000	1048
102986000	1049
102987000	1050
102988000	1051
102989000	1052
102990000	1053
102991000	1054
102992000	1055
102993000	1056
102994000	1057
102995000	1058
102996000	1059
102997000	1060
102998000	1061
102999000	1062
103000000	1063
103001000	1064
103002000	1065
103003000	1066
103004000	1067
103005000	1068
103006000	1069
103007000	1070
103008000	1071
103009000	1072
103010000	1073
103011000	1074
103012000	1075
103013000	1076
103014000	1077
103015000	1078
103016000	1079
103017000	1080
103018000	1081
103019000	1082
103020000	1083
103021000	1084
103022000	1085
103023000	1086
103024000	1087
103025000	1088
103026000	1089
103027000	1090
103028000	1091
103029000	1092
103030000	1093
103031000	1094
103032000	1095
103033000	1096
103034000	1097
103035000	1098
103036000	1099
103037000	1100
103038000	1101
103039000	1102
103040000	1103
103041000	1104
103042000	1105
103043000	1106
103044000	1107
103045000	1108
103046000	1109
103047000	1110
103048000	1111
103049000	1112
103050000	1113
103051000	1114
103052000	1115
103053000	1116
103054000	1117
103055000	1118
103056000	1119
103057000	1120
103058000	1121
103059000	1122
103060000	1123
103061000	1124
103062000	1125
103063000	1126
103064000	1127
103065000	1128
103066000	1129
103067000	1130
103068000	1131
103069000	1132
103070000	1133
103071000	1134
103072000	1135
103073000	1136
103074000	1137
103075000	1138
103076000	1139
103077000	1140
103078000	1141
103079000	1142
103080000	1143
103081000	1144
103082000	1145
103083000	1146
103084000	1147
103085000	1148
103086000	1149
103087000	1150
103088000	1151
103089000	1152
103090000	1153
103091000	1154
103092000	1155
103093000	1156
103094000	1157
103095000	1158
103096000	1159
103097000	1160
103098000	1161
103099000	1162
103100000	1163
103101000	1164
103102000	1165
103103000	1166
103104000	1167
103105000	1168
103106000	1169
103107000	1170
103108000	1171
103109000	1172
103110000	1173
103111000	1174
103112000	1175
103113000	1176
103114000	1177
103115000	1178
103116000	1179
103117000	1180
103118000	1181
103119000	1182
103120000	1183
103121000	1184
103122000	1185
103123000	1186
103124000	1187
103125000	1188
103126000	1189
103127000	1190
103128000	1191
103129000	1192
103130000	1193
103131000	1194
103132000	1195
103133000	1196
103134000	1197
103135000	1198
103136000	1199
103137000	1200
103138000	1201
103139000	1202
103140000	1203
103141000	1204
103142000	1205
103143000	1206
103144000	1207
103145000	1208
103146000	1209
103147000	1210
103148000	1211
103149000	1212
103150000	1213
103151000	1214
103152000	1215
103153000	1216
103154000	1217
103155000	1218
103156000	1219
103157000	1220
103158000	1221
103159000	1222
103160000	1223
103161000	1224
103162000	1225
103163000	1226
103164000	1227
103165000	1228
103166000	1229
103167000	1230
103168000	1231
103169000	1232
103170000	1233
103171000	1234
103172000	1235
103173000	1236
103174000	1237
103175000	1238
103176000	1239
103177000	1240
103178000	1241
103179000	1242
103180000	1243
103181000	1244
103182000	1245
103183000	1246
103184000	1247
103185000	1248
103186000	1249
103187000	1250
103188000	1251
103189000	1252
103190000	1253
103191000	1254
103192000	1255
103193000	1256
103194000	1257
103195000	1258
103196000	1259
103197000	1260
103198000	1261
103199000	1262
103200000	1263
103201000	1264
103202000	1265
103203000	1266
103204000	1267
103205000	1268
103206000	1269
103207000	1270
103208000	1271
103209000	1272
103210000	1273
103211000	1274
103212000	1275
103213000	1276
103214000	1277
103215000	1278
103216000	1279
103217000	1280
103218000	1281
103219000	1282
103220000	1283
103221000	1284
103222000	1285
103223000	1286
103224000	1287
103225000	1288
103226000	1289
103227000	1290
103228000	1291
103229000	1292
103230000	1293
103231000	1294
103232000	1295
103233000	1296
103234000	1297
103235000	1298
103236000	1299
103237000	1300
103238000	1301
103239000	1302
103240000	1303
103241000	1304
103242000	1305
103243000	1306
103244000	1307
103245000	1308
103246000	1309
103247000	1310
103248000	1311
103249000	1312
103250000	1313
103251000	1314
103252000	1315
103253000	1316
103254000	1317
103255000	1318
103256000	1319
103257000	1320
103258000	1321
103259000	1322
103260000	1323
103261000	1324
103262000	1325
103263000	1326
103264000	1327
103265000	1328
103266000	1329
103267000	1330
103268000	1331
103269000	1332
103270000	1333
103271000	1334
103272000	1335
103273000	1336
103274000	1337
103275000	1338
103276000	1339
103277000	1340
103278000	1341
103279000	1342
103280000	1343
103281000	1344
103282000	1345
103283000	1346
103284000	1347
103285000	1348
103286000	1349
103287000	1350
103288000	1351
103289000	1352
103290000	1353
103291000	1354
103292000	1355
103293000	1356
103294000	1357
103295000	1358
103296000	1359
103297000	1360
103298000	1361
103299000	1362
103300000	1363
103301000	1364
103302000	1365
103303000	1366
103304000	1367
103305000	1368
103306000	1369
103307000	1370
103308000	1371
103309000	1372
103310000	1373
103311000	1374
103312000	1375
103313000	1376
103314000	1377
103315000	1378
103316000	1379
103317000	1380
103318000	1381
103319000	1382
103320000	1383
103321000	1384
103322000	1385
103323000	1386
103324000	1387
103325000	1388
103326000	1389
103327000	1390
103328000	1391
103329000	1392
103330000	1393
103331000	1394
103332000	1395
103333000	1396
103334000	1397
103335000	1398
103336000	1399
103337000	1400
103338000	1401
103339000	1402
103340000	1403
103341000	1404
103342000	1405
103343000	1406
103344000	1407
103345000	1408
103346000	1409
103347000	1410
103348000	1411
103349000	1412
103350000	1413
103351000	1414
103352000	1415
103354000	1416
103355000	1417
103356000	1418
103357000	1419
103358000	1420
103359000	1421
103360000	1422
103361000	1423
103362000	1424
103363000	1425
103364000	1426
103365000	1427
103366000	1428
103367000	1429
103368000	1430
103369000	1431
103370000	1432
103371000	1433
103372000	1434
103373000	1435
103374000	1436
103375000	1437
103376000	1438
103377000	1439
103378000	1440
103379000	1441
103380000	1442
103381000	1443
103382000	1444
103383000	1445
103384000	1446
103385000	1447
103386000	1448
103387000	1449
103388000	1450
103389000	1451
103390000	1452
103391000	1453
103392000	1454
103393000	1455
103394000	1456
103395000	1457
103396000	1458
103397000	1459
103398000	1460
103399000	1461
103400000	1462
103401000	1463
103402000	1464
103403000	1465
103404000	1466
103405000	1467
103406000	1468
103407000	1469
103408000	1470
103409000	1471
103410000	1472
103411000	1473
103412000	1474
103413000	1475
103414000	1476
103415000	1477
103416000	1478
103417000	1479
103418000	1480
103419000	1481
103420000	1482
103421000	1483
103422000	1484
103423000	1485
103424000	1486
103425000	1487
103426000	1488
103427000	1489
103428000	1490
103429000	1491
103430000	1492
103431000	1493
103432000	1494
103433000	1495
103434000	1496
103435000	1497
103436000	1498
103437000	1499
103438000	1500
103439000	1501
103440000	1502
103441000	1503
103442000	1504
103443000	1505
103444000	1506
103445000	1507
103446000	1508
103447000	1509
103448000	1510
103449000	1511
103450000	1512
103451000	1513
103452000	1514
103453000	1515
103454000	1516
103455000	1517
103456000	1518
103457000	1519
103458000	1520
103459000	1521
103460000	1522
103461000	1523
103462000	1524
103463000	1525
103464000	1526
103465000	1527
103466000	1528
103467000	1529
103468000	1530
103469000	1531
103470000	1532
103471000	1533
103472000	1534
103473000	1535
103474000	1536
103475000	1537
103476000	1538
103477000	1539
103478000	1540
103479000	1541
103480000	1542
103481000	1543
103482000	1544
103483000	1545
103484000	1546
103485000	1547
103486000	1548
103487000	1549
103488000	1550
103489000	1551
103490000	1552
103491000	1553
103492000	1554
103493000	1555
103494000	1556
103495000	1557
103496000	1558
103497000	1559
103498000	1560
103499000	1561
103500000	1562
103501000	1563
103502000	1564
103503000	1565
103504000	1566
103505000	1567
103506000	1568
103507000	1569
103508000	1570
103509000	1571
103510000	1572
103511000	1573
103512000	1574
103513000	1575
103514000	1576
103515000	1577
103516000	1578
103517000	1579
103518000	1580
103519000	1581
103520000	1582
103521000	1583
103522000	1584
103523000	1585
103524000	1586
103525000	1587
103526000	1588
103527000	1589
103528000	1590
103529000	1591
103530000	1592
103531000	1593
103532000	1594
103533000	1595
103534000	1596
103535000	1597
103536000	1598
103537000	1599
103538000	1600
103539000	1601
103540000	1602
103541000	1603
103542000	1604
103543000	1605
103544000	1606
103545000	1607
103546000	1608
103547000	1609
103548000	1610
103549000	1611
103550000	1612
103551000	1613
103552000	1614
103553000	1615
103554000	1616
103555000	1617
103556000	1618
103557000	1619
103558000	1620
103559000	1621
103560000	1622
103561000	1623
103562000	1624
103563000	1625
103564000	1626
103565000	1627
103566000	1628
103567000	1629
103568000	1630
103569000	1631
103570000	1632
103571000	1633
103572000	1634
103573000	1635
103574000	1636
103575000	1637
103576000	1638
103577000	1639
103578000	1640
103579000	1641
103580000	1642
103581000	1643
103582000	1644
103583000	1645
103584000	1646
103585000	1647
103586000	1648
103587000	1649
103588000	1650
103589000	1651
103590000	1652
103591000	1653
103592000	1654
103593000	1655
103594000	1656
103595000	1657
103596000	1658
103597000	1659
103598000	1660
103599000	1661
103600000	1662
103601000	1663
103602000	1664
103603000	1665
103604000	1666
103605000	1667
103606000	1668
103607000	1669
103608000	1670
103609000	1671
103610000	1672
103611000	1673
103612000	1674
103613000	1675
103614000	1676
103615000	1677
103616000	1678
103617000	1679
103618000	1680
103619000	1681
103620000	1682
103621000	1683
103622000	1684
103623000	1685
103624000	1686
103625000	1687
103626000	1688
103627000	1689
103628000	1690
103629000	1691
103630000	1692
103631000	1693
103632000	1694
103633000	1695
103634000	1696
103635000	1697
103636000	1698
103637000	1699
103638000	1700
103639000	1701
103640000	1702
103641000	1703
103642000	1704
103643000	1705
103644000	1706
103645000	1707
103646000	1708
103647000	1709
103648000	1710
103649000	1711
103650000	1712
103651000	1713
103652000	1714
103653000	1715
103654000	1716
103655000	1717
103656000	1718
103657000	1719
103658000	1720
103659000	1721
103660000	1722
103661000	1723
103662000	1724
103663000	1725
103664000	1726
103665000	1727
103666000	1728
103667000	1729
103668000	1730
103669000	1731
103670000	1732
103671000	1733
103672000	1734
103673000	1735
103674000	1736
103675000	1737
103676000	1738
103677000	1739
103678000	1740
103679000	1741
103680000	1742
103681000	1743
103682000	1744
103683000	1745
103684000	1746
103685000	1747
103686000	1748
103687000	1749
103688000	1750
103689000	1751
103690000	1752
103691000	1753
103693000	1754
103694000	1755
103695000	1756
103696000	1757
103697000	1758
103698000	1759
103699000	1760
103700000	1761
103701000	1762
103702000	1763
103703000	1764
103704000	1765
103705000	1766
103706000	1767
103707000	1768
103708000	1769
103709000	1770
103710000	1771
103711000	1772
103712000	1773
103713000	1774
103714000	1775
103715000	1776
103716000	1777
103717000	1778
103718000	1779
103719000	1780
103720000	1781
103721000	1782
103722000	1783
103723000	1784
103724000	1785
103725000	1786
103726000	1787
103727000	1788
103728000	1789
103729000	1790
103730000	1791
103731000	1792
103732000	1793
103733000	1794
103734000	1795
103735000	1796
103736000	1797
103737000	1798
103738000	1799
103739000	1800
103740000	1801
103741000	1802
103742000	1803
103743000	1804
103744000	1805
103745000	1806
103746000	1807
103747000	1808
103748000	1809
103749000	1810
103750000	1811
103751000	1812
103752000	1813
103753000	1814
103754000	1815
103755000	1816
103756000	1817
103757000	1818
103758000	1819
103759000	1820
103760000	1821
103761000	1822
103762000	1823
103763000	1824
103764000	1825
103765000	1826
103766000	1827
103767000	1828
103768000	1829
103769000	1830
103770000	1831
103771000	1832
103772000	1833
103773000	1834
103774000	1835
103775000	1836
103776000	1837
103777000	1838
103778000	1839
103779000	1840
103780000	1841
103781000	1842
103782000	1843
103783000	1844
103784000	1845
103785000	1846
103913000	1847
103914000	1848
103915000	1849
103916000	1850
103917000	1851
103918000	1852
103919000	1853
103920000	1854
103921000	1855
103922000	1856
103923000	1857
103924000	1858
103925000	1859
104005000	1860
104006000	1861
104007000	1862
104008000	1863
104009000	1864
104010000	1865
104011000	1866
104012000	1867
104013000	1868
104014000	1869
104015000	1870
104016000	1871
104017000	1872
104018000	1873
104019000	1874
104020000	1875
104021000	1876
104022000	1877
104023000	1878
104024000	1879
104025000	1880
104026000	1881
104027000	1882
104028000	1883
104029000	1884
104030000	1885
104031000	1886
104032000	1887
104033000	1888
104034000	1889
104035000	1890
104036000	1891
104037000	1892
104038000	1893
104039000	1894
104040000	1895
104041000	1896
104042000	1897
104043000	1898
104044000	1899
104045000	1900
104046000	1901
104047000	1902
104048000	1903
104049000	1904
104050000	1905
104051000	1906
104052000	1907
104053000	1908
104054000	1909
104055000	1910
104056000	1911
104057000	1912
104058000	1913
104059000	1914
104060000	1915
104061000	1916
104062000	1917
104063000	1918
104064000	1919
104065000	1920
104066000	1921
104067000	1922
104068000	1923
104069000	1924
104070000	1925
104071000	1926
104072000	1927
104073000	1928
104074000	1929
104075000	1930
104076000	1931
104077000	1932
104078000	1933
104079000	1934
104080000	1935
104081000	1936
104082000	1937
104083000	1938
104084000	1939
104085000	1940
104086000	1941
104087000	1942
104088000	1943
104089000	1944
104090000	1945
104091000	1946
104092000	1947
104093000	1948
104094000	1949
104095000	1950
104096000	1951
104097000	1952
104098000	1953
104099000	1954
104100000	1955
104101000	1956
104102000	1957
104103000	1958
104104000	1959
104105000	1960
104106000	1961
104107000	1962
104108000	1963
104109000	1964
104110000	1965
104111000	1966
104112000	1967
104113000	1968
104114000	1969
104115000	1970
104116000	1971
104117000	1972
104118000	1973
104119000	1974
104120000	1975
104121000	1976
104122000	1977
104123000	1978
104124000	1979
104125000	1980
104126000	1981
104127000	1982
104128000	1983
104129000	1984
104130000	1985
104131000	1986
104132000	1987
104133000	1988
104134000	1989
104135000	1990
104136000	1991
104141000	1992
104142000	1993
104152000	1994
104153000	1995
104154000	1996
104155000	1997
104156000	1998
104157000	1999
104158000	2000
104159000	2001
104160000	2002
104161000	2003
104162000	2004
104177000	2005
104210000	2006
104211000	2007
104212000	2008
104222000	2009
104256000	2010
104257000	2011
104258000	2012
104260000	2013
104275000	2014
104303000	2015
104304000	2016
104305000	2017
104306000	2018
104307000	2019
104308000	2020
104309000	2021
104310000	2022
104311000	2023
104312000	2024
104313000	2025
104314000	2026
104315000	2027
104316000	2028
104317000	2029
104318000	2030
104320000	2031
104321000	2032
104322000	2033
104324000	2034
104325000	2035
104326000	2036
104327000	2037
104329000	2038
104330000	2039
104331000	2040
104332000	2041
104333000	2042
104334000	2043
104335000	2044
104336000	2045
104337000	2046
104338000	2047
104339000	2048
104340000	2049
104341000	2050
104342000	2051
104343000	2052
104344000	2053
104345000	2054
104346000	2055
104347000	2056
104348000	2057
104349000	2058
104350000	2059
104351000	2060
104352000	2061
104353000	2062
104354000	2063
104355000	2064
104356000	2065
104357000	2066
104358000	2067
104359000	2068
104360000	2069
104361000	2070
104362000	2071
104363000	2072
104364000	2073
104365000	2074
104366000	2075
104367000	2076
104368000	2077
104369000	2078
104370000	2079
104371000	2080
104372000	2081
104373000	2082
104374000	2083
104375000	2084
104376000	2085
104377000	2086
104378000	2087
104379000	2088
104380000	2089
104381000	2090
104382000	2091
104383000	2092
104384000	2093
104385000	2094
104386000	2095
104387000	2096
104388000	2097
104389000	2098
104390000	2099
104391000	2100
104392000	2101
104393000	2102
104394000	2103
104395000	2104
104396000	2105
104397000	2106
104398000	2107
104399000	2108
104400000	2109
104401000	2110
104402000	2111
104403000	2112
104404000	2113
104405000	2114
104406000	2115
104407000	2116
104408000	2117
104409000	2118
104410000	2119
104411000	2120
104412000	2121
104413000	2122
104414000	2123
104416000	2124
104417000	2125
104418000	2126
104419000	2127
104420000	2128
104421000	2129
104422000	2130
104423000	2131
104424000	2132
104425000	2133
104426000	2134
104427000	2135
104428000	2136
104429000	2137
104430000	2138
104431000	2139
104432000	2140
104433000	2141
104434000	2142
104435000	2143
104436000	2144
104437000	2145
104438000	2146
104439000	2147
104440000	2148
104441000	2149
104442000	2150
104443000	2151
104444000	2152
104445000	2153
104446000	2154
104447000	2155
104448000	2156
104449000	2157
104450000	2158
104451000	2159
104452000	2160
104453000	2161
104454000	2162
104455000	2163
104456000	2164
104457000	2165
104458000	2166
104459000	2167
104460000	2168
104461000	2169
104462000	2170
104463000	2171
104464000	2172
104465000	2173
104466000	2174
104467000	2175
104468000	2176
104469000	2177
104470000	2178
104471000	2179
104472000	2180
104473000	2181
104474000	2182
104475000	2183
104476000	2184
104477000	2185
104478000	2186
104479000	2187
104480000	2188
104481000	2189
104482000	2190
104483000	2191
104484000	2192
104485000	2193
104486000	2194
104487000	2195
104488000	2196
104489000	2197
104490000	2198
104491000	2199
104492000	2200
104493000	2201
104494000	2202
104495000	2203
104496000	2204
104497000	2205
104498000	2206
104499000	2207
104500000	2208
104501000	2209
104502000	2210
104503000	2211
104504000	2212
104505000	2213
104506000	2214
104507000	2215
104508000	2216
104509000	2217
104510000	2218
104511000	2219
104512000	2220
104513000	2221
104514000	2222
104515000	2223
104516000	2224
104517000	2225
104518000	2226
104519000	2227
104520000	2228
104521000	2229
104522000	2230
104523000	2231
104524000	2232
104525000	2233
104526000	2234
104527000	2235
104528000	2236
104529000	2237
104530000	2238
104531000	2239
104532000	2240
104533000	2241
104534000	2242
104535000	2243
104536000	2244
104537000	2245
104538000	2246
104539000	2247
104540000	2248
104541000	2249
104542000	2250
104543000	2251
104544000	2252
104545000	2253
104546000	2254
104547000	2255
104548000	2256
104549000	2257
104550000	2258
104551000	2259
104552000	2260
104553000	2261
104554000	2262
104555000	2263
104556000	2264
104557000	2265
104558000	2266
104559000	2267
104560000	2268
104561000	2269
104562000	2270
104563000	2271
104564000	2272
104565000	2273
104566000	2274
104567000	2275
104568000	2276
104569000	2277
104570000	2278
104571000	2279
104572000	2280
104573000	2281
104574000	2282
104575000	2283
104576000	2284
104577000	2285
104579000	2286
104580000	2287
104581000	2288
104582000	2289
104583000	2290
104584000	2291
104585000	2292
104586000	2293
104587000	2294
104588000	2295
104589000	2296
104590000	2297
104591000	2298
104592000	2299
104593000	2300
104594000	2301
104595000	2302
104596000	2303
104597000	2304
104598000	2305
104599000	2306
104600000	2307
104601000	2308
104602000	2309
104603000	2310
104604000	2311
104605000	2312
104606000	2313
104607000	2314
104608000	2315
104609000	2316
104610000	2317
104611000	2318
104612000	2319
104613000	2320
104614000	2321
104615000	2322
104616000	2323
104617000	2324
104618000	2325
104619000	2326
104620000	2327
104621000	2328
104622000	2329
104623000	2330
104624000	2331
104625000	2332
104626000	2333
104627000	2334
104628000	2335
104629000	2336
104630000	2337
104631000	2338
104632000	2339
104633000	2340
104634000	2341
104635000	2342
104636000	2343
104637000	2344
104638000	2345
104639000	2346
104640000	2347
104641000	2348
104642000	2349
104643000	2350
104644000	2351
104645000	2352
104646000	2353
104647000	2354
104648000	2355
104649000	2356
104650000	2357
104651000	2358
104652000	2359
104653000	2360
104654000	2361
104655000	2362
104656000	2363
104657000	2364
104658000	2365
104659000	2366
104660000	2367
104661000	2368
104662000	2369
104663000	2370
104664000	2371
104665000	2372
104666000	2373
104667000	2374
104668000	2375
104669000	2376
104670000	2377
104671000	2378
104672000	2379
104673000	2380
104674000	2381
104675000	2382
104676000	2383
104677000	2384
104678000	2385
104679000	2386
104680000	2387
104681000	2388
104682000	2389
104683000	2390
104684000	2391
104685000	2392
104686000	2393
104687000	2394
104688000	2395
104689000	2396
104690000	2397
104691000	2398
104692000	2399
104693000	2400
104694000	2401
104695000	2402
104696000	2403
104697000	2404
104698000	2405
104699000	2406
104700000	2407
104701000	2408
104702000	2409
104703000	2410
104704000	2411
104705000	2412
104706000	2413
104707000	2414
104708000	2415
104709000	2416
104710000	2417
104711000	2418
104712000	2419
104713000	2420
104714000	2421
104715000	2422
104716000	2423
104717000	2424
104718000	2425
104719000	2426
104720000	2427
104721000	2428
104722000	2429
104723000	2430
104724000	2431
104725000	2432
104726000	2433
104727000	2434
104728000	2435
104729000	2436
104730000	2437
104731000	2438
104732000	2439
104733000	2440
104734000	2441
104735000	2442
104736000	2443
104737000	2444
104738000	2445
104739000	2446
104740000	2447
104741000	2448
104742000	2449
104743000	2450
104744000	2451
104745000	2452
104746000	2453
104747000	2454
104748000	2455
104749000	2456
104750000	2457
104751000	2458
104752000	2459
104753000	2460
104754000	2461
104755000	2462
104756000	2463
104757000	2464
104758000	2465
104759000	2466
104760000	2467
104761000	2468
104762000	2469
104763000	2470
104764000	2471
104765000	2472
104766000	2473
104767000	2474
104768000	2475
104769000	2476
104770000	2477
104771000	2478
104772000	2479
104773000	2480
104774000	2481
104775000	2482
104776000	2483
104777000	2484
104778000	2485
104779000	2486
104780000	2487
104781000	2488
104782000	2489
104783000	2490
104784000	2491
104785000	2492
104786000	2493
104787000	2494
104788000	2495
104789000	2496
104790000	2497
104791000	2498
104792000	2499
104793000	2500
104794000	2501
104795000	2502
104796000	2503
104797000	2504
104798000	2505
104799000	2506
104800000	2507
104801000	2508
104802000	2509
104803000	2510
104804000	2511
104805000	2512
104806000	2513
104807000	2514
104808000	2515
104809000	2516
104810000	2517
104811000	2518
104812000	2519
104813000	2520
104814000	2521
104815000	2522
104816000	2523
104817000	2524
104818000	2525
104819000	2526
104820000	2527
104821000	2528
104822000	2529
104823000	2530
104824000	2531
104825000	2532
104826000	2533
104827000	2534
104828000	2535
104829000	2536
104830000	2537
104831000	2538
104832000	2539
104833000	2540
104834000	2541
104835000	2542
104836000	2543
104837000	2544
104838000	2545
104839000	2546
104840000	2547
104841000	2548
104842000	2549
104843000	2550
104844000	2551
104845000	2552
104846000	2553
104847000	2554
104848000	2555
104849000	2556
104850000	2557
104851000	2558
104852000	2559
104853000	2560
104854000	2561
104855000	2562
104856000	2563
104857000	2564
104858000	2565
104859000	2566
104860000	2567
104861000	2568
104862000	2569
104863000	2570
104864000	2571
104865000	2572
104866000	2573
104867000	2574
104868000	2575
104869000	2576
104870000	2577
104871000	2578
104872000	2579
104873000	2580
104874000	2581
104875000	2582
104876000	2583
104877000	2584
104878000	2585
104879000	2586
104880000	2587
104881000	2588
104882000	2589
104883000	2590
104884000	2591
104885000	2592
104886000	2593
104887000	2594
104888000	2595
104889000	2596
104890000	2597
104891000	2598
104892000	2599
104893000	2600
104894000	2601
104895000	2602
104896000	2603
104897000	2604
104898000	2605
104899000	2606
104900000	2607
104901000	2608
104902000	2609
104903000	2610
104904000	2611
104905000	2612
104906000	2613
104907000	2614
104908000	2615
104909000	2616
104910000	2617
104911000	2618
104912000	2619
104913000	2620
104914000	2621
104915000	2622
104916000	2623
104917000	2624
104918000	2625
104919000	2626
104920000	2627
104921000	2628
104922000	2629
104923000	2630
104924000	2631
104925000	2632
104926000	2633
104927000	2634
104928000	2635
104929000	2636
104930000	2637
104931000	2638
104932000	2639
104933000	2640
104934000	2641
104935000	2642
104936000	2643
104937000	2644
104938000	2645
104939000	2646
104940000	2647
104941000	2648
104942000	2649
104943000	2650
104944000	2651
104945000	2652
104946000	2653
104947000	2654
104948000	2655
104949000	2656
104950000	2657
104951000	2658
104952000	2659
104953000	2660
104954000	2661
104955000	2662
104956000	2663
104957000	2664
104958000	2665
104959000	2666
104960000	2667
104961000	2668
104962000	2669
104963000	2670
104964000	2671
104965000	2672
104966000	2673
104967000	2674
104968000	2675
104969000	2676
104970000	2677
104971000	2678
104972000	2679
104973000	2680
104974000	2681
104975000	2682
104976000	2683
104977000	2684
104978000	2685
104979000	2686
104980000	2687
104981000	2688
104982000	2689
104983000	2690
104984000	2691
104985000	2692
104986000	2693
104987000	2694
104988000	2695
104989000	2696
104990000	2697
104991000	2698
104992000	2699
104993000	2700
104994000	2701
104995000	2702
104996000	2703
104997000	2704
104998000	2705
104999000	2706
105000000	2707
105001000	2708
105002000	2709
105003000	2710
105004000	2711
105005000	2712
105006000	2713
105007000	2714
105008000	2715
105009000	2716
105010000	2717
105011000	2718
105012000	2719
105013000	2720
105014000	2721
105015000	2722
105016000	2723
105017000	2724
105018000	2725
105019000	2726
105020000	2727
105021000	2728
105022000	2729
105023000	2730
105024000	2731
105025000	2732
105026000	2733
105028000	2734
105029000	2735
105030000	2736
105031000	2737
105032000	2738
105033000	2739
105034000	2740
105035000	2741
105036000	2742
105037000	2743
105038000	2744
105039000	2745
105040000	2746
105041000	2747
105042000	2748
105043000	2749
105044000	2750
105045000	2751
105046000	2752
105047000	2753
105048000	2754
105049000	2755
105050000	2756
105051000	2757
105052000	2758
105053000	2759
105054000	2760
105055000	2761
105056000	2762
105057000	2763
105058000	2764
105059000	2765
105060000	2766
105061000	2767
105062000	2768
105063000	2769
105064000	2770
105065000	2771
105066000	2772
105067000	2773
105068000	2774
105069000	2775
105070000	2776
105071000	2777
105072000	2778
105073000	2779
105074000	2780
105075000	2781
105076000	2782
105077000	2783
105078000	2784
105079000	2785
105080000	2786
105081000	2787
105082000	2788
105083000	2789
105084000	2790
105085000	2791
105086000	2792
105087000	2793
105088000	2794
105089000	2795
105090000	2796
105091000	2797
105092000	2798
105093000	2799
105094000	2800
105095000	2801
105096000	2802
105097000	2803
105098000	2804
105099000	2805
105100000	2806
105101000	2807
105102000	2808
105103000	2809
105104000	2810
105105000	2811
105106000	2812
105107000	2813
105108000	2814
105109000	2815
105110000	2816
105111000	2817
105112000	2818
105113000	2819
105114000	2820
105115000	2821
105116000	2822
105117000	2823
105118000	2824
105119000	2825
105120000	2826
105121000	2827
105122000	2828
105123000	2829
105124000	2830
105125000	2831
105126000	2832
105127000	2833
105128000	2834
105129000	2835
105130000	2836
105131000	2837
105132000	2838
105133000	2839
105134000	2840
105135000	2841
105136000	2842
105137000	2843
105138000	2844
105139000	2845
105140000	2846
105141000	2847
105142000	2848
105143000	2849
105144000	2850
105145000	2851
105146000	2852
105147000	2853
105148000	2854
105149000	2855
105150000	2856
105151000	2857
105152000	2858
105153000	2859
105154000	2860
105155000	2861
105156000	2862
105157000	2863
105158000	2864
105159000	2865
105160000	2866
105161000	2867
105162000	2868
105163000	2869
105164000	2870
105165000	2871
105166000	2872
105167000	2873
105168000	2874
105169000	2875
105170000	2876
105171000	2877
105172000	2878
105173000	2879
105174000	2880
105175000	2881
105176000	2882
105177000	2883
105178000	2884
105179000	2885
105180000	2886
105181000	2887
105182000	2888
105183000	2889
105184000	2890
105185000	2891
105186000	2892
105187000	2893
105188000	2894
105189000	2895
105190000	2896
105191000	2897
105192000	2898
105193000	2899
105194000	2900
105195000	2901
105196000	2902
105197000	2903
105198000	2904
105199000	2905
105200000	2906
105201000	2907
105202000	2908
105203000	2909
105204000	2910
105205000	2911
105206000	2912
105207000	2913
105208000	2914
105209000	2915
105210000	2916
105211000	2917
105212000	2918
105213000	2919
105214000	2920
105215000	2921
105216000	2922
105217000	2923
105218000	2924
105219000	2925
105220000	2926
105221000	2927
105222000	2928
105223000	2929
105224000	2930
105225000	2931
105226000	2932
105227000	2933
105228000	2934
105229000	2935
105230000	2936
105231000	2937
105232000	2938
105233000	2939
105234000	2940
