6390000	0
6395000	1
6400000	2
6405000	3
6410000	4
6415000	5
6420000	6
6425000	7
6430000	8
6435000	9
6440000	10
6445000	11
6450000	12
6455000	13
6460000	14
6465000	15
6470000	16
6475000	17
6480000	18
6485000	19
6490000	20
6495000	21
6500000	22
6505000	23
6510000	24
6515000	25
6520000	26
6525000	27
6530000	28
6535000	29
6540000	30
6545000	31
6550000	32
6555000	33
6560000	34
6565000	35
6570000	36
6575000	37
6580000	38
6585000	39
6590000	40
6595000	41
6600000	42
6605000	43
6610000	44
6615000	45
6620000	46
6625000	47
6630000	48
6635000	49
6640000	50
6645000	51
6650000	52
6655000	53
6660000	54
6665000	55
6670000	56
6675000	57
6680000	58
6685000	59
6690000	60
6695000	61
6700000	62
6705000	63
6710000	64
6715000	65
6720000	66
6725000	67
6730000	68
6735000	69
6740000	70
6745000	71
6750000	72
6755000	73
6760000	74
6765000	75
6770000	76
6775000	77
6780000	78
6785000	79
6790000	80
6795000	81
6800000	82
6805000	83
6810000	84
6815000	85
6820000	86
