59725000	0
59730000	1
59735000	2
59740000	3
59745000	4
59750000	5
59755000	6
59760000	7
59765000	8
59770000	9
59775000	10
59780000	11
59785000	12
59790000	13
59795000	14
59800000	15
59805000	16
59810000	17
59815000	18
59820000	19
59825000	20
59830000	21
59835000	22
59840000	23
59845000	24
59850000	25
59855000	26
59860000	27
59865000	28
59870000	29
59875000	30
59880000	31
59885000	32
59890000	33
59895000	34
59900000	35
59905000	36
59910000	37
59915000	38
59920000	39
59925000	40
59930000	41
59935000	42
59940000	43
59945000	44
59950000	45
59955000	46
59960000	47
59965000	48
59970000	49
59975000	50
59980000	51
59985000	52
59990000	53
59995000	54
60000000	55
60005000	56
60010000	57
60015000	58
60020000	59
60025000	60
60030000	61
60035000	62
60040000	63
60045000	64
60050000	65
60055000	66
60060000	67
60065000	68
60070000	69
60075000	70
60080000	71
60085000	72
60090000	73
60095000	74
60100000	75
60105000	76
60110000	77
60115000	78
60120000	79
60125000	80
60130000	81
60135000	82
60140000	83
60145000	84
60150000	85
60155000	86
60160000	87
60165000	88
60170000	89
60175000	90
60180000	91
60185000	92
60190000	93
60195000	94
60200000	95
60205000	96
60210000	97
60215000	98
60220000	99
60225000	100
60230000	101
60235000	102
60240000	103
60245000	104
60250000	105
60255000	106
60260000	107
60265000	108
60270000	109
60275000	110
60280000	111
60285000	112
60290000	113
60295000	114
60300000	115
60305000	116
60310000	117
60315000	118
60320000	119
60325000	120
60330000	121
60335000	122
60340000	123
60345000	124
60350000	125
60355000	126
60360000	127
60365000	128
60370000	129
60375000	130
60380000	131
60385000	132
60390000	133
60395000	134
60400000	135
60405000	136
60410000	137
60415000	138
60420000	139
60425000	140
60430000	141
60435000	142
60440000	143
60445000	144
60450000	145
60455000	146
60460000	147
60465000	148
60470000	149
60475000	150
60480000	151
60485000	152
60490000	153
60495000	154
60500000	155
60505000	156
60510000	157
60515000	158
60520000	159
60525000	160
60530000	161
60535000	162
60540000	163
60545000	164
60550000	165
60555000	166
60560000	167
60565000	168
60570000	169
60575000	170
60580000	171
60585000	172
60590000	173
60595000	174
60600000	175
60605000	176
60610000	177
60615000	178
60620000	179
60625000	180
60630000	181
60635000	182
60640000	183
60645000	184
60650000	185
60655000	186
60660000	187
60665000	188
60670000	189
60675000	190
60680000	191
60685000	192
60690000	193
60695000	194
60700000	195
60705000	196
60710000	197
60715000	198
60720000	199
60725000	200
60730000	201
60735000	202
60740000	203
60745000	204
60750000	205
60755000	206
60760000	207
60765000	208
60770000	209
60775000	210
60780000	211
60785000	212
60790000	213
60795000	214
60800000	215
60805000	216
60810000	217
60815000	218
60820000	219
60825000	220
60830000	221
60835000	222
60840000	223
60845000	224
60850000	225
60855000	226
60860000	227
60865000	228
60870000	229
60875000	230
60880000	231
60885000	232
60890000	233
60895000	234
60900000	235
60905000	236
60910000	237
60915000	238
60920000	239
60925000	240
60930000	241
60935000	242
60940000	243
60945000	244
60950000	245
60955000	246
60960000	247
60965000	248
60970000	249
60975000	250
60980000	251
60985000	252
60990000	253
60995000	254
61000000	255
61005000	256
61010000	257
61015000	258
61020000	259
61025000	260
61030000	261
61035000	262
61040000	263
61045000	264
61050000	265
61055000	266
61060000	267
61065000	268
61070000	269
61075000	270
61080000	271
61085000	272
61090000	273
61095000	274
61100000	275
61105000	276
61110000	277
61115000	278
61120000	279
61125000	280
61130000	281
61135000	282
61140000	283
61145000	284
61150000	285
61155000	286
61160000	287
61165000	288
61170000	289
61175000	290
61180000	291
61185000	292
61190000	293
61195000	294
61200000	295
61205000	296
61210000	297
61215000	298
61220000	299
61225000	300
61230000	301
61235000	302
61240000	303
61245000	304
61250000	305
61255000	306
61260000	307
61265000	308
61270000	309
61275000	310
61280000	311
61285000	312
61290000	313
61295000	314
61300000	315
61305000	316
61310000	317
61315000	318
