133720000	0
133725000	1
133730000	2
133735000	3
133740000	4
133745000	5
133750000	6
133755000	7
133760000	8
133765000	9
133770000	10
133775000	11
133780000	12
133785000	13
133790000	14
133795000	15
133800000	16
133805000	17
133810000	18
133815000	19
133820000	20
133825000	21
133830000	22
133835000	23
133840000	24
133845000	25
133850000	26
133855000	27
133860000	28
133865000	29
133870000	30
133875000	31
133880000	32
133885000	33
133890000	34
133895000	35
133900000	36
133905000	37
133910000	38
133915000	39
133920000	40
133925000	41
133930000	42
133935000	43
133940000	44
133945000	45
133950000	46
133955000	47
133960000	48
133965000	49
133970000	50
133975000	51
133980000	52
133985000	53
133990000	54
133995000	55
134000000	56
134005000	57
134010000	58
134015000	59
134020000	60
134025000	61
