43235000	0
43240000	1
43245000	2
43250000	3
43255000	4
43260000	5
43265000	6
43270000	7
43275000	8
43280000	9
43285000	10
43290000	11
43295000	12
43300000	13
43305000	14
43310000	15
43315000	16
43320000	17
43325000	18
43330000	19
43335000	20
43340000	21
43345000	22
43350000	23
43355000	24
43360000	25
43365000	26
43370000	27
43375000	28
43380000	29
43385000	30
43390000	31
43395000	32
43400000	33
43405000	34
43410000	35
43415000	36
43420000	37
43425000	38
43430000	39
43435000	40
43440000	41
43445000	42
43450000	43
43455000	44
43460000	45
43465000	46
43470000	47
43475000	48
43480000	49
43485000	50
43490000	51
43495000	52
43500000	53
43505000	54
43510000	55
43515000	56
43520000	57
43525000	58
43530000	59
43535000	60
43540000	61
43545000	62
43550000	63
43555000	64
43560000	65
43565000	66
43570000	67
43575000	68
43580000	69
43585000	70
43590000	71
43595000	72
43600000	73
43605000	74
43610000	75
43615000	76
43620000	77
43625000	78
43630000	79
43635000	80
43640000	81
43645000	82
43650000	83
43655000	84
43660000	85
43665000	86
43670000	87
43675000	88
43680000	89
43685000	90
43690000	91
43695000	92
43700000	93
43705000	94
43710000	95
43715000	96
43720000	97
43725000	98
43730000	99
43735000	100
43740000	101
43745000	102
43750000	103
43755000	104
43760000	105
43765000	106
43770000	107
43775000	108
43780000	109
43785000	110
43790000	111
43795000	112
43800000	113
43805000	114
43810000	115
43815000	116
43820000	117
43825000	118
43830000	119
43835000	120
43840000	121
43845000	122
43850000	123
43855000	124
43860000	125
43865000	126
43870000	127
43875000	128
43880000	129
43885000	130
43890000	131
43895000	132
43900000	133
43905000	134
43910000	135
43915000	136
43920000	137
43925000	138
43930000	139
43935000	140
43940000	141
43945000	142
43950000	143
43955000	144
43960000	145
43965000	146
43970000	147
43975000	148
43980000	149
43985000	150
43990000	151
43995000	152
44000000	153
