47181000	0
47182000	1
47183000	2
47184000	3
47185000	4
47186000	5
47187000	6
47188000	7
47189000	8
47190000	9
47191000	10
47192000	11
47193000	12
47194000	13
47195000	14
47196000	15
47197000	16
47198000	17
47199000	18
47200000	19
47201000	20
47202000	21
47203000	22
47204000	23
47205000	24
47206000	25
47207000	26
47208000	27
47209000	28
47210000	29
47211000	30
47212000	31
47213000	32
47214000	33
47215000	34
47216000	35
47217000	36
47218000	37
47219000	38
47220000	39
47221000	40
47222000	41
47223000	42
47224000	43
47225000	44
47226000	45
47227000	46
47228000	47
47229000	48
47230000	49
47231000	50
47232000	51
47233000	52
47234000	53
47235000	54
47236000	55
47237000	56
47238000	57
47239000	58
47240000	59
47241000	60
47242000	61
47243000	62
47244000	63
47245000	64
47246000	65
47247000	66
47248000	67
47249000	68
47250000	69
47251000	70
47252000	71
47253000	72
47254000	73
47255000	74
47256000	75
47257000	76
47258000	77
47259000	78
47260000	79
47261000	80
47262000	81
47263000	82
47264000	83
47265000	84
47266000	85
47267000	86
47268000	87
47269000	88
47270000	89
47271000	90
47272000	91
47273000	92
47274000	93
47275000	94
47276000	95
47277000	96
47278000	97
47279000	98
47280000	99
47281000	100
47282000	101
47283000	102
47284000	103
47285000	104
47286000	105
47287000	106
47288000	107
47289000	108
47290000	109
47291000	110
47292000	111
47293000	112
47294000	113
47295000	114
47296000	115
47297000	116
47298000	117
47299000	118
47300000	119
47301000	120
47302000	121
47303000	122
47304000	123
47305000	124
47306000	125
47307000	126
47308000	127
47309000	128
47310000	129
47311000	130
47312000	131
47313000	132
47314000	133
47315000	134
47316000	135
47317000	136
47318000	137
47319000	138
47320000	139
47321000	140
47322000	141
47323000	142
47324000	143
47325000	144
47326000	145
47327000	146
47328000	147
47329000	148
47330000	149
47331000	150
47332000	151
47333000	152
47334000	153
47335000	154
47336000	155
47337000	156
47338000	157
47339000	158
47340000	159
47341000	160
47342000	161
47343000	162
47344000	163
47345000	164
47346000	165
47347000	166
47348000	167
47349000	168
47350000	169
47351000	170
47352000	171
47353000	172
47354000	173
47355000	174
47356000	175
47357000	176
47358000	177
47359000	178
47360000	179
47361000	180
47362000	181
47363000	182
47364000	183
47365000	184
47366000	185
47367000	186
47368000	187
47369000	188
47370000	189
47371000	190
47372000	191
47373000	192
47374000	193
47375000	194
47376000	195
47377000	196
47378000	197
47379000	198
47380000	199
47381000	200
47382000	201
47383000	202
47384000	203
47385000	204
47386000	205
47387000	206
47388000	207
47389000	208
47390000	209
47391000	210
47392000	211
47393000	212
47394000	213
47395000	214
47396000	215
47397000	216
47398000	217
47399000	218
47400000	219
47401000	220
47402000	221
47403000	222
47404000	223
47405000	224
47406000	225
47407000	226
47408000	227
47409000	228
47410000	229
47411000	230
47412000	231
47413000	232
47414000	233
47415000	234
47416000	235
47417000	236
47418000	237
47419000	238
47420000	239
47421000	240
47422000	241
47423000	242
47424000	243
47425000	244
47426000	245
47427000	246
47428000	247
47429000	248
47430000	249
47431000	250
47432000	251
47433000	252
47434000	253
47435000	254
47436000	255
47437000	256
47438000	257
47439000	258
47440000	259
47441000	260
47442000	261
47443000	262
47444000	263
47445000	264
47446000	265
47447000	266
47448000	267
47449000	268
47450000	269
47451000	270
47452000	271
47453000	272
47454000	273
47455000	274
