46110000	0
46115000	1
46120000	2
46125000	3
46130000	4
46135000	5
46140000	6
46145000	7
46150000	8
46155000	9
46160000	10
46165000	11
46170000	12
46175000	13
46180000	14
46185000	15
46190000	16
46195000	17
46200000	18
46205000	19
46210000	20
46215000	21
46225000	22
46230000	23
46235000	24
46240000	25
46245000	26
46250000	27
46255000	28
46260000	29
46265000	30
46270000	31
46275000	32
46280000	33
46285000	34
46290000	35
46295000	36
46300000	37
46305000	38
46310000	39
46315000	40
46320000	41
46325000	42
46330000	43
46335000	44
46340000	45
46345000	46
46350000	47
46355000	48
46360000	49
46365000	50
46370000	51
46375000	52
46380000	53
46385000	54
46390000	55
46395000	56
46400000	57
46405000	58
46410000	59
46415000	60
46420000	61
46425000	62
46430000	63
46435000	64
46440000	65
46445000	66
46450000	67
46455000	68
46460000	69
46465000	70
46470000	71
46475000	72
46480000	73
46485000	74
46490000	75
46495000	76
46500000	77
46505000	78
46510000	79
46515000	80
46520000	81
46525000	82
46530000	83
46535000	84
