53425000	0
53430000	1
53435000	2
53440000	3
53445000	4
53450000	5
53455000	6
53460000	7
53465000	8
53470000	9
53475000	10
53480000	11
53485000	12
53490000	13
53495000	14
53500000	15
53505000	16
53510000	17
53515000	18
53520000	19
53525000	20
53530000	21
53535000	22
53540000	23
53545000	24
53550000	25
53555000	26
53560000	27
53565000	28
53570000	29
53575000	30
53580000	31
53585000	32
53590000	33
53595000	34
53600000	35
53605000	36
53610000	37
53615000	38
53620000	39
53625000	40
53630000	41
53635000	42
53640000	43
53645000	44
53650000	45
53655000	46
53660000	47
53665000	48
53670000	49
53675000	50
53680000	51
53685000	52
53690000	53
53695000	54
53700000	55
53705000	56
53710000	57
53715000	58
53720000	59
53725000	60
53730000	61
53735000	62
53740000	63
53745000	64
53750000	65
53755000	66
53760000	67
53765000	68
53770000	69
53775000	70
53780000	71
53785000	72
53790000	73
53795000	74
53800000	75
53805000	76
53810000	77
53815000	78
53820000	79
53825000	80
53830000	81
53835000	82
53840000	83
53845000	84
53850000	85
53855000	86
53860000	87
53865000	88
53870000	89
53875000	90
53880000	91
53885000	92
53890000	93
53895000	94
53900000	95
53905000	96
53910000	97
53915000	98
53920000	99
53925000	100
53930000	101
53935000	102
53940000	103
53945000	104
53950000	105
53955000	106
53960000	107
53965000	108
53970000	109
53975000	110
53980000	111
53985000	112
53990000	113
53995000	114
54000000	115
54005000	116
54010000	117
54015000	118
54020000	119
54025000	120
54030000	121
54035000	122
54040000	123
54045000	124
54050000	125
54055000	126
54060000	127
54065000	128
54070000	129
54075000	130
54080000	131
54085000	132
54090000	133
54095000	134
54100000	135
54105000	136
54110000	137
54115000	138
54120000	139
54125000	140
54130000	141
54135000	142
54140000	143
54145000	144
54150000	145
54155000	146
54160000	147
54165000	148
54170000	149
54175000	150
54180000	151
54185000	152
54190000	153
54195000	154
54200000	155
54205000	156
54210000	157
54215000	158
54220000	159
54225000	160
54230000	161
54235000	162
54240000	163
54245000	164
54250000	165
54255000	166
54260000	167
54265000	168
54270000	169
54275000	170
54280000	171
54285000	172
54290000	173
54295000	174
54300000	175
54305000	176
54310000	177
54315000	178
54320000	179
54325000	180
54330000	181
54335000	182
54340000	183
54345000	184
54350000	185
54355000	186
54360000	187
54365000	188
54370000	189
54375000	190
54380000	191
54385000	192
54390000	193
54395000	194
54400000	195
54405000	196
54410000	197
54415000	198
54420000	199
54425000	200
54430000	201
54435000	202
54440000	203
54445000	204
54450000	205
54455000	206
54460000	207
54465000	208
54470000	209
54475000	210
54480000	211
54485000	212
54490000	213
54495000	214
54500000	215
54505000	216
54510000	217
54515000	218
54520000	219
54525000	220
54530000	221
54535000	222
54540000	223
54545000	224
54550000	225
54555000	226
54560000	227
54565000	228
54570000	229
54575000	230
54580000	231
54585000	232
54590000	233
54595000	234
54600000	235
54605000	236
54610000	237
54615000	238
54620000	239
54625000	240
54630000	241
54635000	242
54640000	243
54645000	244
54650000	245
54655000	246
54660000	247
54665000	248
54670000	249
54675000	250
54680000	251
54685000	252
54690000	253
54695000	254
54700000	255
54705000	256
54710000	257
54715000	258
54720000	259
54725000	260
54730000	261
54735000	262
54740000	263
54745000	264
54750000	265
54755000	266
54760000	267
54765000	268
54770000	269
54775000	270
54780000	271
54785000	272
54790000	273
54795000	274
54800000	275
54805000	276
54810000	277
54815000	278
54820000	279
54825000	280
54830000	281
54835000	282
54840000	283
54845000	284
54850000	285
54855000	286
54860000	287
54865000	288
54870000	289
54875000	290
54880000	291
54885000	292
54890000	293
54895000	294
54900000	295
54905000	296
54910000	297
54915000	298
54920000	299
54925000	300
54930000	301
54935000	302
54940000	303
54945000	304
54950000	305
54955000	306
54960000	307
54965000	308
54970000	309
54975000	310
54980000	311
54985000	312
54990000	313
54995000	314
55000000	315
55005000	316
55010000	317
55015000	318
55020000	319
55025000	320
55030000	321
55035000	322
55040000	323
55045000	324
55050000	325
55055000	326
55060000	327
55065000	328
55070000	329
55075000	330
55080000	331
55085000	332
55090000	333
55095000	334
55100000	335
55105000	336
55110000	337
55115000	338
55120000	339
55125000	340
55130000	341
55135000	342
55140000	343
55145000	344
55150000	345
55155000	346
55160000	347
55165000	348
55170000	349
55175000	350
55180000	351
55185000	352
55190000	353
55195000	354
55200000	355
55205000	356
55210000	357
55215000	358
55220000	359
55225000	360
55230000	361
55235000	362
55240000	363
55245000	364
55250000	365
55255000	366
55260000	367
55265000	368
55270000	369
55275000	370
55280000	371
55285000	372
55290000	373
55295000	374
55300000	375
55305000	376
55310000	377
55315000	378
55320000	379
55325000	380
55330000	381
55335000	382
55340000	383
55345000	384
55350000	385
55355000	386
55360000	387
55365000	388
55370000	389
55375000	390
55380000	391
55385000	392
55390000	393
55395000	394
55400000	395
55405000	396
55410000	397
55415000	398
55420000	399
55425000	400
55430000	401
55435000	402
55440000	403
55445000	404
55450000	405
55455000	406
55460000	407
55465000	408
55470000	409
55475000	410
55480000	411
55485000	412
55490000	413
55495000	414
55500000	415
55505000	416
55510000	417
55515000	418
55520000	419
55525000	420
55530000	421
55535000	422
55540000	423
55545000	424
55550000	425
55555000	426
55560000	427
55565000	428
55570000	429
55575000	430
55580000	431
55585000	432
55590000	433
55595000	434
55600000	435
55605000	436
55610000	437
55615000	438
55620000	439
55625000	440
55630000	441
55635000	442
55640000	443
55645000	444
55650000	445
55655000	446
55660000	447
55665000	448
55670000	449
55675000	450
55680000	451
55685000	452
55690000	453
55695000	454
55700000	455
55705000	456
55710000	457
55715000	458
55720000	459
55725000	460
55730000	461
55735000	462
55740000	463
55745000	464
55750000	465
55755000	466
55760000	467
55765000	468
55770000	469
55775000	470
55780000	471
55785000	472
55790000	473
55795000	474
55800000	475
55805000	476
55810000	477
55815000	478
55820000	479
55825000	480
55830000	481
55835000	482
55840000	483
55845000	484
55850000	485
55855000	486
55860000	487
55865000	488
55870000	489
55875000	490
55880000	491
55885000	492
55890000	493
55895000	494
55900000	495
55905000	496
55910000	497
55915000	498
55920000	499
55925000	500
55930000	501
55935000	502
55940000	503
55945000	504
55950000	505
55955000	506
55960000	507
55965000	508
55970000	509
55975000	510
55980000	511
55985000	512
55990000	513
55995000	514
56000000	515
56005000	516
56010000	517
56015000	518
56020000	519
56025000	520
56030000	521
56035000	522
56040000	523
56045000	524
56050000	525
56055000	526
56060000	527
56065000	528
56070000	529
56075000	530
56080000	531
56085000	532
56090000	533
56095000	534
56100000	535
56105000	536
56110000	537
56115000	538
56120000	539
56125000	540
56130000	541
56135000	542
56140000	543
56145000	544
56150000	545
56155000	546
56160000	547
56165000	548
56170000	549
56175000	550
56180000	551
56185000	552
56190000	553
56195000	554
56200000	555
56205000	556
56210000	557
56215000	558
56220000	559
56225000	560
56230000	561
56235000	562
56240000	563
56245000	564
56250000	565
56255000	566
56260000	567
56265000	568
56270000	569
56275000	570
56280000	571
56285000	572
56290000	573
56295000	574
56300000	575
56305000	576
56310000	577
56315000	578
56320000	579
56325000	580
56330000	581
56335000	582
56340000	583
56345000	584
56350000	585
56355000	586
56360000	587
56365000	588
56370000	589
56375000	590
56380000	591
56385000	592
56390000	593
56395000	594
56400000	595
56405000	596
56410000	597
56415000	598
56420000	599
56425000	600
56430000	601
56435000	602
56440000	603
56445000	604
56450000	605
56455000	606
56460000	607
56465000	608
56470000	609
56475000	610
56480000	611
56485000	612
56490000	613
56495000	614
56500000	615
56505000	616
56510000	617
56515000	618
56520000	619
56525000	620
56530000	621
56535000	622
56540000	623
56545000	624
56550000	625
56555000	626
56560000	627
56565000	628
56570000	629
56575000	630
56580000	631
56585000	632
56590000	633
56595000	634
56600000	635
56605000	636
56610000	637
56615000	638
56620000	639
56625000	640
56630000	641
56635000	642
56640000	643
56645000	644
56650000	645
56655000	646
56660000	647
56665000	648
56670000	649
56675000	650
56680000	651
56685000	652
56690000	653
56695000	654
56700000	655
56705000	656
56710000	657
56715000	658
56720000	659
56725000	660
56730000	661
56735000	662
56740000	663
56745000	664
56750000	665
56755000	666
56760000	667
56765000	668
56770000	669
56775000	670
56780000	671
56785000	672
56790000	673
56795000	674
56800000	675
56805000	676
56810000	677
56815000	678
56820000	679
56825000	680
56830000	681
56835000	682
56840000	683
56845000	684
56850000	685
56855000	686
56860000	687
56865000	688
56870000	689
56875000	690
56880000	691
56885000	692
56890000	693
56895000	694
56900000	695
56905000	696
56910000	697
56915000	698
56920000	699
56925000	700
56930000	701
56935000	702
56940000	703
56945000	704
56950000	705
56955000	706
56960000	707
56965000	708
56970000	709
56975000	710
56980000	711
56985000	712
56990000	713
56995000	714
57000000	715
57005000	716
57010000	717
57015000	718
57020000	719
57025000	720
57030000	721
57035000	722
57040000	723
57045000	724
57050000	725
57055000	726
57060000	727
57065000	728
57070000	729
57075000	730
57080000	731
57085000	732
57090000	733
57095000	734
57100000	735
57105000	736
57110000	737
57115000	738
57120000	739
57125000	740
57130000	741
57135000	742
57140000	743
57145000	744
57150000	745
57155000	746
57160000	747
57165000	748
57170000	749
57175000	750
57180000	751
57185000	752
57190000	753
57195000	754
57200000	755
57205000	756
57210000	757
57215000	758
57220000	759
57225000	760
57230000	761
57235000	762
57240000	763
57245000	764
57250000	765
57255000	766
57260000	767
57265000	768
57270000	769
57275000	770
57280000	771
57285000	772
57290000	773
57295000	774
57300000	775
57305000	776
57310000	777
57315000	778
57320000	779
57325000	780
57330000	781
57335000	782
57340000	783
57345000	784
57350000	785
57355000	786
57360000	787
57365000	788
57370000	789
57375000	790
57380000	791
57385000	792
57390000	793
57395000	794
57400000	795
57405000	796
57410000	797
57415000	798
57420000	799
57425000	800
57430000	801
57435000	802
57440000	803
57445000	804
57450000	805
57455000	806
57460000	807
57465000	808
57470000	809
57475000	810
57480000	811
57485000	812
57490000	813
57495000	814
57500000	815
57505000	816
57510000	817
57515000	818
57520000	819
57525000	820
57530000	821
57535000	822
57540000	823
57545000	824
57550000	825
57555000	826
57560000	827
57565000	828
57570000	829
57575000	830
57580000	831
57585000	832
57590000	833
57595000	834
57600000	835
57605000	836
57610000	837
57615000	838
57620000	839
57625000	840
57630000	841
57635000	842
57640000	843
57645000	844
57650000	845
57655000	846
57660000	847
57665000	848
57670000	849
57675000	850
57680000	851
57685000	852
57690000	853
57695000	854
57700000	855
57705000	856
57710000	857
57745000	858
57750000	859
57755000	860
57760000	861
57765000	862
57770000	863
57775000	864
57780000	865
57785000	866
57790000	867
57795000	868
57800000	869
57805000	870
57810000	871
57815000	872
57820000	873
57825000	874
57830000	875
57835000	876
57840000	877
57845000	878
57850000	879
57855000	880
57860000	881
57865000	882
57870000	883
57875000	884
57880000	885
57885000	886
57890000	887
57895000	888
57900000	889
57905000	890
57910000	891
57915000	892
57920000	893
57925000	894
57930000	895
57935000	896
57940000	897
57945000	898
57950000	899
57955000	900
57960000	901
57965000	902
57970000	903
57975000	904
57980000	905
57985000	906
57990000	907
57995000	908
58000000	909
58005000	910
58010000	911
58015000	912
58020000	913
58025000	914
58030000	915
58035000	916
58040000	917
58045000	918
58050000	919
58055000	920
58060000	921
58065000	922
58070000	923
58075000	924
58080000	925
58085000	926
58090000	927
58095000	928
58100000	929
58105000	930
58110000	931
58115000	932
58120000	933
58125000	934
58130000	935
58135000	936
58140000	937
58145000	938
58150000	939
58155000	940
58160000	941
58165000	942
58170000	943
58175000	944
58180000	945
58185000	946
