127590000	0
127595000	1
127600000	2
127605000	3
127610000	4
127615000	5
127620000	6
127625000	7
127630000	8
127635000	9
127640000	10
127645000	11
127650000	12
127655000	13
127660000	14
127665000	15
127670000	16
127675000	17
127680000	18
127685000	19
127690000	20
127695000	21
127700000	22
127705000	23
127710000	24
127715000	25
127720000	26
127725000	27
127730000	28
127735000	29
127740000	30
127745000	31
127750000	32
127755000	33
127760000	34
127765000	35
127770000	36
127775000	37
127780000	38
127785000	39
127790000	40
127795000	41
127800000	42
127805000	43
127810000	44
127815000	45
127820000	46
127825000	47
127830000	48
127835000	49
127840000	50
127845000	51
127850000	52
127855000	53
127860000	54
127865000	55
127870000	56
127875000	57
127880000	58
127885000	59
127890000	60
127895000	61
127900000	62
127905000	63
127910000	64
127915000	65
127920000	66
127925000	67
127930000	68
127935000	69
127940000	70
127945000	71
127950000	72
127955000	73
127960000	74
127965000	75
127970000	76
127975000	77
127980000	78
127985000	79
127990000	80
127995000	81
128000000	82
128005000	83
128010000	84
128015000	85
128020000	86
128025000	87
128030000	88
128035000	89
128040000	90
128045000	91
128050000	92
128055000	93
128060000	94
128065000	95
128070000	96
128075000	97
128080000	98
128085000	99
128090000	100
128095000	101
128100000	102
128105000	103
128110000	104
128115000	105
128120000	106
128125000	107
128130000	108
128135000	109
128140000	110
128145000	111
128150000	112
128155000	113
128160000	114
128165000	115
128170000	116
128175000	117
128180000	118
