13180000	0
13185000	1
13190000	2
13195000	3
13200000	4
13205000	5
13210000	6
13215000	7
13220000	8
13225000	9
13230000	10
13235000	11
13240000	12
13245000	13
13250000	14
13255000	15
13260000	16
13265000	17
13270000	18
13275000	19
13280000	20
13285000	21
13290000	22
13295000	23
13300000	24
13305000	25
13310000	26
13315000	27
13320000	28
13325000	29
13330000	30
13335000	31
13340000	32
13345000	33
13350000	34
13355000	35
13360000	36
13365000	37
13370000	38
13375000	39
13380000	40
13385000	41
13390000	42
13395000	43
13400000	44
13405000	45
13410000	46
13415000	47
13420000	48
13425000	49
13430000	50
13435000	51
13440000	52
13445000	53
13450000	54
13455000	55
13460000	56
13465000	57
13470000	58
13475000	59
13480000	60
13485000	61
13490000	62
13495000	63
13500000	64
13505000	65
13510000	66
13515000	67
13520000	68
13525000	69
13530000	70
13535000	71
13540000	72
13545000	73
13550000	74
13555000	75
13560000	76
13565000	77
13570000	78
13575000	79
13580000	80
13585000	81
13590000	82
13595000	83
13600000	84
13605000	85
13610000	86
13615000	87
13620000	88
13625000	89
13630000	90
13635000	91
13640000	92
13645000	93
13650000	94
13655000	95
13660000	96
13665000	97
13670000	98
13675000	99
13680000	100
13685000	101
13690000	102
13695000	103
13700000	104
13705000	105
13710000	106
13715000	107
13720000	108
13725000	109
13730000	110
13735000	111
13740000	112
13745000	113
