46720000	0
46725000	1
46730000	2
46735000	3
46740000	4
46745000	5
46750000	6
46755000	7
46760000	8
46765000	9
46770000	10
46775000	11
46780000	12
46785000	13
46790000	14
46795000	15
46800000	16
46805000	17
46810000	18
46815000	19
46820000	20
46825000	21
46830000	22
46835000	23
46840000	24
46845000	25
46850000	26
46855000	27
46860000	28
46865000	29
46870000	30
46875000	31
46880000	32
46885000	33
46890000	34
46895000	35
46900000	36
46905000	37
46910000	38
46915000	39
46920000	40
46925000	41
46930000	42
46935000	43
46940000	44
46945000	45
46950000	46
46955000	47
46960000	48
46965000	49
46970000	50
46975000	51
46980000	52
46985000	53
46990000	54
46995000	55
47000000	56
47005000	57
47010000	58
47015000	59
47020000	60
47025000	61
47030000	62
47035000	63
47040000	64
47045000	65
47050000	66
47055000	67
47060000	68
47065000	69
47070000	70
47075000	71
47080000	72
47085000	73
47090000	74
47095000	75
47100000	76
47105000	77
47110000	78
47115000	79
47120000	80
47125000	81
