37775000	0
37780000	1
37785000	2
37790000	3
37795000	4
37800000	5
37805000	6
37810000	7
37815000	8
37820000	9
37825000	10
37830000	11
37835000	12
37840000	13
37845000	14
37850000	15
37855000	16
37860000	17
37865000	18
37870000	19
37875000	20
37880000	21
37885000	22
37890000	23
37895000	24
37900000	25
37905000	26
37910000	27
37915000	28
37920000	29
37925000	30
37930000	31
37935000	32
37940000	33
37945000	34
37950000	35
37955000	36
37960000	37
37965000	38
37970000	39
37975000	40
37980000	41
37985000	42
37990000	43
37995000	44
38000000	45
38005000	46
38010000	47
38015000	48
38020000	49
38025000	50
38030000	51
38035000	52
38040000	53
38045000	54
38050000	55
38055000	56
38060000	57
38065000	58
38070000	59
38075000	60
38080000	61
38085000	62
38090000	63
38095000	64
38100000	65
38105000	66
38110000	67
38115000	68
38120000	69
38125000	70
38130000	71
38135000	72
38140000	73
38145000	74
38150000	75
38155000	76
38160000	77
38165000	78
38170000	79
38175000	80
38180000	81
38185000	82
38190000	83
38195000	84
38200000	85
38205000	86
38210000	87
38215000	88
38220000	89
38225000	90
38230000	91
38235000	92
38240000	93
38245000	94
38250000	95
38255000	96
38260000	97
38265000	98
38270000	99
38275000	100
38280000	101
38285000	102
38290000	103
38295000	104
38300000	105
38305000	106
38310000	107
38315000	108
38320000	109
