116335000	0
116340000	1
116345000	2
116350000	3
116355000	4
116360000	5
116365000	6
116370000	7
116375000	8
116380000	9
116385000	10
116390000	11
116395000	12
116400000	13
116405000	14
116410000	15
116415000	16
116420000	17
116425000	18
116430000	19
116435000	20
116440000	21
116445000	22
116450000	23
116455000	24
116460000	25
116465000	26
116470000	27
116475000	28
116480000	29
116485000	30
116490000	31
116495000	32
116500000	33
116505000	34
116510000	35
116515000	36
116520000	37
116525000	38
116530000	39
116535000	40
116540000	41
