9775000	0
9780000	1
9785000	2
9790000	3
9795000	4
9800000	5
9805000	6
9810000	7
9815000	8
9820000	9
9825000	10
9830000	11
9835000	12
9840000	13
9845000	14
9850000	15
9855000	16
9860000	17
9865000	18
9870000	19
9875000	20
9880000	21
9885000	22
9890000	23
9895000	24
9900000	25
9905000	26
9910000	27
9915000	28
9920000	29
9925000	30
9930000	31
9935000	32
9940000	33
9945000	34
9950000	35
9955000	36
9960000	37
9965000	38
9970000	39
9975000	40
9980000	41
9985000	42
9990000	43
9995000	44
10000000	45
10005000	46
10010000	47
10015000	48
10020000	49
10025000	50
10030000	51
10035000	52
10040000	53
10045000	54
10050000	55
10055000	56
10060000	57
10065000	58
10070000	59
10075000	60
10080000	61
10085000	62
10090000	63
10095000	64
10100000	65
10105000	66
10110000	67
10115000	68
10120000	69
10125000	70
10130000	71
10135000	72
10140000	73
10145000	74
10150000	75
10155000	76
10160000	77
10165000	78
10170000	79
10175000	80
10180000	81
10185000	82
10190000	83
10195000	84
10200000	85
10205000	86
10210000	87
10215000	88
10220000	89
10225000	90
10230000	91
10235000	92
10240000	93
10245000	94
10250000	95
10255000	96
10260000	97
10265000	98
10270000	99
10275000	100
10280000	101
10285000	102
10290000	103
10295000	104
10300000	105
10305000	106
10310000	107
10315000	108
10320000	109
10325000	110
10330000	111
10335000	112
10340000	113
10345000	114
10350000	115
10355000	116
10360000	117
10365000	118
10370000	119
10375000	120
10380000	121
10385000	122
10390000	123
10395000	124
10400000	125
10405000	126
10410000	127
10415000	128
10420000	129
