3740000	0
3745000	1
3750000	2
3755000	3
3760000	4
3765000	5
3770000	6
3775000	7
3780000	8
3785000	9
3790000	10
3795000	11
3800000	12
3805000	13
3810000	14
3815000	15
3820000	16
3825000	17
3830000	18
3835000	19
3840000	20
3845000	21
3850000	22
3855000	23
3860000	24
3865000	25
3870000	26
3875000	27
3880000	28
3885000	29
3890000	30
3895000	31
3900000	32
3905000	33
3910000	34
3915000	35
3920000	36
3925000	37
3930000	38
3935000	39
3940000	40
3945000	41
3950000	42
3955000	43
3960000	44
3965000	45
3970000	46
3975000	47
3980000	48
3985000	49
3990000	50
3995000	51
4000000	52
4005000	53
4010000	54
4015000	55
4020000	56
4025000	57
4030000	58
4035000	59
4040000	60
4045000	61
4050000	62
4055000	63
4060000	64
4065000	65
4070000	66
4075000	67
4080000	68
4085000	69
4090000	70
4095000	71
4100000	72
4105000	73
4110000	74
4115000	75
4120000	76
4125000	77
4130000	78
4135000	79
4140000	80
4145000	81
4150000	82
4155000	83
4160000	84
4165000	85
4170000	86
4175000	87
4180000	88
4185000	89
4190000	90
4195000	91
4200000	92
4205000	93
4210000	94
4215000	95
4220000	96
4225000	97
4230000	98
4235000	99
4240000	100
4245000	101
4250000	102
4255000	103
4260000	104
4265000	105
4270000	106
4275000	107
4280000	108
4285000	109
4290000	110
4295000	111
4300000	112
4305000	113
4310000	114
4315000	115
4320000	116
4325000	117
4330000	118
4335000	119
4340000	120
4345000	121
4350000	122
4355000	123
4360000	124
4365000	125
4370000	126
4375000	127
4380000	128
4385000	129
4390000	130
4395000	131
4400000	132
4405000	133
4410000	134
4415000	135
4420000	136
4425000	137
4430000	138
4435000	139
4440000	140
4445000	141
4450000	142
4455000	143
4460000	144
4465000	145
4470000	146
4475000	147
4480000	148
4485000	149
4490000	150
4495000	151
4500000	152
4505000	153
4510000	154
4515000	155
4520000	156
4525000	157
4530000	158
4535000	159
4540000	160
4545000	161
4550000	162
4555000	163
4560000	164
4565000	165
4570000	166
4575000	167
