42840000	0
42845000	1
42850000	2
42855000	3
42860000	4
42865000	5
42870000	6
42875000	7
42880000	8
42885000	9
42890000	10
42895000	11
42900000	12
42905000	13
42910000	14
42915000	15
42920000	16
42925000	17
42930000	18
42935000	19
42940000	20
42945000	21
42950000	22
42955000	23
42960000	24
42965000	25
42970000	26
42975000	27
42980000	28
42985000	29
42990000	30
42995000	31
43000000	32
43005000	33
43010000	34
43015000	35
43020000	36
43025000	37
43030000	38
43035000	39
43040000	40
43045000	41
43050000	42
43055000	43
43060000	44
43065000	45
43070000	46
43075000	47
43080000	48
43085000	49
43090000	50
43095000	51
43100000	52
43105000	53
43110000	54
43115000	55
43120000	56
43125000	57
43130000	58
43135000	59
43140000	60
43145000	61
43150000	62
43155000	63
43160000	64
43165000	65
43170000	66
43175000	67
43180000	68
43185000	69
43190000	70
43195000	71
43200000	72
43205000	73
43210000	74
43215000	75
43220000	76
43225000	77
43230000	78
43235000	79
43240000	80
43245000	81
43250000	82
43255000	83
43260000	84
43265000	85
43270000	86
43275000	87
43280000	88
43285000	89
43290000	90
43295000	91
43300000	92
43305000	93
