12825000	0
12830000	1
12835000	2
12840000	3
12845000	4
12850000	5
12855000	6
12860000	7
12865000	8
12870000	9
12875000	10
12880000	11
12885000	12
12890000	13
12895000	14
12900000	15
12905000	16
12910000	17
12915000	18
12920000	19
12925000	20
12930000	21
12935000	22
12940000	23
12945000	24
12950000	25
12955000	26
12960000	27
12965000	28
12970000	29
12975000	30
12980000	31
12985000	32
12990000	33
12995000	34
13000000	35
13005000	36
13010000	37
13015000	38
13020000	39
13025000	40
13030000	41
13035000	42
13040000	43
13045000	44
13050000	45
13055000	46
13060000	47
13065000	48
13070000	49
13075000	50
13080000	51
13085000	52
13090000	53
13095000	54
13100000	55
13105000	56
13110000	57
13115000	58
13120000	59
13125000	60
13130000	61
13135000	62
13140000	63
13145000	64
13150000	65
13155000	66
13160000	67
13165000	68
13170000	69
13175000	70
13180000	71
13185000	72
13190000	73
13195000	74
13200000	75
13205000	76
13210000	77
13215000	78
13220000	79
13225000	80
13230000	81
13235000	82
13240000	83
13245000	84
13250000	85
13255000	86
13260000	87
13265000	88
13270000	89
13275000	90
13280000	91
