1950000	0
1955000	1
1960000	2
1965000	3
1970000	4
1975000	5
1980000	6
1985000	7
1990000	8
1995000	9
2000000	10
2005000	11
2010000	12
2015000	13
2020000	14
2025000	15
2030000	16
2035000	17
2040000	18
2045000	19
2050000	20
2055000	21
2060000	22
2065000	23
2070000	24
2075000	25
2080000	26
2085000	27
2090000	28
2095000	29
2100000	30
2105000	31
2110000	32
2115000	33
2120000	34
2125000	35
2130000	36
2135000	37
2140000	38
2145000	39
2150000	40
2155000	41
2160000	42
2165000	43
2170000	44
2175000	45
2180000	46
2185000	47
2190000	48
2195000	49
2200000	50
2205000	51
2210000	52
2215000	53
2220000	54
2225000	55
2230000	56
2235000	57
2240000	58
2245000	59
2250000	60
2255000	61
2260000	62
2265000	63
2270000	64
2275000	65
2280000	66
2285000	67
2290000	68
2295000	69
2300000	70
2305000	71
2310000	72
2315000	73
2320000	74
2325000	75
2330000	76
2335000	77
2340000	78
2345000	79
2350000	80
2355000	81
2360000	82
2365000	83
2370000	84
2375000	85
2380000	86
2385000	87
2390000	88
2395000	89
2400000	90
2405000	91
2410000	92
2415000	93
2420000	94
2425000	95
2430000	96
2435000	97
2440000	98
2445000	99
2450000	100
2455000	101
2460000	102
2465000	103
2470000	104
2475000	105
2480000	106
2485000	107
2490000	108
2495000	109
2500000	110
2505000	111
