4080000	0
4085000	1
4090000	2
4095000	3
4100000	4
4105000	5
4110000	6
4115000	7
4120000	8
4125000	9
4130000	10
4135000	11
4140000	12
4145000	13
4150000	14
4155000	15
4160000	16
4165000	17
4170000	18
4175000	19
4180000	20
4185000	21
4190000	22
4195000	23
4200000	24
4205000	25
4210000	26
4215000	27
4220000	28
4225000	29
4230000	30
4235000	31
4240000	32
4245000	33
4250000	34
4255000	35
4260000	36
4265000	37
4270000	38
4275000	39
4280000	40
4285000	41
4290000	42
4295000	43
4300000	44
4305000	45
4310000	46
4315000	47
4320000	48
4325000	49
4330000	50
4335000	51
4340000	52
4345000	53
4350000	54
4355000	55
4360000	56
4365000	57
4370000	58
4375000	59
4380000	60
4385000	61
4390000	62
4395000	63
4400000	64
4405000	65
4410000	66
4415000	67
4420000	68
4425000	69
4430000	70
4435000	71
4440000	72
4445000	73
4450000	74
4455000	75
4460000	76
4465000	77
4470000	78
4475000	79
4480000	80
4485000	81
4490000	82
4495000	83
4500000	84
4505000	85
4510000	86
4515000	87
4520000	88
4525000	89
4530000	90
4535000	91
4540000	92
4545000	93
4550000	94
4555000	95
4560000	96
4565000	97
4570000	98
4575000	99
4580000	100
4585000	101
4590000	102
4595000	103
4600000	104
4605000	105
4610000	106
4615000	107
4620000	108
4625000	109
4630000	110
4635000	111
4640000	112
4645000	113
4650000	114
4655000	115
4660000	116
4665000	117
4670000	118
4675000	119
4680000	120
4685000	121
4690000	122
4695000	123
4700000	124
4705000	125
