1765000	0
1770000	1
1775000	2
1780000	3
1785000	4
1790000	5
1795000	6
1800000	7
1805000	8
1810000	9
1815000	10
1820000	11
1825000	12
1830000	13
1835000	14
1840000	15
1845000	16
1850000	17
1855000	18
1860000	19
1865000	20
1870000	21
1875000	22
1880000	23
1885000	24
1890000	25
1895000	26
1900000	27
1905000	28
1910000	29
1915000	30
1920000	31
1925000	32
1930000	33
1935000	34
1940000	35
1945000	36
1950000	37
1955000	38
1960000	39
1965000	40
1970000	41
1975000	42
1980000	43
1985000	44
1990000	45
1995000	46
2000000	47
2005000	48
2010000	49
2015000	50
2020000	51
2025000	52
2030000	53
2035000	54
2040000	55
2045000	56
2050000	57
2055000	58
2060000	59
2065000	60
2070000	61
2075000	62
2080000	63
2085000	64
2090000	65
2095000	66
2100000	67
2105000	68
2110000	69
2115000	70
2120000	71
2125000	72
2130000	73
2135000	74
2140000	75
2145000	76
2150000	77
2155000	78
2160000	79
2165000	80
2170000	81
2175000	82
2180000	83
