34550000	0
34555000	1
34560000	2
34565000	3
34570000	4
34575000	5
34580000	6
34585000	7
34590000	8
34595000	9
34600000	10
34605000	11
34610000	12
34615000	13
34620000	14
34625000	15
34630000	16
34635000	17
34640000	18
34645000	19
34650000	20
34655000	21
34660000	22
34665000	23
34670000	24
34675000	25
34680000	26
34685000	27
34690000	28
34695000	29
34700000	30
34705000	31
34710000	32
34715000	33
34720000	34
34725000	35
34730000	36
34735000	37
34740000	38
34745000	39
34750000	40
34755000	41
34760000	42
34765000	43
34770000	44
34775000	45
34780000	46
34785000	47
34790000	48
34795000	49
34800000	50
34805000	51
34810000	52
34815000	53
34820000	54
34825000	55
34830000	56
34835000	57
34840000	58
34845000	59
34850000	60
34855000	61
34860000	62
34865000	63
34870000	64
34875000	65
34880000	66
34885000	67
34890000	68
34895000	69
34945000	70
34950000	71
34955000	72
34960000	73
34965000	74
34970000	75
34975000	76
34980000	77
34985000	78
34990000	79
34995000	80
35000000	81
35005000	82
35010000	83
35015000	84
35020000	85
35025000	86
35030000	87
35035000	88
35040000	89
35045000	90
35050000	91
35055000	92
35060000	93
35065000	94
35070000	95
35075000	96
35080000	97
35085000	98
35090000	99
35095000	100
35100000	101
