48705000	0
48710000	1
48715000	2
48720000	3
48725000	4
48730000	5
48735000	6
48740000	7
48745000	8
48750000	9
48755000	10
48760000	11
48765000	12
48770000	13
48775000	14
48780000	15
48785000	16
48790000	17
48795000	18
48800000	19
48805000	20
48810000	21
48815000	22
48820000	23
48825000	24
48830000	25
48835000	26
48840000	27
48845000	28
48850000	29
48855000	30
48860000	31
48865000	32
48870000	33
48875000	34
48880000	35
48885000	36
48890000	37
48895000	38
48900000	39
48905000	40
48910000	41
48915000	42
48920000	43
48925000	44
48930000	45
48935000	46
48940000	47
48945000	48
48950000	49
48955000	50
48960000	51
48965000	52
48970000	53
48975000	54
48980000	55
48985000	56
48990000	57
48995000	58
49000000	59
49005000	60
49010000	61
49015000	62
49020000	63
49025000	64
49030000	65
49035000	66
49040000	67
49045000	68
49050000	69
49055000	70
49060000	71
49065000	72
49070000	73
49075000	74
49080000	75
49085000	76
49090000	77
49095000	78
49100000	79
49105000	80
49110000	81
49115000	82
49120000	83
49125000	84
49130000	85
49135000	86
49140000	87
49145000	88
49150000	89
49155000	90
49160000	91
49165000	92
49170000	93
49175000	94
49180000	95
49185000	96
49190000	97
49195000	98
49200000	99
49205000	100
49210000	101
49215000	102
49220000	103
49225000	104
49230000	105
49235000	106
49240000	107
49245000	108
49250000	109
49255000	110
49260000	111
49265000	112
49270000	113
49275000	114
49280000	115
49285000	116
49290000	117
49295000	118
49300000	119
49305000	120
49310000	121
49315000	122
49320000	123
49325000	124
49330000	125
49335000	126
49340000	127
49345000	128
49350000	129
49355000	130
49360000	131
