96435000	0
96440000	1
96445000	2
96450000	3
96455000	4
96460000	5
96465000	6
96470000	7
96475000	8
96480000	9
96485000	10
96490000	11
96495000	12
96500000	13
96505000	14
96510000	15
96515000	16
96520000	17
96525000	18
96530000	19
96535000	20
96540000	21
96545000	22
96550000	23
96555000	24
96560000	25
96565000	26
96570000	27
96575000	28
96580000	29
96585000	30
96590000	31
96595000	32
96600000	33
96605000	34
96610000	35
96615000	36
96620000	37
96625000	38
96630000	39
96635000	40
96640000	41
96645000	42
96650000	43
96655000	44
96660000	45
96665000	46
96670000	47
96675000	48
96680000	49
96685000	50
96690000	51
96695000	52
96700000	53
96705000	54
96710000	55
96715000	56
96720000	57
96725000	58
96730000	59
96735000	60
96740000	61
96745000	62
96750000	63
96755000	64
96760000	65
96765000	66
96770000	67
96775000	68
96780000	69
96785000	70
96790000	71
96795000	72
96800000	73
96805000	74
96810000	75
96815000	76
96820000	77
96825000	78
96830000	79
96835000	80
96840000	81
96845000	82
96850000	83
96855000	84
96860000	85
96865000	86
96870000	87
96875000	88
96880000	89
96885000	90
96890000	91
96895000	92
96900000	93
96905000	94
96910000	95
96915000	96
96920000	97
96925000	98
96930000	99
96935000	100
96940000	101
96945000	102
96950000	103
96955000	104
96960000	105
96965000	106
96970000	107
96975000	108
96980000	109
96985000	110
96990000	111
96995000	112
97000000	113
97005000	114
97010000	115
97015000	116
97020000	117
97025000	118
97030000	119
97035000	120
97040000	121
97045000	122
97050000	123
97055000	124
97060000	125
97065000	126
97070000	127
97075000	128
97080000	129
97085000	130
97090000	131
97095000	132
97100000	133
97105000	134
97110000	135
97115000	136
97120000	137
97125000	138
97130000	139
97135000	140
97140000	141
97145000	142
97150000	143
97155000	144
97160000	145
97165000	146
97170000	147
97175000	148
97180000	149
97185000	150
97190000	151
97195000	152
97200000	153
97205000	154
97210000	155
97215000	156
97220000	157
97225000	158
97230000	159
97235000	160
97240000	161
97245000	162
97250000	163
97255000	164
97260000	165
97265000	166
97270000	167
97275000	168
97280000	169
97285000	170
97290000	171
97295000	172
97300000	173
97305000	174
97310000	175
97315000	176
97320000	177
97325000	178
97330000	179
97335000	180
97340000	181
97345000	182
97350000	183
97355000	184
97360000	185
97365000	186
97370000	187
97375000	188
97380000	189
97385000	190
97390000	191
97395000	192
97400000	193
97405000	194
97410000	195
97415000	196
97420000	197
97425000	198
97430000	199
97435000	200
97440000	201
97445000	202
97450000	203
97455000	204
97460000	205
97465000	206
97470000	207
97475000	208
97480000	209
97485000	210
97490000	211
97495000	212
97500000	213
97505000	214
97510000	215
97515000	216
97520000	217
97525000	218
97530000	219
97535000	220
97540000	221
97545000	222
97550000	223
97555000	224
97560000	225
97565000	226
97570000	227
97575000	228
97580000	229
97585000	230
97590000	231
97595000	232
97600000	233
97605000	234
97610000	235
97615000	236
97620000	237
97625000	238
97630000	239
97635000	240
97640000	241
97645000	242
97650000	243
97655000	244
97660000	245
97665000	246
97670000	247
97675000	248
97680000	249
97685000	250
97690000	251
97695000	252
97700000	253
97705000	254
97710000	255
97715000	256
97720000	257
97725000	258
97730000	259
97735000	260
97740000	261
97745000	262
97750000	263
97755000	264
97760000	265
97765000	266
97770000	267
97775000	268
97780000	269
97785000	270
97790000	271
97795000	272
97800000	273
97805000	274
97810000	275
97815000	276
97820000	277
97825000	278
97830000	279
97835000	280
97840000	281
97845000	282
97850000	283
97855000	284
97860000	285
97865000	286
97870000	287
97875000	288
97880000	289
97885000	290
97890000	291
97895000	292
97900000	293
97905000	294
97910000	295
97915000	296
97920000	297
97925000	298
97930000	299
97935000	300
97940000	301
97945000	302
97950000	303
97955000	304
97960000	305
97965000	306
97970000	307
97975000	308
97980000	309
97985000	310
97990000	311
97995000	312
98000000	313
98005000	314
98010000	315
98015000	316
98020000	317
98025000	318
98030000	319
98035000	320
98040000	321
98045000	322
98050000	323
98055000	324
98060000	325
98065000	326
98070000	327
98075000	328
98080000	329
98085000	330
98090000	331
98095000	332
98100000	333
98105000	334
98110000	335
98115000	336
98120000	337
98125000	338
98130000	339
98135000	340
98140000	341
98145000	342
98150000	343
98155000	344
98160000	345
98165000	346
98170000	347
98175000	348
98180000	349
98185000	350
98190000	351
98195000	352
98200000	353
98205000	354
98210000	355
98215000	356
98220000	357
98225000	358
98230000	359
98235000	360
98240000	361
98245000	362
98250000	363
98255000	364
98260000	365
98265000	366
98270000	367
98275000	368
98280000	369
98285000	370
98290000	371
98295000	372
98300000	373
98305000	374
98310000	375
98315000	376
98320000	377
98325000	378
98330000	379
98335000	380
98340000	381
98345000	382
98350000	383
98355000	384
98360000	385
98365000	386
98370000	387
98375000	388
98380000	389
98385000	390
98390000	391
98395000	392
98400000	393
98405000	394
98410000	395
98415000	396
98420000	397
98425000	398
98430000	399
98435000	400
98440000	401
98445000	402
98450000	403
98455000	404
98460000	405
98465000	406
98470000	407
98475000	408
98480000	409
98485000	410
98490000	411
98495000	412
98500000	413
98505000	414
98510000	415
98515000	416
98520000	417
98525000	418
98530000	419
98535000	420
98540000	421
98545000	422
98550000	423
98555000	424
98560000	425
98565000	426
98570000	427
98575000	428
98580000	429
98585000	430
98590000	431
98595000	432
98600000	433
98605000	434
98610000	435
98615000	436
98620000	437
98625000	438
98630000	439
98635000	440
98640000	441
98645000	442
98650000	443
98655000	444
98660000	445
98665000	446
98670000	447
98675000	448
98680000	449
98685000	450
98690000	451
98695000	452
98700000	453
98705000	454
98710000	455
98715000	456
98720000	457
98725000	458
98730000	459
98735000	460
98740000	461
98745000	462
98750000	463
98755000	464
98760000	465
98765000	466
98770000	467
98775000	468
98780000	469
98785000	470
98790000	471
98795000	472
98800000	473
98805000	474
98810000	475
98815000	476
98820000	477
98825000	478
98830000	479
98835000	480
98840000	481
98845000	482
98850000	483
98855000	484
98860000	485
98865000	486
98870000	487
98875000	488
98880000	489
98885000	490
98890000	491
98895000	492
98900000	493
98905000	494
98910000	495
98915000	496
98920000	497
98925000	498
98930000	499
98935000	500
98940000	501
98945000	502
98950000	503
98955000	504
98960000	505
98965000	506
98970000	507
98975000	508
98980000	509
98985000	510
98990000	511
98995000	512
99000000	513
99005000	514
99010000	515
99015000	516
99020000	517
99025000	518
99030000	519
99035000	520
99040000	521
99045000	522
99050000	523
99055000	524
99060000	525
99065000	526
99070000	527
99075000	528
99080000	529
99085000	530
99090000	531
99095000	532
99100000	533
99105000	534
99110000	535
99115000	536
99120000	537
99125000	538
99130000	539
99135000	540
99140000	541
99145000	542
99150000	543
99155000	544
99160000	545
99165000	546
99170000	547
99175000	548
99180000	549
99185000	550
99190000	551
99195000	552
99200000	553
99205000	554
99210000	555
99215000	556
99220000	557
99225000	558
99230000	559
99235000	560
99240000	561
99245000	562
99250000	563
99255000	564
99260000	565
99265000	566
99270000	567
99275000	568
99280000	569
99285000	570
99290000	571
99295000	572
99300000	573
99305000	574
99310000	575
99315000	576
99320000	577
99325000	578
99330000	579
99335000	580
99340000	581
99345000	582
99350000	583
99355000	584
99360000	585
99365000	586
99370000	587
99375000	588
99380000	589
99385000	590
99390000	591
99395000	592
99400000	593
99405000	594
99410000	595
99415000	596
99420000	597
99425000	598
99430000	599
99435000	600
99440000	601
99445000	602
99450000	603
99455000	604
99460000	605
99465000	606
99470000	607
99475000	608
99480000	609
99485000	610
99490000	611
99495000	612
99500000	613
99505000	614
99510000	615
99515000	616
99520000	617
99525000	618
99530000	619
99535000	620
99540000	621
99545000	622
99550000	623
99555000	624
99560000	625
99565000	626
99570000	627
99575000	628
99580000	629
99585000	630
99590000	631
99595000	632
99600000	633
99605000	634
99610000	635
99615000	636
99620000	637
99625000	638
99630000	639
99635000	640
99640000	641
99645000	642
99650000	643
99655000	644
99660000	645
99665000	646
99670000	647
99675000	648
99680000	649
99685000	650
99690000	651
99695000	652
99700000	653
99705000	654
99710000	655
99715000	656
99720000	657
99725000	658
99730000	659
99735000	660
99740000	661
99745000	662
99750000	663
99755000	664
99760000	665
99765000	666
99770000	667
99775000	668
99780000	669
99785000	670
99790000	671
99795000	672
99800000	673
99805000	674
99810000	675
99815000	676
99820000	677
99825000	678
99830000	679
99835000	680
99840000	681
99845000	682
99850000	683
99855000	684
99860000	685
99865000	686
99870000	687
99875000	688
99880000	689
99885000	690
99890000	691
99895000	692
99900000	693
99905000	694
99910000	695
99915000	696
99920000	697
99925000	698
99930000	699
99935000	700
99940000	701
99945000	702
99950000	703
99955000	704
99960000	705
99965000	706
99970000	707
99975000	708
99980000	709
99985000	710
99990000	711
99995000	712
100000000	713
100005000	714
100010000	715
100015000	716
100020000	717
100025000	718
100030000	719
100035000	720
100040000	721
100045000	722
100050000	723
100055000	724
100060000	725
100065000	726
100070000	727
100075000	728
100080000	729
100085000	730
100090000	731
100095000	732
100100000	733
100105000	734
100110000	735
100115000	736
100120000	737
100125000	738
100130000	739
100135000	740
100140000	741
100145000	742
100150000	743
100155000	744
100160000	745
100165000	746
100170000	747
100175000	748
100180000	749
100185000	750
100190000	751
100195000	752
100200000	753
100205000	754
100210000	755
100215000	756
100220000	757
100225000	758
100230000	759
100235000	760
100240000	761
100245000	762
100250000	763
100255000	764
100260000	765
100265000	766
100270000	767
100275000	768
100280000	769
100285000	770
100290000	771
100295000	772
100300000	773
100305000	774
100310000	775
100315000	776
100320000	777
100325000	778
100330000	779
100335000	780
100340000	781
100345000	782
100350000	783
100355000	784
100360000	785
100365000	786
100370000	787
100375000	788
100380000	789
100385000	790
100390000	791
100395000	792
100400000	793
100405000	794
100410000	795
100415000	796
100420000	797
100425000	798
100430000	799
