86635000	0
86640000	1
86645000	2
86650000	3
86655000	4
86660000	5
86665000	6
86670000	7
86675000	8
86680000	9
86685000	10
86690000	11
86695000	12
86700000	13
86705000	14
86710000	15
86715000	16
86720000	17
86725000	18
86730000	19
86735000	20
86740000	21
86745000	22
86750000	23
86755000	24
86760000	25
86765000	26
86770000	27
86775000	28
86780000	29
86785000	30
86790000	31
86795000	32
86800000	33
86805000	34
86810000	35
86815000	36
86820000	37
86825000	38
86830000	39
86835000	40
86840000	41
86845000	42
86850000	43
86855000	44
86860000	45
86865000	46
86870000	47
86875000	48
86880000	49
86885000	50
86890000	51
86895000	52
86900000	53
86905000	54
86910000	55
86915000	56
86920000	57
86925000	58
86930000	59
86935000	60
86940000	61
