146630000	0
146635000	1
146640000	2
146645000	3
146650000	4
146655000	5
146660000	6
146665000	7
146670000	8
146675000	9
146680000	10
146685000	11
146690000	12
146695000	13
146700000	14
146705000	15
146710000	16
146715000	17
146720000	18
146725000	19
146730000	20
146735000	21
146740000	22
146745000	23
146750000	24
146755000	25
146760000	26
146765000	27
146770000	28
146775000	29
146780000	30
146785000	31
146790000	32
146795000	33
146800000	34
146805000	35
146810000	36
146815000	37
146820000	38
146825000	39
146830000	40
146835000	41
146840000	42
146845000	43
146850000	44
146855000	45
146860000	46
146875000	47
146880000	48
146885000	49
146890000	50
146895000	51
146900000	52
146905000	53
146910000	54
146915000	55
146920000	56
146925000	57
146930000	58
146935000	59
146940000	60
146945000	61
146950000	62
146955000	63
146960000	64
146965000	65
146970000	66
146975000	67
146980000	68
146985000	69
146990000	70
146995000	71
147000000	72
147005000	73
147010000	74
147015000	75
147020000	76
147025000	77
147030000	78
147035000	79
147040000	80
147045000	81
147050000	82
147055000	83
147060000	84
147065000	85
147070000	86
147075000	87
147080000	88
147085000	89
147090000	90
147095000	91
147100000	92
147105000	93
147110000	94
147115000	95
147120000	96
147125000	97
147130000	98
147135000	99
147140000	100
147145000	101
147150000	102
147155000	103
147160000	104
147165000	105
147170000	106
147175000	107
147180000	108
147185000	109
147190000	110
147195000	111
147200000	112
147205000	113
147210000	114
147215000	115
147220000	116
147225000	117
147230000	118
147235000	119
147240000	120
147245000	121
147250000	122
147255000	123
147260000	124
147265000	125
147270000	126
147275000	127
147280000	128
147285000	129
147290000	130
147295000	131
147300000	132
147305000	133
147310000	134
