118240000	0
118245000	1
118250000	2
118255000	3
118260000	4
118265000	5
118270000	6
118275000	7
118280000	8
118285000	9
118290000	10
118295000	11
118300000	12
118305000	13
118310000	14
118315000	15
118320000	16
118325000	17
118330000	18
118335000	19
118340000	20
118345000	21
118350000	22
118355000	23
118360000	24
118365000	25
118370000	26
118375000	27
118380000	28
118385000	29
118390000	30
118395000	31
118400000	32
118405000	33
118410000	34
118415000	35
118420000	36
118425000	37
118430000	38
118435000	39
118440000	40
118445000	41
118450000	42
118455000	43
118460000	44
118465000	45
118470000	46
118475000	47
118480000	48
118485000	49
118490000	50
118495000	51
118500000	52
118505000	53
118510000	54
118515000	55
118520000	56
118525000	57
118530000	58
118535000	59
118540000	60
118545000	61
118550000	62
118555000	63
118560000	64
118565000	65
118570000	66
118575000	67
118580000	68
118585000	69
118590000	70
118595000	71
118600000	72
118605000	73
118610000	74
118615000	75
118620000	76
118625000	77
118630000	78
118635000	79
118640000	80
118645000	81
118650000	82
118655000	83
118660000	84
118665000	85
118670000	86
118675000	87
118680000	88
118685000	89
118690000	90
118695000	91
118700000	92
118705000	93
118710000	94
118715000	95
118720000	96
118725000	97
118730000	98
118735000	99
118740000	100
118745000	101
118750000	102
118755000	103
118760000	104
118765000	105
118770000	106
118775000	107
118780000	108
118785000	109
118790000	110
118795000	111
118800000	112
118805000	113
118810000	114
118815000	115
118820000	116
118825000	117
118830000	118
118835000	119
118840000	120
118845000	121
118850000	122
118855000	123
118860000	124
118865000	125
118870000	126
118875000	127
118880000	128
118885000	129
118890000	130
118895000	131
118900000	132
118905000	133
118910000	134
118915000	135
118920000	136
118925000	137
118930000	138
118935000	139
118940000	140
118945000	141
118950000	142
118955000	143
118960000	144
118965000	145
118970000	146
118975000	147
118980000	148
118985000	149
118990000	150
118995000	151
119000000	152
119005000	153
119010000	154
119015000	155
119020000	156
119025000	157
119030000	158
119035000	159
119040000	160
119045000	161
119050000	162
119055000	163
119060000	164
119065000	165
119070000	166
119075000	167
119080000	168
119085000	169
119090000	170
119095000	171
119100000	172
119105000	173
119110000	174
119115000	175
119120000	176
119125000	177
119130000	178
119135000	179
119140000	180
119145000	181
119150000	182
119155000	183
119160000	184
119165000	185
119170000	186
119175000	187
119180000	188
119185000	189
119190000	190
119195000	191
119200000	192
119205000	193
119210000	194
119215000	195
119220000	196
119225000	197
119230000	198
119235000	199
119240000	200
119245000	201
119250000	202
119255000	203
119260000	204
119265000	205
119270000	206
119275000	207
119280000	208
119285000	209
119290000	210
119295000	211
119300000	212
119305000	213
119310000	214
119315000	215
119320000	216
119325000	217
119330000	218
119335000	219
119340000	220
119345000	221
119350000	222
119355000	223
119360000	224
119365000	225
119370000	226
119375000	227
119380000	228
119385000	229
119390000	230
119395000	231
119400000	232
119405000	233
119410000	234
119415000	235
119420000	236
119425000	237
119430000	238
119435000	239
119440000	240
119445000	241
119450000	242
119455000	243
119460000	244
119465000	245
119470000	246
119475000	247
119480000	248
119485000	249
119490000	250
119495000	251
119500000	252
119505000	253
119510000	254
119515000	255
119520000	256
119525000	257
119530000	258
119535000	259
119540000	260
119545000	261
119550000	262
119555000	263
119560000	264
119565000	265
119570000	266
119575000	267
119580000	268
119585000	269
119590000	270
119595000	271
119600000	272
119605000	273
119610000	274
119615000	275
119620000	276
119625000	277
119630000	278
119635000	279
119640000	280
119645000	281
119650000	282
119655000	283
119660000	284
119665000	285
119670000	286
119675000	287
119680000	288
