195800000	0
195805000	1
195810000	2
195815000	3
195820000	4
195825000	5
195830000	6
195835000	7
195840000	8
195845000	9
195850000	10
195855000	11
195860000	12
195865000	13
195870000	14
195875000	15
195880000	16
195885000	17
195890000	18
195895000	19
195900000	20
195905000	21
195910000	22
195915000	23
195920000	24
195925000	25
195930000	26
195935000	27
195940000	28
195945000	29
195950000	30
195955000	31
195960000	32
195965000	33
195970000	34
195975000	35
195980000	36
195985000	37
195990000	38
195995000	39
196000000	40
196005000	41
196010000	42
196015000	43
196020000	44
196025000	45
196030000	46
196035000	47
196040000	48
196045000	49
196050000	50
196055000	51
196060000	52
196065000	53
196070000	54
196075000	55
196080000	56
196085000	57
196090000	58
196095000	59
196100000	60
196105000	61
196110000	62
196115000	63
196120000	64
196125000	65
196130000	66
196135000	67
196140000	68
196145000	69
196150000	70
196155000	71
196160000	72
196165000	73
196170000	74
196175000	75
196180000	76
196185000	77
196190000	78
196195000	79
196200000	80
196205000	81
196210000	82
196215000	83
196220000	84
196225000	85
196230000	86
196235000	87
196240000	88
196245000	89
196250000	90
