97760000	0
97765000	1
97770000	2
97775000	3
97780000	4
97785000	5
97790000	6
97795000	7
97800000	8
97805000	9
97810000	10
97815000	11
97820000	12
97825000	13
97830000	14
97835000	15
97840000	16
97845000	17
97850000	18
97855000	19
97860000	20
97865000	21
97870000	22
97875000	23
97880000	24
97885000	25
97890000	26
97895000	27
97900000	28
97905000	29
97910000	30
97915000	31
97920000	32
97925000	33
97930000	34
97935000	35
97940000	36
97945000	37
97950000	38
97955000	39
97960000	40
97965000	41
97970000	42
97975000	43
97980000	44
97985000	45
97990000	46
97995000	47
98000000	48
98005000	49
98010000	50
98015000	51
98020000	52
98025000	53
98030000	54
98035000	55
98040000	56
98045000	57
98050000	58
98055000	59
98060000	60
98065000	61
98070000	62
98075000	63
98080000	64
98085000	65
98090000	66
98095000	67
98100000	68
98105000	69
98110000	70
98115000	71
98120000	72
98125000	73
98130000	74
98135000	75
98140000	76
98145000	77
98150000	78
98155000	79
98160000	80
98165000	81
98170000	82
98175000	83
98180000	84
98185000	85
98190000	86
98195000	87
98200000	88
98205000	89
98210000	90
98215000	91
98220000	92
98225000	93
98230000	94
98235000	95
98240000	96
98245000	97
98250000	98
98255000	99
98260000	100
98265000	101
98270000	102
98275000	103
98280000	104
98285000	105
98290000	106
98295000	107
98300000	108
98305000	109
98310000	110
98315000	111
98320000	112
98325000	113
98330000	114
98335000	115
98340000	116
98345000	117
98350000	118
98355000	119
98360000	120
98365000	121
98370000	122
98375000	123
98380000	124
98385000	125
98390000	126
98395000	127
98400000	128
98405000	129
98410000	130
98415000	131
98420000	132
98425000	133
98430000	134
98435000	135
98440000	136
98445000	137
98450000	138
98455000	139
98460000	140
98465000	141
98470000	142
98475000	143
98480000	144
98485000	145
98490000	146
98495000	147
98500000	148
98505000	149
98510000	150
98515000	151
98520000	152
98525000	153
98530000	154
98535000	155
