28990000	0
28995000	1
29000000	2
29005000	3
29010000	4
29015000	5
29020000	6
29025000	7
29030000	8
29035000	9
29040000	10
29045000	11
29050000	12
29055000	13
29065000	14
29070000	15
29075000	16
29080000	17
29085000	18
29090000	19
29095000	20
29100000	21
29105000	22
29110000	23
29115000	24
29120000	25
29125000	26
29130000	27
29135000	28
29140000	29
29145000	30
29150000	31
29155000	32
29160000	33
29165000	34
29170000	35
29175000	36
29180000	37
29185000	38
29190000	39
29195000	40
29200000	41
29205000	42
29210000	43
29215000	44
29220000	45
29225000	46
29230000	47
29235000	48
29240000	49
29245000	50
29250000	51
29255000	52
29260000	53
29265000	54
29270000	55
29275000	56
29280000	57
29285000	58
29290000	59
29295000	60
29300000	61
29305000	62
29310000	63
29315000	64
29320000	65
29325000	66
29330000	67
29335000	68
29340000	69
29345000	70
29350000	71
29355000	72
29360000	73
29365000	74
29370000	75
29375000	76
29380000	77
29385000	78
29390000	79
29395000	80
29400000	81
29405000	82
29410000	83
29415000	84
29420000	85
29425000	86
29430000	87
29435000	88
29440000	89
29445000	90
29450000	91
29455000	92
29460000	93
29465000	94
29470000	95
29475000	96
29480000	97
29485000	98
29490000	99
29495000	100
29500000	101
29505000	102
29510000	103
29515000	104
29520000	105
29525000	106
29530000	107
29535000	108
29540000	109
29545000	110
29550000	111
29555000	112
29560000	113
29565000	114
29570000	115
29575000	116
29580000	117
29585000	118
29590000	119
29595000	120
29600000	121
29605000	122
29610000	123
29615000	124
29620000	125
29625000	126
29630000	127
29635000	128
29640000	129
29645000	130
29650000	131
29655000	132
29660000	133
29665000	134
