111430000	0
111435000	1
111440000	2
111445000	3
111450000	4
111455000	5
111460000	6
111465000	7
111470000	8
111475000	9
111480000	10
111485000	11
111490000	12
111495000	13
111500000	14
111505000	15
111510000	16
111515000	17
111520000	18
111525000	19
111530000	20
111535000	21
111540000	22
111545000	23
111550000	24
111555000	25
111560000	26
111565000	27
111570000	28
111575000	29
111580000	30
111585000	31
111590000	32
111595000	33
111600000	34
111605000	35
111610000	36
111615000	37
111620000	38
111625000	39
111630000	40
111635000	41
111640000	42
111645000	43
111650000	44
111655000	45
111660000	46
111665000	47
111670000	48
111675000	49
111680000	50
111685000	51
111690000	52
111695000	53
111700000	54
111705000	55
111710000	56
111715000	57
111720000	58
111725000	59
111730000	60
111735000	61
111740000	62
111745000	63
111750000	64
111755000	65
111760000	66
111765000	67
111770000	68
111775000	69
111780000	70
111785000	71
111790000	72
111795000	73
111800000	74
111805000	75
111810000	76
111815000	77
111820000	78
111825000	79
111830000	80
111835000	81
111840000	82
111845000	83
111850000	84
111855000	85
111860000	86
111865000	87
111870000	88
111875000	89
