8200000	0
8205000	1
8210000	2
8215000	3
8220000	4
8225000	5
8230000	6
8235000	7
8240000	8
8245000	9
8250000	10
8255000	11
8260000	12
8265000	13
8270000	14
8275000	15
8280000	16
8285000	17
8290000	18
8295000	19
8300000	20
8305000	21
8310000	22
8315000	23
8320000	24
8325000	25
8330000	26
8335000	27
8340000	28
8345000	29
8350000	30
8355000	31
8360000	32
8365000	33
8370000	34
8375000	35
8380000	36
8385000	37
8390000	38
8395000	39
8400000	40
8405000	41
8410000	42
8415000	43
8420000	44
8425000	45
8430000	46
8435000	47
8440000	48
8445000	49
8450000	50
8455000	51
8460000	52
8465000	53
8470000	54
8475000	55
8480000	56
8485000	57
8490000	58
8495000	59
8500000	60
8505000	61
8510000	62
8515000	63
8520000	64
8525000	65
8530000	66
8535000	67
8540000	68
8545000	69
8550000	70
8555000	71
8560000	72
8565000	73
8570000	74
8575000	75
8580000	76
8585000	77
8590000	78
8595000	79
8600000	80
8605000	81
8610000	82
8615000	83
8620000	84
8625000	85
8630000	86
8635000	87
8640000	88
8645000	89
8650000	90
8655000	91
8660000	92
8665000	93
8670000	94
8675000	95
8680000	96
8685000	97
8690000	98
8695000	99
8700000	100
8705000	101
8710000	102
8715000	103
8720000	104
8725000	105
8730000	106
8735000	107
8740000	108
8745000	109
8750000	110
8755000	111
8760000	112
8765000	113
8770000	114
8775000	115
8780000	116
8785000	117
8790000	118
8795000	119
8800000	120
8805000	121
8810000	122
8815000	123
8820000	124
8825000	125
8830000	126
8835000	127
8840000	128
8845000	129
8850000	130
8855000	131
8860000	132
8865000	133
8870000	134
8875000	135
8880000	136
8885000	137
8890000	138
8895000	139
8900000	140
8905000	141
8910000	142
8915000	143
8920000	144
8925000	145
8930000	146
8935000	147
8940000	148
8945000	149
8950000	150
8955000	151
8960000	152
8965000	153
8970000	154
8975000	155
8980000	156
8985000	157
8990000	158
8995000	159
9000000	160
9005000	161
9010000	162
9015000	163
9020000	164
9025000	165
9030000	166
9035000	167
9040000	168
9045000	169
9050000	170
9055000	171
9060000	172
9065000	173
9070000	174
9075000	175
9080000	176
9085000	177
9090000	178
9095000	179
9100000	180
9105000	181
9110000	182
9115000	183
9120000	184
9125000	185
9130000	186
9135000	187
9140000	188
9145000	189
9150000	190
9155000	191
9160000	192
9165000	193
9170000	194
9175000	195
9180000	196
9185000	197
9190000	198
9195000	199
9200000	200
9205000	201
9210000	202
9215000	203
9220000	204
9225000	205
9230000	206
9235000	207
9240000	208
9245000	209
9250000	210
9255000	211
9260000	212
9265000	213
9270000	214
9275000	215
9280000	216
9285000	217
9290000	218
9295000	219
9300000	220
9305000	221
9310000	222
9315000	223
9320000	224
9325000	225
9330000	226
9335000	227
9340000	228
9345000	229
9350000	230
9355000	231
9360000	232
9365000	233
9370000	234
9375000	235
9380000	236
9385000	237
9390000	238
9395000	239
9400000	240
9405000	241
9410000	242
9415000	243
9420000	244
9425000	245
9430000	246
9435000	247
9440000	248
9445000	249
9450000	250
9455000	251
9460000	252
9465000	253
9470000	254
9475000	255
9480000	256
9485000	257
9490000	258
9495000	259
9500000	260
9505000	261
9510000	262
9515000	263
9520000	264
9525000	265
9530000	266
9535000	267
9540000	268
9545000	269
9550000	270
9555000	271
9560000	272
9565000	273
9570000	274
9575000	275
9580000	276
9585000	277
9590000	278
9595000	279
9600000	280
9605000	281
9610000	282
9615000	283
9620000	284
9625000	285
9630000	286
9635000	287
9640000	288
9645000	289
9650000	290
9655000	291
9660000	292
9665000	293
9670000	294
9675000	295
9680000	296
9685000	297
9690000	298
9695000	299
9700000	300
9705000	301
9710000	302
9715000	303
9720000	304
9725000	305
9730000	306
9735000	307
9740000	308
9745000	309
9750000	310
9755000	311
9760000	312
9765000	313
9770000	314
9775000	315
