88880000	0
88885000	1
88890000	2
88895000	3
88900000	4
88905000	5
88910000	6
88915000	7
88920000	8
88925000	9
88930000	10
88935000	11
88940000	12
88945000	13
88950000	14
88955000	15
88960000	16
88965000	17
88970000	18
88975000	19
88980000	20
88985000	21
88990000	22
88995000	23
89000000	24
89005000	25
89010000	26
89015000	27
89020000	28
89025000	29
89030000	30
89035000	31
89040000	32
89045000	33
89050000	34
89055000	35
89060000	36
89065000	37
89070000	38
89075000	39
89080000	40
89085000	41
89090000	42
89095000	43
89100000	44
89105000	45
89110000	46
89115000	47
89120000	48
89125000	49
89130000	50
89135000	51
89140000	52
89145000	53
89150000	54
89155000	55
89160000	56
89165000	57
89170000	58
89175000	59
89180000	60
89185000	61
89190000	62
89195000	63
89200000	64
89205000	65
89210000	66
89215000	67
89220000	68
89225000	69
89230000	70
89235000	71
89240000	72
89245000	73
89250000	74
89255000	75
89260000	76
89265000	77
89270000	78
89275000	79
89280000	80
89285000	81
89290000	82
89295000	83
89300000	84
89305000	85
89310000	86
89315000	87
89320000	88
89325000	89
89330000	90
89335000	91
89340000	92
89345000	93
89350000	94
89355000	95
89360000	96
89365000	97
