64370000	0
64375000	1
64380000	2
64385000	3
64390000	4
64395000	5
64400000	6
64405000	7
64410000	8
64415000	9
64420000	10
64425000	11
64430000	12
64435000	13
64440000	14
64445000	15
64450000	16
64455000	17
64460000	18
64465000	19
64470000	20
64475000	21
64480000	22
64485000	23
64490000	24
64495000	25
64500000	26
64505000	27
64510000	28
64515000	29
64520000	30
64525000	31
64530000	32
64535000	33
64540000	34
64545000	35
64550000	36
64555000	37
64560000	38
64565000	39
64570000	40
64595000	41
64600000	42
64605000	43
64610000	44
64615000	45
64620000	46
64630000	47
64635000	48
64640000	49
64645000	50
64650000	51
64655000	52
64660000	53
64665000	54
64670000	55
64675000	56
64680000	57
64685000	58
64690000	59
64695000	60
64700000	61
64705000	62
64710000	63
64715000	64
64725000	65
64730000	66
64735000	67
64740000	68
64745000	69
64750000	70
64755000	71
64760000	72
64765000	73
64770000	74
64775000	75
64780000	76
64785000	77
64790000	78
64795000	79
64800000	80
64805000	81
64810000	82
64815000	83
64820000	84
64825000	85
64830000	86
64835000	87
64840000	88
64845000	89
64850000	90
64855000	91
64860000	92
64865000	93
64870000	94
64875000	95
64880000	96
64885000	97
64890000	98
64895000	99
64900000	100
64905000	101
64910000	102
64915000	103
64920000	104
64925000	105
64930000	106
64935000	107
64940000	108
64945000	109
64950000	110
64955000	111
64960000	112
64965000	113
64970000	114
64975000	115
64980000	116
64985000	117
65015000	118
65045000	119
65050000	120
65055000	121
65060000	122
65065000	123
65070000	124
65075000	125
65080000	126
65085000	127
65090000	128
65115000	129
65145000	130
65150000	131
65155000	132
65160000	133
65165000	134
65170000	135
65175000	136
65180000	137
65185000	138
65190000	139
65195000	140
65200000	141
65205000	142
65210000	143
65215000	144
65220000	145
65225000	146
65230000	147
65235000	148
65240000	149
65245000	150
65250000	151
65255000	152
65260000	153
65265000	154
65270000	155
65275000	156
65280000	157
65285000	158
65290000	159
65295000	160
65300000	161
65305000	162
65310000	163
65315000	164
65320000	165
65325000	166
65330000	167
65335000	168
