113805000	0
113810000	1
113815000	2
113820000	3
113825000	4
113830000	5
113835000	6
113840000	7
113845000	8
113850000	9
113855000	10
113860000	11
113865000	12
113870000	13
113875000	14
113880000	15
113885000	16
113890000	17
113895000	18
113900000	19
113905000	20
113910000	21
113915000	22
113920000	23
113925000	24
113930000	25
113935000	26
113940000	27
113945000	28
113950000	29
113955000	30
113960000	31
113965000	32
113970000	33
113975000	34
113980000	35
113985000	36
113990000	37
113995000	38
114000000	39
114005000	40
114010000	41
114015000	42
114020000	43
114025000	44
114030000	45
114035000	46
114040000	47
114045000	48
114050000	49
114055000	50
114060000	51
114065000	52
114070000	53
114075000	54
114080000	55
114085000	56
114090000	57
114095000	58
114100000	59
114105000	60
114110000	61
114115000	62
114120000	63
114125000	64
114130000	65
114135000	66
114140000	67
114145000	68
114150000	69
114155000	70
114160000	71
114165000	72
114170000	73
114175000	74
114180000	75
114185000	76
114190000	77
114195000	78
114200000	79
114205000	80
114210000	81
114215000	82
114220000	83
114225000	84
114230000	85
114235000	86
114240000	87
114245000	88
114250000	89
114255000	90
114260000	91
114265000	92
114270000	93
114275000	94
114280000	95
114285000	96
114290000	97
114295000	98
114300000	99
114305000	100
114310000	101
114315000	102
114320000	103
114325000	104
114330000	105
114335000	106
114340000	107
114345000	108
114350000	109
114355000	110
114360000	111
114365000	112
114370000	113
114375000	114
114380000	115
114385000	116
114390000	117
114395000	118
114400000	119
114405000	120
114410000	121
114415000	122
114420000	123
114425000	124
114430000	125
114435000	126
114440000	127
114445000	128
114450000	129
114455000	130
114460000	131
114465000	132
114470000	133
114475000	134
114480000	135
114485000	136
114490000	137
114495000	138
114500000	139
114505000	140
114510000	141
114515000	142
114520000	143
114525000	144
114530000	145
114535000	146
114540000	147
