83820000	0
83825000	1
83830000	2
83835000	3
83840000	4
83845000	5
83850000	6
83855000	7
83860000	8
83865000	9
83870000	10
83875000	11
83880000	12
83885000	13
83890000	14
83895000	15
83900000	16
83905000	17
83910000	18
83915000	19
83920000	20
83925000	21
83930000	22
83935000	23
83940000	24
83945000	25
83950000	26
83955000	27
83960000	28
83965000	29
83970000	30
83975000	31
83980000	32
83985000	33
83990000	34
83995000	35
84000000	36
84005000	37
84010000	38
84015000	39
84020000	40
84025000	41
84030000	42
84035000	43
84040000	44
84045000	45
84050000	46
84055000	47
84060000	48
84065000	49
84070000	50
84075000	51
84080000	52
84085000	53
84090000	54
84095000	55
84100000	56
84105000	57
84110000	58
84115000	59
84120000	60
84125000	61
84130000	62
84135000	63
84140000	64
84145000	65
84150000	66
84155000	67
84160000	68
84165000	69
84170000	70
84175000	71
84180000	72
84185000	73
84190000	74
84195000	75
84200000	76
84205000	77
84210000	78
