95975000	0
95980000	1
95985000	2
95990000	3
95995000	4
96000000	5
96005000	6
96010000	7
96015000	8
96020000	9
96025000	10
96030000	11
96035000	12
96040000	13
96045000	14
96050000	15
96055000	16
96060000	17
96065000	18
96070000	19
96075000	20
96080000	21
96085000	22
96090000	23
96095000	24
96100000	25
96105000	26
96110000	27
96115000	28
96120000	29
96125000	30
96130000	31
96135000	32
96140000	33
96145000	34
96150000	35
96155000	36
96160000	37
96165000	38
96170000	39
96175000	40
96180000	41
96185000	42
96190000	43
96195000	44
96200000	45
96205000	46
96210000	47
96215000	48
96220000	49
96225000	50
96230000	51
96235000	52
96240000	53
96245000	54
96250000	55
96255000	56
96260000	57
96265000	58
96270000	59
96275000	60
96280000	61
96285000	62
96290000	63
96295000	64
96300000	65
96305000	66
96310000	67
96315000	68
96320000	69
96325000	70
96330000	71
96335000	72
96340000	73
96345000	74
96350000	75
96355000	76
96360000	77
96365000	78
96370000	79
96375000	80
96380000	81
96385000	82
96390000	83
96395000	84
96400000	85
96405000	86
96410000	87
96415000	88
96420000	89
96425000	90
96430000	91
96435000	92
96440000	93
96445000	94
96450000	95
96455000	96
96460000	97
96465000	98
96470000	99
96475000	100
96480000	101
96485000	102
96490000	103
96495000	104
96500000	105
96505000	106
96510000	107
96515000	108
96520000	109
96525000	110
96530000	111
96535000	112
96540000	113
96545000	114
96550000	115
96555000	116
96560000	117
96565000	118
96570000	119
96575000	120
96580000	121
96585000	122
96590000	123
96595000	124
96600000	125
96605000	126
96610000	127
96615000	128
96620000	129
96625000	130
96630000	131
96635000	132
96640000	133
96645000	134
96650000	135
96655000	136
96660000	137
96665000	138
96670000	139
96675000	140
96680000	141
96685000	142
96690000	143
96695000	144
96700000	145
96705000	146
96710000	147
96715000	148
96720000	149
96725000	150
96730000	151
96735000	152
96740000	153
96745000	154
96750000	155
96755000	156
96760000	157
96765000	158
96770000	159
96775000	160
96780000	161
96785000	162
96790000	163
96795000	164
96800000	165
96805000	166
96810000	167
96815000	168
96820000	169
96825000	170
96830000	171
96835000	172
96840000	173
96845000	174
96850000	175
96855000	176
96860000	177
96865000	178
96870000	179
96875000	180
96880000	181
96885000	182
96890000	183
96895000	184
96900000	185
96905000	186
96910000	187
96915000	188
96920000	189
96925000	190
96930000	191
96935000	192
96940000	193
96945000	194
96950000	195
96955000	196
96960000	197
96965000	198
96970000	199
96975000	200
96980000	201
96985000	202
96990000	203
96995000	204
97000000	205
97005000	206
97010000	207
97015000	208
97020000	209
97025000	210
97030000	211
97035000	212
97040000	213
97045000	214
97050000	215
97055000	216
97060000	217
97065000	218
97070000	219
97075000	220
97080000	221
97085000	222
97090000	223
97095000	224
97100000	225
97105000	226
97110000	227
97115000	228
97120000	229
97125000	230
97130000	231
97135000	232
97140000	233
97145000	234
97150000	235
97155000	236
97160000	237
97165000	238
97170000	239
97175000	240
97180000	241
97185000	242
97190000	243
97195000	244
97200000	245
97205000	246
97210000	247
97215000	248
97220000	249
97225000	250
97230000	251
97235000	252
97240000	253
97245000	254
97250000	255
97255000	256
97260000	257
97265000	258
97270000	259
97275000	260
97280000	261
97285000	262
97290000	263
97295000	264
97300000	265
97305000	266
97310000	267
97315000	268
97320000	269
97325000	270
97330000	271
97335000	272
97340000	273
97345000	274
97350000	275
97355000	276
97360000	277
97365000	278
97370000	279
97375000	280
97380000	281
97385000	282
97390000	283
97395000	284
97400000	285
97405000	286
97410000	287
97415000	288
97420000	289
97425000	290
97430000	291
97435000	292
97440000	293
97445000	294
97450000	295
97455000	296
97460000	297
97465000	298
97470000	299
97475000	300
97480000	301
97485000	302
97490000	303
97495000	304
97500000	305
97505000	306
97510000	307
97515000	308
97520000	309
97525000	310
97530000	311
97535000	312
97540000	313
97545000	314
97550000	315
97555000	316
97560000	317
97565000	318
97570000	319
97575000	320
97580000	321
97585000	322
97590000	323
97595000	324
97600000	325
97605000	326
97610000	327
97615000	328
97620000	329
97625000	330
97630000	331
97635000	332
97640000	333
97645000	334
97650000	335
97655000	336
97660000	337
97665000	338
97670000	339
97675000	340
97680000	341
97685000	342
97690000	343
97695000	344
97700000	345
97705000	346
97710000	347
97715000	348
97720000	349
97725000	350
97730000	351
97735000	352
97740000	353
97745000	354
97750000	355
97755000	356
97760000	357
97765000	358
97770000	359
97775000	360
97780000	361
97785000	362
97790000	363
97795000	364
97800000	365
97805000	366
97810000	367
97815000	368
97820000	369
97825000	370
97830000	371
97835000	372
97840000	373
97845000	374
97850000	375
97855000	376
97860000	377
97865000	378
97870000	379
97875000	380
97880000	381
97885000	382
97890000	383
97895000	384
97900000	385
97905000	386
97910000	387
97915000	388
97920000	389
97925000	390
97930000	391
97935000	392
97940000	393
97945000	394
97950000	395
97955000	396
97960000	397
97965000	398
97970000	399
97975000	400
97980000	401
97985000	402
97990000	403
97995000	404
98000000	405
98005000	406
98010000	407
98015000	408
98020000	409
98025000	410
98030000	411
98035000	412
98040000	413
98045000	414
98050000	415
98055000	416
98060000	417
98065000	418
98070000	419
98075000	420
98080000	421
98085000	422
98090000	423
98095000	424
98100000	425
98105000	426
98110000	427
98115000	428
98120000	429
98125000	430
98130000	431
98135000	432
98140000	433
98145000	434
98150000	435
98155000	436
98160000	437
98165000	438
98170000	439
98175000	440
98180000	441
98185000	442
98190000	443
98195000	444
98200000	445
98205000	446
98210000	447
98215000	448
98220000	449
98225000	450
98230000	451
98235000	452
98240000	453
98245000	454
98250000	455
98255000	456
98260000	457
98265000	458
98270000	459
98275000	460
98280000	461
98285000	462
98290000	463
98295000	464
98300000	465
98305000	466
98310000	467
98315000	468
98320000	469
98325000	470
98330000	471
98335000	472
98340000	473
98345000	474
98350000	475
98355000	476
98360000	477
98365000	478
98370000	479
98375000	480
98380000	481
98385000	482
98390000	483
98395000	484
98400000	485
98405000	486
98410000	487
98415000	488
98420000	489
98425000	490
98430000	491
98435000	492
98440000	493
98445000	494
98450000	495
98455000	496
98460000	497
98465000	498
98470000	499
98475000	500
98480000	501
98485000	502
98490000	503
98495000	504
98500000	505
98505000	506
98510000	507
98515000	508
98520000	509
98525000	510
98530000	511
98535000	512
98540000	513
98545000	514
98550000	515
98555000	516
98560000	517
98565000	518
98570000	519
98575000	520
98580000	521
98585000	522
98590000	523
98595000	524
98600000	525
98605000	526
98610000	527
98615000	528
98620000	529
98625000	530
98630000	531
98635000	532
98640000	533
98645000	534
98650000	535
98655000	536
98660000	537
98665000	538
98670000	539
98675000	540
98680000	541
98685000	542
98690000	543
98695000	544
98700000	545
98705000	546
98710000	547
98715000	548
98720000	549
98725000	550
98730000	551
98735000	552
98740000	553
98745000	554
98750000	555
98755000	556
98760000	557
98765000	558
98770000	559
98775000	560
98780000	561
98785000	562
98790000	563
98795000	564
98800000	565
98805000	566
98810000	567
98815000	568
98820000	569
98825000	570
98830000	571
98835000	572
98840000	573
98845000	574
98850000	575
98855000	576
98860000	577
98865000	578
98870000	579
98875000	580
98880000	581
98885000	582
98890000	583
98895000	584
98900000	585
98905000	586
98910000	587
98915000	588
98920000	589
98925000	590
98930000	591
98935000	592
98940000	593
98945000	594
98950000	595
98955000	596
98960000	597
98965000	598
98970000	599
98975000	600
98980000	601
98985000	602
98990000	603
98995000	604
99000000	605
99005000	606
99010000	607
99015000	608
99020000	609
99025000	610
99030000	611
99035000	612
99040000	613
99045000	614
99050000	615
99055000	616
99060000	617
99065000	618
99070000	619
99075000	620
99080000	621
99085000	622
99090000	623
99095000	624
99100000	625
99105000	626
99110000	627
99115000	628
99120000	629
99125000	630
99130000	631
99135000	632
99140000	633
99145000	634
99150000	635
99155000	636
99160000	637
99165000	638
99170000	639
99175000	640
99180000	641
99185000	642
99190000	643
99195000	644
99200000	645
99205000	646
99210000	647
99215000	648
99220000	649
99225000	650
99230000	651
99235000	652
99240000	653
99245000	654
99250000	655
99255000	656
99260000	657
99265000	658
99270000	659
99275000	660
99280000	661
99285000	662
99290000	663
99295000	664
99300000	665
99305000	666
99310000	667
99315000	668
99320000	669
99325000	670
99330000	671
99335000	672
99340000	673
99345000	674
99350000	675
99355000	676
99360000	677
99365000	678
99370000	679
99375000	680
99380000	681
