73385000	0
73390000	1
73395000	2
73400000	3
73405000	4
73410000	5
73415000	6
73420000	7
73425000	8
73430000	9
73435000	10
73440000	11
73445000	12
73450000	13
73455000	14
73460000	15
73465000	16
73470000	17
73475000	18
73480000	19
73485000	20
73490000	21
73495000	22
73500000	23
73505000	24
73510000	25
73515000	26
73520000	27
73525000	28
73530000	29
73535000	30
73540000	31
73545000	32
73550000	33
73555000	34
73560000	35
73565000	36
73570000	37
73575000	38
73580000	39
73585000	40
73590000	41
73595000	42
73600000	43
73605000	44
73610000	45
73615000	46
73620000	47
73625000	48
73630000	49
73635000	50
73640000	51
73645000	52
73650000	53
73655000	54
73660000	55
73665000	56
73670000	57
73675000	58
73680000	59
73685000	60
73690000	61
73695000	62
73700000	63
73705000	64
73710000	65
73715000	66
73720000	67
73725000	68
73730000	69
73735000	70
73740000	71
73745000	72
73750000	73
73755000	74
73760000	75
73765000	76
73770000	77
73775000	78
73780000	79
73785000	80
73790000	81
73795000	82
73800000	83
73805000	84
73810000	85
73815000	86
73820000	87
73825000	88
73830000	89
73835000	90
73840000	91
73845000	92
73850000	93
73855000	94
73860000	95
73865000	96
73870000	97
73875000	98
73880000	99
73885000	100
73890000	101
73895000	102
73900000	103
73905000	104
73910000	105
73915000	106
73920000	107
73925000	108
73930000	109
73935000	110
73940000	111
73945000	112
73950000	113
73955000	114
73960000	115
73965000	116
73970000	117
73975000	118
73980000	119
73985000	120
73990000	121
73995000	122
74000000	123
74005000	124
74010000	125
74015000	126
74020000	127
74025000	128
74030000	129
74035000	130
74040000	131
74045000	132
74050000	133
74055000	134
74060000	135
74065000	136
74070000	137
74075000	138
74080000	139
74085000	140
74090000	141
74095000	142
74100000	143
74105000	144
74110000	145
74115000	146
74120000	147
