166035000	0
166040000	1
166045000	2
166050000	3
166055000	4
166060000	5
166065000	6
166070000	7
166075000	8
166080000	9
166085000	10
166090000	11
166095000	12
166100000	13
166105000	14
166110000	15
166115000	16
166120000	17
166125000	18
166130000	19
166135000	20
166140000	21
166145000	22
166150000	23
166155000	24
166160000	25
166165000	26
166170000	27
166175000	28
166180000	29
166185000	30
166190000	31
166195000	32
166200000	33
166205000	34
166210000	35
166215000	36
166220000	37
166225000	38
166230000	39
166235000	40
166240000	41
166245000	42
166250000	43
166255000	44
166260000	45
166265000	46
166270000	47
166275000	48
166280000	49
166285000	50
166290000	51
166295000	52
166300000	53
166305000	54
166310000	55
166315000	56
166320000	57
166325000	58
166330000	59
166335000	60
166340000	61
166345000	62
166350000	63
166355000	64
166360000	65
166365000	66
166370000	67
166375000	68
166380000	69
166385000	70
166390000	71
166395000	72
166400000	73
166405000	74
166410000	75
166415000	76
166420000	77
166425000	78
166430000	79
166435000	80
166440000	81
166445000	82
166450000	83
166455000	84
166460000	85
166465000	86
166470000	87
166475000	88
166480000	89
166485000	90
166490000	91
166495000	92
166500000	93
166505000	94
166510000	95
166515000	96
166520000	97
166525000	98
166530000	99
166535000	100
166540000	101
166545000	102
166550000	103
166555000	104
166560000	105
166565000	106
166570000	107
166575000	108
166580000	109
166585000	110
166590000	111
166595000	112
166600000	113
166605000	114
166610000	115
166615000	116
166620000	117
166625000	118
166630000	119
166635000	120
166640000	121
166645000	122
166650000	123
166655000	124
166660000	125
166665000	126
166670000	127
166675000	128
166680000	129
166685000	130
166690000	131
166695000	132
166700000	133
166705000	134
166710000	135
166715000	136
166720000	137
166725000	138
166730000	139
166735000	140
166740000	141
166745000	142
166750000	143
166755000	144
166760000	145
166765000	146
166770000	147
166775000	148
166780000	149
166785000	150
166790000	151
166795000	152
166800000	153
166805000	154
166810000	155
166815000	156
166820000	157
166825000	158
166830000	159
166835000	160
166840000	161
166845000	162
166850000	163
166855000	164
166860000	165
166865000	166
166870000	167
166875000	168
166880000	169
166885000	170
166890000	171
166895000	172
166900000	173
166905000	174
166910000	175
166915000	176
166920000	177
166925000	178
166930000	179
166935000	180
166940000	181
166945000	182
166950000	183
166955000	184
166960000	185
166965000	186
166970000	187
166975000	188
166980000	189
166985000	190
166990000	191
166995000	192
167000000	193
167005000	194
167010000	195
167015000	196
167020000	197
167025000	198
167030000	199
167035000	200
167040000	201
