505000	0
510000	1
515000	2
520000	3
525000	4
530000	5
535000	6
540000	7
545000	8
550000	9
555000	10
560000	11
565000	12
570000	13
575000	14
580000	15
585000	16
590000	17
595000	18
600000	19
605000	20
610000	21
615000	22
620000	23
625000	24
630000	25
635000	26
640000	27
645000	28
650000	29
655000	30
660000	31
665000	32
670000	33
675000	34
680000	35
685000	36
690000	37
695000	38
700000	39
705000	40
710000	41
715000	42
720000	43
725000	44
730000	45
735000	46
740000	47
745000	48
750000	49
755000	50
760000	51
765000	52
770000	53
775000	54
780000	55
785000	56
790000	57
795000	58
800000	59
805000	60
810000	61
815000	62
820000	63
825000	64
830000	65
835000	66
840000	67
845000	68
850000	69
855000	70
860000	71
865000	72
870000	73
875000	74
880000	75
885000	76
890000	77
895000	78
900000	79
905000	80
910000	81
915000	82
920000	83
925000	84
930000	85
935000	86
940000	87
945000	88
950000	89
955000	90
960000	91
965000	92
970000	93
975000	94
980000	95
985000	96
990000	97
995000	98
1000000	99
1005000	100
1010000	101
1015000	102
1020000	103
1025000	104
1030000	105
1035000	106
1040000	107
1045000	108
1050000	109
1055000	110
1060000	111
1065000	112
1070000	113
1075000	114
1080000	115
1085000	116
1090000	117
1095000	118
1100000	119
1105000	120
1110000	121
1115000	122
