86335000	0
86340000	1
86345000	2
86350000	3
86355000	4
86360000	5
86365000	6
86370000	7
86375000	8
86380000	9
86385000	10
86390000	11
86395000	12
86400000	13
86405000	14
86410000	15
86415000	16
86420000	17
86425000	18
86430000	19
86435000	20
86440000	21
86445000	22
86450000	23
86455000	24
86460000	25
86465000	26
86470000	27
86475000	28
86480000	29
86485000	30
86490000	31
86495000	32
86500000	33
86505000	34
86510000	35
86515000	36
86520000	37
86525000	38
86530000	39
86535000	40
86540000	41
86545000	42
86550000	43
86555000	44
86560000	45
86565000	46
86570000	47
86575000	48
86580000	49
86585000	50
86590000	51
86595000	52
86600000	53
86605000	54
86610000	55
86615000	56
86620000	57
86625000	58
86630000	59
86635000	60
86640000	61
86645000	62
86650000	63
86655000	64
86660000	65
86665000	66
86670000	67
86675000	68
86680000	69
86685000	70
86690000	71
86695000	72
86700000	73
86705000	74
86710000	75
86715000	76
86720000	77
86725000	78
86730000	79
86735000	80
86740000	81
86745000	82
86750000	83
86755000	84
86760000	85
86765000	86
86770000	87
86775000	88
86780000	89
86785000	90
86790000	91
86795000	92
86800000	93
86805000	94
86810000	95
86815000	96
86820000	97
86825000	98
86830000	99
86835000	100
86840000	101
86845000	102
86850000	103
86855000	104
86860000	105
86865000	106
86870000	107
86875000	108
86880000	109
86885000	110
86890000	111
86895000	112
86900000	113
86905000	114
86910000	115
86915000	116
86920000	117
86925000	118
86930000	119
86935000	120
86940000	121
86945000	122
86950000	123
86955000	124
86960000	125
86965000	126
86970000	127
86975000	128
86980000	129
86985000	130
86990000	131
86995000	132
87000000	133
87005000	134
87010000	135
87015000	136
87020000	137
87025000	138
87030000	139
87035000	140
87040000	141
87045000	142
87050000	143
87055000	144
87060000	145
87065000	146
87070000	147
87075000	148
87080000	149
87085000	150
87090000	151
87095000	152
87100000	153
87105000	154
87110000	155
87115000	156
87120000	157
87125000	158
87130000	159
87135000	160
87140000	161
87145000	162
87150000	163
87155000	164
87160000	165
87165000	166
87170000	167
87175000	168
87180000	169
87185000	170
87190000	171
87195000	172
87200000	173
87205000	174
87210000	175
87215000	176
87220000	177
87225000	178
87230000	179
87235000	180
87240000	181
87245000	182
87250000	183
87255000	184
87260000	185
87265000	186
87270000	187
87275000	188
87280000	189
87285000	190
87290000	191
87295000	192
87300000	193
87305000	194
87310000	195
87315000	196
87320000	197
87325000	198
87330000	199
87335000	200
87340000	201
87345000	202
87350000	203
87355000	204
87360000	205
87365000	206
87370000	207
87375000	208
87380000	209
87385000	210
87390000	211
87395000	212
87400000	213
