17830000	0
17835000	1
17840000	2
17845000	3
17850000	4
17855000	5
17860000	6
17865000	7
17870000	8
17875000	9
17880000	10
17885000	11
17890000	12
17895000	13
17900000	14
17905000	15
17910000	16
17915000	17
17920000	18
17925000	19
17930000	20
17935000	21
17940000	22
17945000	23
17950000	24
17955000	25
17960000	26
17965000	27
17970000	28
17975000	29
17980000	30
17985000	31
17990000	32
17995000	33
18000000	34
18005000	35
18010000	36
18015000	37
18020000	38
18025000	39
18030000	40
18035000	41
18040000	42
18045000	43
18050000	44
18055000	45
18060000	46
18065000	47
18070000	48
18075000	49
18080000	50
18085000	51
18090000	52
18095000	53
18100000	54
18105000	55
18110000	56
18115000	57
18120000	58
18125000	59
18130000	60
18135000	61
18140000	62
18145000	63
18150000	64
18155000	65
18160000	66
18165000	67
18170000	68
18175000	69
18180000	70
18185000	71
18190000	72
18195000	73
18200000	74
18205000	75
18210000	76
18215000	77
18220000	78
18225000	79
18230000	80
18235000	81
18240000	82
18245000	83
18250000	84
18255000	85
18260000	86
18265000	87
18270000	88
18275000	89
18280000	90
18285000	91
18290000	92
18295000	93
18300000	94
18305000	95
18310000	96
18315000	97
18320000	98
18325000	99
18330000	100
18335000	101
18340000	102
18345000	103
18350000	104
18355000	105
18360000	106
18365000	107
18370000	108
18375000	109
18380000	110
18385000	111
18390000	112
18395000	113
18400000	114
18405000	115
18410000	116
18415000	117
18420000	118
18425000	119
18430000	120
18435000	121
18440000	122
18445000	123
18450000	124
18455000	125
18460000	126
18465000	127
18470000	128
18475000	129
18480000	130
18485000	131
18490000	132
18495000	133
18500000	134
18505000	135
18510000	136
18515000	137
18520000	138
18525000	139
18530000	140
18535000	141
18540000	142
18545000	143
18550000	144
18555000	145
18560000	146
18565000	147
18570000	148
18575000	149
18580000	150
18585000	151
18590000	152
18595000	153
18600000	154
18605000	155
18610000	156
18615000	157
18620000	158
18625000	159
18630000	160
18635000	161
18640000	162
18645000	163
18650000	164
18655000	165
18660000	166
18665000	167
18670000	168
18675000	169
