68405000	0
68410000	1
68415000	2
68420000	3
68425000	4
68430000	5
68435000	6
68440000	7
68445000	8
68450000	9
68455000	10
68460000	11
68465000	12
68470000	13
68475000	14
68480000	15
68485000	16
68490000	17
68495000	18
68500000	19
68505000	20
68510000	21
68515000	22
68520000	23
68525000	24
68530000	25
68535000	26
68540000	27
68545000	28
68550000	29
68555000	30
68560000	31
68565000	32
68570000	33
68575000	34
68580000	35
68585000	36
68590000	37
68595000	38
68600000	39
68605000	40
68610000	41
68615000	42
68620000	43
68625000	44
68630000	45
68635000	46
68640000	47
68645000	48
68650000	49
68655000	50
68660000	51
68665000	52
68670000	53
68675000	54
68680000	55
68685000	56
68690000	57
68695000	58
68700000	59
68705000	60
68710000	61
68715000	62
68720000	63
68725000	64
68730000	65
68735000	66
68740000	67
68745000	68
68750000	69
68755000	70
68760000	71
68765000	72
68770000	73
68775000	74
68780000	75
68785000	76
68790000	77
68795000	78
68800000	79
68805000	80
68810000	81
68815000	82
68820000	83
68825000	84
68830000	85
68835000	86
