119820000	0
119825000	1
119830000	2
119835000	3
119840000	4
119845000	5
119850000	6
119855000	7
119860000	8
119865000	9
119870000	10
119875000	11
119880000	12
119885000	13
119890000	14
119895000	15
119900000	16
119905000	17
119910000	18
119915000	19
119920000	20
119925000	21
119930000	22
119935000	23
119940000	24
119945000	25
119950000	26
119955000	27
119960000	28
119965000	29
119970000	30
119975000	31
119980000	32
119985000	33
119990000	34
119995000	35
120000000	36
120005000	37
120010000	38
120015000	39
120020000	40
120025000	41
120030000	42
120035000	43
120040000	44
120045000	45
120050000	46
120055000	47
120060000	48
120065000	49
120070000	50
120075000	51
120080000	52
120085000	53
120090000	54
120095000	55
120100000	56
120105000	57
120110000	58
120115000	59
120120000	60
120125000	61
120130000	62
120135000	63
120140000	64
120145000	65
120150000	66
120155000	67
120160000	68
120165000	69
120170000	70
120175000	71
120180000	72
120185000	73
120190000	74
120200000	75
120205000	76
120210000	77
120215000	78
120220000	79
120225000	80
120230000	81
120235000	82
120240000	83
120245000	84
120250000	85
120255000	86
120260000	87
120265000	88
120270000	89
120275000	90
120280000	91
120285000	92
120290000	93
120295000	94
120300000	95
120305000	96
120310000	97
120315000	98
120320000	99
120325000	100
120330000	101
120335000	102
120340000	103
120350000	104
120355000	105
120360000	106
120365000	107
120370000	108
120375000	109
120380000	110
120385000	111
120390000	112
120395000	113
120400000	114
120405000	115
120410000	116
120415000	117
120420000	118
120425000	119
120430000	120
120435000	121
120440000	122
120445000	123
120450000	124
120455000	125
120460000	126
120465000	127
120470000	128
120475000	129
120480000	130
120485000	131
120490000	132
120495000	133
120500000	134
120505000	135
120510000	136
120515000	137
120520000	138
120525000	139
120530000	140
120535000	141
120540000	142
120545000	143
120550000	144
120555000	145
120560000	146
120565000	147
120570000	148
120575000	149
120580000	150
120585000	151
120590000	152
120595000	153
120600000	154
120605000	155
120610000	156
120615000	157
120620000	158
120625000	159
120630000	160
120635000	161
120640000	162
120645000	163
120650000	164
120655000	165
120660000	166
120665000	167
120670000	168
120675000	169
120680000	170
120685000	171
120690000	172
120695000	173
120700000	174
120705000	175
120710000	176
120715000	177
120720000	178
120725000	179
120730000	180
120735000	181
120740000	182
120745000	183
120750000	184
120755000	185
120760000	186
120765000	187
120770000	188
120775000	189
120780000	190
120785000	191
120790000	192
120795000	193
120800000	194
120805000	195
120810000	196
120815000	197
120820000	198
120825000	199
120830000	200
120835000	201
120840000	202
120845000	203
120850000	204
120855000	205
120860000	206
120865000	207
120875000	208
120880000	209
120885000	210
120890000	211
120895000	212
120900000	213
120905000	214
120910000	215
120915000	216
120920000	217
120925000	218
120930000	219
120935000	220
120940000	221
120945000	222
120950000	223
120955000	224
120960000	225
120965000	226
120970000	227
120975000	228
120980000	229
120985000	230
