157530000	0
157531000	1
157532000	2
157533000	3
157534000	4
157535000	5
157536000	6
157537000	7
157538000	8
157539000	9
157540000	10
157541000	11
157542000	12
157543000	13
157544000	14
157545000	15
157546000	16
157547000	17
157548000	18
157549000	19
157550000	20
157551000	21
157552000	22
157553000	23
157554000	24
157555000	25
157556000	26
157557000	27
157558000	28
157559000	29
157560000	30
157561000	31
157562000	32
157563000	33
157564000	34
157565000	35
157566000	36
157567000	37
157568000	38
157569000	39
157570000	40
157571000	41
157572000	42
157573000	43
157574000	44
157575000	45
157576000	46
157577000	47
157578000	48
157579000	49
157580000	50
157581000	51
157582000	52
157583000	53
157584000	54
157585000	55
157586000	56
157587000	57
157588000	58
157589000	59
157590000	60
157591000	61
157592000	62
157593000	63
157594000	64
157595000	65
157596000	66
157597000	67
157598000	68
157599000	69
157600000	70
157601000	71
157602000	72
157603000	73
157604000	74
157605000	75
157606000	76
157607000	77
157608000	78
157609000	79
157610000	80
157611000	81
157612000	82
157613000	83
157614000	84
157615000	85
157616000	86
157617000	87
157618000	88
157619000	89
157620000	90
157621000	91
157622000	92
157623000	93
157624000	94
157625000	95
157626000	96
157627000	97
157628000	98
157629000	99
157630000	100
157631000	101
157632000	102
157633000	103
157634000	104
157635000	105
157636000	106
157637000	107
157638000	108
157639000	109
157640000	110
157641000	111
157642000	112
157643000	113
157644000	114
157645000	115
157646000	116
157647000	117
157648000	118
157649000	119
157650000	120
157651000	121
157652000	122
157653000	123
157654000	124
157655000	125
157656000	126
157657000	127
157658000	128
157659000	129
157660000	130
157661000	131
157662000	132
157663000	133
157664000	134
157665000	135
157666000	136
157667000	137
157668000	138
157669000	139
157670000	140
157671000	141
157672000	142
157673000	143
157674000	144
157675000	145
157676000	146
157677000	147
157678000	148
157679000	149
157680000	150
157681000	151
157682000	152
157683000	153
157684000	154
157685000	155
157686000	156
157687000	157
157688000	158
157689000	159
157690000	160
157691000	161
157692000	162
157693000	163
157694000	164
157695000	165
157696000	166
157697000	167
157698000	168
157699000	169
157700000	170
157701000	171
157702000	172
157703000	173
157704000	174
157705000	175
157706000	176
157707000	177
157708000	178
157709000	179
157710000	180
157711000	181
157712000	182
157713000	183
157714000	184
157715000	185
157716000	186
157717000	187
157718000	188
157719000	189
157720000	190
157721000	191
157722000	192
157723000	193
157724000	194
157725000	195
157726000	196
157727000	197
157728000	198
157729000	199
157730000	200
157731000	201
157732000	202
157733000	203
157734000	204
157735000	205
157736000	206
157737000	207
157738000	208
157739000	209
157740000	210
157741000	211
157742000	212
157743000	213
157744000	214
157745000	215
157746000	216
157747000	217
157748000	218
157749000	219
157750000	220
157751000	221
157752000	222
157753000	223
157754000	224
157755000	225
157756000	226
157757000	227
157758000	228
157759000	229
157760000	230
157761000	231
157762000	232
157763000	233
157764000	234
157765000	235
157766000	236
157767000	237
157768000	238
157769000	239
157770000	240
157771000	241
157772000	242
157773000	243
157774000	244
157775000	245
157776000	246
157777000	247
157778000	248
157779000	249
157780000	250
157781000	251
157782000	252
157783000	253
157784000	254
157785000	255
157786000	256
157787000	257
157788000	258
157789000	259
157790000	260
157791000	261
157792000	262
157793000	263
157794000	264
157795000	265
157796000	266
157797000	267
157798000	268
157799000	269
157800000	270
157801000	271
157802000	272
157803000	273
157804000	274
157805000	275
157806000	276
157807000	277
157808000	278
157809000	279
157810000	280
157811000	281
157812000	282
157813000	283
157814000	284
157815000	285
157816000	286
157817000	287
157818000	288
157819000	289
157820000	290
157821000	291
157822000	292
157823000	293
157824000	294
157825000	295
157826000	296
157827000	297
157828000	298
157829000	299
157830000	300
157831000	301
157832000	302
157833000	303
157834000	304
157835000	305
