110666000	0
110667000	1
110668000	2
110669000	3
110670000	4
110671000	5
110672000	6
110673000	7
110674000	8
110675000	9
110676000	10
110677000	11
110678000	12
110679000	13
110680000	14
110681000	15
110682000	16
110683000	17
110684000	18
110685000	19
110686000	20
110687000	21
110688000	22
110689000	23
110690000	24
110691000	25
110692000	26
110693000	27
110694000	28
110695000	29
110696000	30
110697000	31
110698000	32
110699000	33
110700000	34
110701000	35
110702000	36
110703000	37
110704000	38
110705000	39
110706000	40
110707000	41
110708000	42
110709000	43
