56720000	0
56725000	1
56730000	2
56735000	3
56740000	4
56745000	5
56750000	6
56755000	7
56760000	8
56765000	9
56770000	10
56775000	11
56780000	12
56785000	13
56790000	14
56795000	15
56800000	16
56805000	17
56810000	18
56815000	19
56820000	20
56825000	21
56830000	22
56835000	23
56840000	24
56845000	25
56850000	26
56855000	27
56860000	28
56865000	29
56870000	30
56875000	31
56880000	32
56885000	33
56890000	34
56895000	35
56900000	36
56905000	37
56910000	38
56915000	39
56920000	40
56925000	41
56930000	42
56935000	43
56940000	44
56945000	45
56950000	46
56955000	47
56960000	48
56965000	49
56970000	50
56975000	51
56980000	52
56985000	53
56990000	54
56995000	55
57000000	56
57005000	57
57010000	58
57015000	59
57020000	60
57025000	61
57030000	62
57035000	63
57040000	64
57045000	65
57050000	66
57055000	67
57060000	68
57065000	69
57070000	70
57075000	71
57080000	72
57085000	73
57090000	74
57095000	75
57100000	76
57105000	77
57110000	78
57115000	79
57120000	80
57125000	81
57130000	82
57135000	83
57140000	84
57145000	85
57150000	86
57155000	87
57160000	88
57165000	89
57170000	90
57175000	91
57180000	92
57185000	93
57190000	94
57195000	95
57200000	96
57205000	97
57210000	98
57215000	99
57220000	100
57225000	101
57230000	102
57235000	103
57240000	104
