157045000	0
157046000	1
157047000	2
157048000	3
157049000	4
157050000	5
157051000	6
157052000	7
157053000	8
157054000	9
157055000	10
157056000	11
157057000	12
157058000	13
157059000	14
157060000	15
157061000	16
157062000	17
157063000	18
157064000	19
157065000	20
157066000	21
157067000	22
157068000	23
157069000	24
157070000	25
157071000	26
157072000	27
157073000	28
157074000	29
157075000	30
157076000	31
157077000	32
157078000	33
157079000	34
157080000	35
157081000	36
157082000	37
157083000	38
157084000	39
157085000	40
157086000	41
157087000	42
157088000	43
157089000	44
157090000	45
157092000	46
157093000	47
157094000	48
157095000	49
157096000	50
157097000	51
157098000	52
157099000	53
157100000	54
157101000	55
157102000	56
157103000	57
157104000	58
157105000	59
157106000	60
157107000	61
157108000	62
157109000	63
157110000	64
157111000	65
157112000	66
157113000	67
157114000	68
157115000	69
157116000	70
157117000	71
157118000	72
157119000	73
157120000	74
157121000	75
157122000	76
157123000	77
157124000	78
157125000	79
157126000	80
157127000	81
157128000	82
157129000	83
157130000	84
157131000	85
157132000	86
157133000	87
157134000	88
157135000	89
157136000	90
157137000	91
157138000	92
157139000	93
157140000	94
157141000	95
157142000	96
157143000	97
157144000	98
157145000	99
157146000	100
157147000	101
157148000	102
157149000	103
157150000	104
157151000	105
157152000	106
157153000	107
157154000	108
157155000	109
157156000	110
157157000	111
157158000	112
157159000	113
157160000	114
157161000	115
157162000	116
157163000	117
157164000	118
157165000	119
157166000	120
157167000	121
157168000	122
157169000	123
157170000	124
157171000	125
157172000	126
157173000	127
157174000	128
157175000	129
157176000	130
157177000	131
157178000	132
157179000	133
157180000	134
157181000	135
157182000	136
157183000	137
157184000	138
157185000	139
157186000	140
157187000	141
157188000	142
157189000	143
157190000	144
157191000	145
157192000	146
157193000	147
157194000	148
157195000	149
157196000	150
157197000	151
157198000	152
157199000	153
157200000	154
157201000	155
157202000	156
157203000	157
157204000	158
157205000	159
157206000	160
157207000	161
157208000	162
157209000	163
157210000	164
157211000	165
157212000	166
157213000	167
157214000	168
157215000	169
157216000	170
157217000	171
157218000	172
157219000	173
157220000	174
157221000	175
157222000	176
157223000	177
157224000	178
157225000	179
157226000	180
157227000	181
157228000	182
157229000	183
157230000	184
157231000	185
157232000	186
157233000	187
157234000	188
157235000	189
157236000	190
157237000	191
157238000	192
157239000	193
157240000	194
157241000	195
157242000	196
157243000	197
157244000	198
157245000	199
157246000	200
157247000	201
157248000	202
157249000	203
157250000	204
157251000	205
157252000	206
157253000	207
157254000	208
157255000	209
157256000	210
157257000	211
157258000	212
157259000	213
157260000	214
157261000	215
157262000	216
157263000	217
157264000	218
157265000	219
157266000	220
157267000	221
157268000	222
157269000	223
157270000	224
157271000	225
157272000	226
157273000	227
157274000	228
157275000	229
157276000	230
157277000	231
157278000	232
157279000	233
157280000	234
157281000	235
157282000	236
157283000	237
157284000	238
157285000	239
157286000	240
157287000	241
157288000	242
157289000	243
157290000	244
157291000	245
157292000	246
157293000	247
157294000	248
157295000	249
157296000	250
157297000	251
157298000	252
157299000	253
157300000	254
157301000	255
157302000	256
157303000	257
157304000	258
157305000	259
157306000	260
157307000	261
157308000	262
157309000	263
157310000	264
157311000	265
157312000	266
157313000	267
157314000	268
157315000	269
157316000	270
157317000	271
157318000	272
157319000	273
157320000	274
157321000	275
157322000	276
157323000	277
157324000	278
157325000	279
157326000	280
157327000	281
157328000	282
157329000	283
157330000	284
157331000	285
157332000	286
157333000	287
157334000	288
157335000	289
157336000	290
157337000	291
157338000	292
157339000	293
157340000	294
157341000	295
157342000	296
157343000	297
157344000	298
157345000	299
157346000	300
157347000	301
157348000	302
157349000	303
157350000	304
157351000	305
157352000	306
157353000	307
157354000	308
157355000	309
157356000	310
157357000	311
157358000	312
157359000	313
157360000	314
157361000	315
157362000	316
157363000	317
157364000	318
157365000	319
157366000	320
157367000	321
157368000	322
157369000	323
157370000	324
157371000	325
157372000	326
157373000	327
157374000	328
157375000	329
157376000	330
157377000	331
157378000	332
157379000	333
157380000	334
157381000	335
157382000	336
157383000	337
157384000	338
157385000	339
157386000	340
157387000	341
157388000	342
157389000	343
157390000	344
157391000	345
157392000	346
157393000	347
157394000	348
157395000	349
157396000	350
157397000	351
157398000	352
157399000	353
157400000	354
157401000	355
157402000	356
157403000	357
157404000	358
157405000	359
157406000	360
157407000	361
157408000	362
157409000	363
157410000	364
157411000	365
157412000	366
157413000	367
157414000	368
157415000	369
157416000	370
157417000	371
157418000	372
157419000	373
157420000	374
157421000	375
157422000	376
157423000	377
157424000	378
157425000	379
157426000	380
157427000	381
157428000	382
157429000	383
157430000	384
157431000	385
157432000	386
157433000	387
157434000	388
157435000	389
157436000	390
157437000	391
157438000	392
157439000	393
157440000	394
157441000	395
157442000	396
157443000	397
157444000	398
157445000	399
157446000	400
157447000	401
157448000	402
157449000	403
157450000	404
157451000	405
157452000	406
157453000	407
157454000	408
157455000	409
157456000	410
157457000	411
157458000	412
157459000	413
157460000	414
157461000	415
157462000	416
157463000	417
157464000	418
157465000	419
157466000	420
157467000	421
157468000	422
157469000	423
157470000	424
157471000	425
157472000	426
157473000	427
157474000	428
157475000	429
157476000	430
157477000	431
157478000	432
157479000	433
157480000	434
