219360000	0
219365000	1
219370000	2
219375000	3
219380000	4
219385000	5
219390000	6
219395000	7
219400000	8
219405000	9
219410000	10
219415000	11
219420000	12
219425000	13
219430000	14
219435000	15
219440000	16
219445000	17
219450000	18
219455000	19
219460000	20
219465000	21
219470000	22
219475000	23
219480000	24
219485000	25
219490000	26
219495000	27
219500000	28
219505000	29
219510000	30
219515000	31
219520000	32
219525000	33
219530000	34
219535000	35
219540000	36
219545000	37
219550000	38
219555000	39
219560000	40
219565000	41
219570000	42
219575000	43
219580000	44
219585000	45
219590000	46
219595000	47
219600000	48
219605000	49
219610000	50
219615000	51
219620000	52
219625000	53
219630000	54
219635000	55
219640000	56
219645000	57
219650000	58
219655000	59
219660000	60
219665000	61
219670000	62
219675000	63
219680000	64
219685000	65
219690000	66
219695000	67
219700000	68
219705000	69
219710000	70
219715000	71
219720000	72
219725000	73
219730000	74
219735000	75
219740000	76
