226600000	0
226605000	1
226610000	2
226615000	3
226620000	4
226625000	5
226630000	6
226635000	7
226640000	8
226645000	9
226650000	10
226655000	11
226660000	12
226665000	13
226670000	14
226675000	15
226680000	16
226685000	17
226690000	18
226695000	19
226700000	20
226705000	21
226710000	22
226715000	23
226720000	24
226725000	25
226730000	26
226735000	27
226740000	28
226745000	29
226750000	30
226755000	31
226760000	32
226765000	33
226770000	34
226775000	35
226780000	36
226785000	37
226790000	38
226795000	39
226800000	40
226805000	41
226810000	42
226815000	43
226820000	44
226825000	45
226830000	46
226835000	47
226840000	48
226845000	49
226850000	50
226855000	51
226860000	52
226865000	53
226870000	54
226875000	55
226880000	56
226885000	57
226890000	58
226895000	59
226900000	60
226905000	61
226910000	62
226915000	63
226920000	64
226925000	65
226930000	66
226935000	67
226940000	68
226945000	69
226950000	70
226955000	71
226960000	72
226965000	73
226970000	74
226975000	75
226980000	76
226985000	77
226990000	78
226995000	79
227000000	80
227005000	81
227010000	82
227015000	83
227020000	84
