76620000	0
76625000	1
76630000	2
76635000	3
76640000	4
76645000	5
76650000	6
76655000	7
76660000	8
76665000	9
76670000	10
76675000	11
76680000	12
76685000	13
76690000	14
76695000	15
76700000	16
76705000	17
76710000	18
76715000	19
76720000	20
76725000	21
76730000	22
76735000	23
76740000	24
76745000	25
76750000	26
76755000	27
76760000	28
76765000	29
76770000	30
76775000	31
76780000	32
76785000	33
76790000	34
76795000	35
76800000	36
76805000	37
76810000	38
76815000	39
76820000	40
76825000	41
76830000	42
76835000	43
76840000	44
76845000	45
76850000	46
76855000	47
76860000	48
76865000	49
76870000	50
76875000	51
76880000	52
76885000	53
76890000	54
76895000	55
76900000	56
76905000	57
76910000	58
76915000	59
76920000	60
76925000	61
76930000	62
76935000	63
76940000	64
76945000	65
76950000	66
76955000	67
76960000	68
76965000	69
76970000	70
76975000	71
76980000	72
76985000	73
76990000	74
76995000	75
77000000	76
77005000	77
77010000	78
77015000	79
77020000	80
77025000	81
77030000	82
77035000	83
77040000	84
77045000	85
77050000	86
77055000	87
77060000	88
77065000	89
77070000	90
77075000	91
77080000	92
77085000	93
77090000	94
77095000	95
77100000	96
77105000	97
77110000	98
77115000	99
77120000	100
77125000	101
77130000	102
77135000	103
77140000	104
77145000	105
77150000	106
77155000	107
77160000	108
77165000	109
77170000	110
77175000	111
77180000	112
77185000	113
77190000	114
77195000	115
77200000	116
77205000	117
77210000	118
77215000	119
77220000	120
77225000	121
77230000	122
77235000	123
77240000	124
77245000	125
77250000	126
77255000	127
77260000	128
77265000	129
77270000	130
77275000	131
77280000	132
77285000	133
77290000	134
77295000	135
77300000	136
77305000	137
77310000	138
77315000	139
77320000	140
77325000	141
77330000	142
77335000	143
