183615000	0
183620000	1
183625000	2
183630000	3
183635000	4
183640000	5
183645000	6
183650000	7
183655000	8
183660000	9
183665000	10
183670000	11
183675000	12
183680000	13
183685000	14
183690000	15
183695000	16
183700000	17
183705000	18
183710000	19
183715000	20
183720000	21
183725000	22
183730000	23
183735000	24
183740000	25
183745000	26
183750000	27
183755000	28
183760000	29
183765000	30
183770000	31
183775000	32
183780000	33
183785000	34
183790000	35
183795000	36
183800000	37
183805000	38
183810000	39
183815000	40
183820000	41
183825000	42
183830000	43
183835000	44
183840000	45
183845000	46
183850000	47
183855000	48
183860000	49
183865000	50
183870000	51
183875000	52
183880000	53
183885000	54
183890000	55
183895000	56
183900000	57
183905000	58
183910000	59
183915000	60
183920000	61
183925000	62
183930000	63
183935000	64
183940000	65
183945000	66
183950000	67
183955000	68
183960000	69
183965000	70
183970000	71
183975000	72
183980000	73
183985000	74
183990000	75
183995000	76
184000000	77
184005000	78
184010000	79
184015000	80
184020000	81
184025000	82
184030000	83
