76780000	0
76785000	1
76790000	2
76795000	3
76800000	4
76805000	5
76810000	6
76815000	7
76820000	8
76825000	9
76830000	10
76835000	11
76840000	12
76845000	13
76850000	14
76855000	15
76860000	16
76865000	17
76870000	18
76875000	19
76880000	20
76885000	21
76890000	22
76895000	23
76900000	24
76905000	25
76910000	26
76915000	27
76920000	28
76925000	29
76930000	30
76935000	31
76940000	32
76945000	33
76950000	34
76955000	35
76960000	36
76965000	37
76970000	38
76975000	39
76980000	40
76985000	41
76990000	42
76995000	43
77000000	44
77005000	45
77010000	46
77015000	47
77020000	48
77025000	49
77030000	50
77035000	51
77040000	52
77045000	53
77050000	54
77055000	55
77060000	56
77065000	57
77070000	58
77075000	59
77080000	60
77085000	61
77090000	62
77095000	63
77100000	64
77105000	65
77110000	66
77115000	67
77120000	68
77125000	69
77130000	70
77135000	71
77140000	72
77145000	73
77150000	74
77155000	75
77160000	76
77165000	77
77170000	78
77175000	79
77180000	80
77185000	81
77190000	82
77195000	83
77200000	84
77205000	85
77210000	86
77215000	87
77220000	88
77225000	89
77230000	90
77235000	91
77240000	92
77245000	93
77250000	94
77255000	95
77260000	96
77265000	97
77270000	98
77275000	99
77280000	100
77285000	101
77290000	102
77295000	103
77300000	104
77305000	105
77310000	106
77315000	107
77320000	108
77325000	109
77330000	110
77335000	111
77340000	112
77345000	113
77350000	114
77355000	115
77360000	116
77365000	117
77370000	118
77375000	119
77380000	120
77385000	121
77390000	122
77395000	123
77400000	124
77405000	125
77410000	126
77415000	127
77420000	128
77425000	129
77430000	130
77435000	131
77440000	132
77445000	133
77450000	134
77455000	135
77460000	136
77465000	137
77470000	138
77475000	139
77480000	140
77485000	141
77490000	142
77495000	143
77500000	144
77505000	145
77510000	146
77515000	147
77520000	148
77525000	149
77530000	150
77535000	151
77540000	152
77545000	153
77550000	154
77555000	155
77560000	156
77565000	157
77570000	158
77575000	159
77580000	160
77585000	161
77590000	162
77595000	163
77600000	164
77605000	165
