173400000	0
173405000	1
173410000	2
173415000	3
173420000	4
173425000	5
173430000	6
173435000	7
173440000	8
173445000	9
173450000	10
173455000	11
173460000	12
173465000	13
173470000	14
173475000	15
173480000	16
173485000	17
173490000	18
173495000	19
173500000	20
173505000	21
173510000	22
173515000	23
173520000	24
173525000	25
173530000	26
173535000	27
173540000	28
173545000	29
173550000	30
173555000	31
173560000	32
173565000	33
173570000	34
173575000	35
173580000	36
173585000	37
173590000	38
173595000	39
173600000	40
173605000	41
173610000	42
173615000	43
173620000	44
173625000	45
173630000	46
173635000	47
173640000	48
173645000	49
173650000	50
173655000	51
173660000	52
173665000	53
173670000	54
173675000	55
173680000	56
173685000	57
173690000	58
173695000	59
173700000	60
173705000	61
173710000	62
173715000	63
173720000	64
173725000	65
173730000	66
173735000	67
173740000	68
173745000	69
173750000	70
173755000	71
173760000	72
173765000	73
173770000	74
173775000	75
173780000	76
173785000	77
173790000	78
173795000	79
