41510000	0
41515000	1
41520000	2
41525000	3
41530000	4
41535000	5
41540000	6
41545000	7
41550000	8
41555000	9
41560000	10
41565000	11
41570000	12
41575000	13
41580000	14
41585000	15
41590000	16
41595000	17
41600000	18
41605000	19
41610000	20
41615000	21
41620000	22
41625000	23
41630000	24
41635000	25
41640000	26
41645000	27
41650000	28
41655000	29
41660000	30
41665000	31
41670000	32
41675000	33
41680000	34
41685000	35
41690000	36
41695000	37
41700000	38
41705000	39
41710000	40
41715000	41
41720000	42
41725000	43
41730000	44
41735000	45
41740000	46
41745000	47
41750000	48
41755000	49
41760000	50
41765000	51
41770000	52
41775000	53
41780000	54
41785000	55
41790000	56
41795000	57
41800000	58
41805000	59
41810000	60
41815000	61
41820000	62
41825000	63
41830000	64
41835000	65
41840000	66
41845000	67
41850000	68
41855000	69
41860000	70
41865000	71
41870000	72
41875000	73
41880000	74
41885000	75
41890000	76
41895000	77
41900000	78
41905000	79
41910000	80
41915000	81
41920000	82
41925000	83
41930000	84
41935000	85
41940000	86
41945000	87
41950000	88
41955000	89
41960000	90
41965000	91
41970000	92
41975000	93
41980000	94
