114180000	0
114185000	1
114190000	2
114195000	3
114200000	4
114205000	5
114210000	6
114215000	7
114220000	8
114225000	9
114230000	10
114235000	11
114240000	12
114245000	13
114250000	14
114255000	15
114260000	16
114265000	17
114270000	18
114275000	19
114280000	20
114285000	21
114290000	22
114295000	23
114300000	24
114305000	25
114310000	26
114315000	27
114320000	28
114325000	29
114330000	30
114335000	31
114340000	32
114345000	33
114350000	34
114355000	35
114360000	36
114365000	37
114370000	38
114375000	39
114380000	40
114385000	41
114390000	42
114395000	43
114400000	44
114405000	45
114410000	46
114415000	47
114420000	48
114425000	49
114430000	50
114435000	51
114440000	52
114445000	53
114450000	54
114455000	55
114460000	56
114465000	57
114470000	58
114475000	59
114480000	60
114485000	61
114490000	62
114495000	63
114500000	64
114505000	65
114510000	66
114515000	67
114520000	68
114525000	69
114530000	70
114535000	71
114540000	72
114545000	73
114550000	74
114555000	75
114560000	76
114565000	77
114570000	78
114575000	79
114580000	80
114585000	81
114590000	82
114595000	83
114600000	84
114605000	85
114610000	86
114615000	87
114620000	88
114625000	89
114630000	90
114635000	91
114640000	92
114645000	93
114650000	94
114655000	95
114660000	96
114665000	97
114670000	98
114675000	99
114680000	100
114685000	101
114690000	102
114695000	103
114700000	104
114705000	105
114710000	106
114715000	107
114720000	108
114725000	109
114730000	110
114735000	111
114740000	112
114745000	113
114750000	114
114755000	115
114760000	116
114765000	117
114770000	118
114775000	119
114780000	120
114785000	121
114790000	122
114795000	123
114800000	124
114805000	125
114810000	126
114815000	127
114820000	128
114825000	129
114830000	130
114835000	131
114840000	132
114845000	133
114850000	134
114855000	135
114860000	136
114865000	137
114870000	138
114875000	139
