157530000	0
157535000	1
157540000	2
157545000	3
157550000	4
157555000	5
157560000	6
157565000	7
157570000	8
157575000	9
157580000	10
157585000	11
157590000	12
157595000	13
157600000	14
157605000	15
157610000	16
157615000	17
157620000	18
157625000	19
157630000	20
157635000	21
157640000	22
157645000	23
157650000	24
157655000	25
157660000	26
157665000	27
157670000	28
157675000	29
157680000	30
157685000	31
157690000	32
157695000	33
157700000	34
157705000	35
157710000	36
157715000	37
157720000	38
157725000	39
157730000	40
157735000	41
157740000	42
157745000	43
157750000	44
157755000	45
157760000	46
157765000	47
157770000	48
157775000	49
157780000	50
157785000	51
157790000	52
157795000	53
157800000	54
157805000	55
157810000	56
157815000	57
157820000	58
157825000	59
157830000	60
157835000	61
157840000	62
157845000	63
157850000	64
157855000	65
157860000	66
157865000	67
157870000	68
157875000	69
157880000	70
157885000	71
157890000	72
157895000	73
157900000	74
157905000	75
157910000	76
157915000	77
157920000	78
157925000	79
157930000	80
157935000	81
157940000	82
157945000	83
157950000	84
157955000	85
157960000	86
157965000	87
157970000	88
157975000	89
157980000	90
157985000	91
157990000	92
157995000	93
158000000	94
158005000	95
158010000	96
158015000	97
158020000	98
158025000	99
158030000	100
158035000	101
158040000	102
158045000	103
158050000	104
158055000	105
158060000	106
158065000	107
158070000	108
158075000	109
158080000	110
158085000	111
158090000	112
158095000	113
158100000	114
158105000	115
158110000	116
158115000	117
158120000	118
158125000	119
158130000	120
158135000	121
158140000	122
158145000	123
158150000	124
158155000	125
158160000	126
158165000	127
158170000	128
158175000	129
158180000	130
158185000	131
