182565000	0
182570000	1
182575000	2
182580000	3
182585000	4
182590000	5
182595000	6
182600000	7
182605000	8
182610000	9
182615000	10
182620000	11
182625000	12
182630000	13
182635000	14
182640000	15
182645000	16
182650000	17
182655000	18
182660000	19
182665000	20
182670000	21
182675000	22
182680000	23
182685000	24
182690000	25
182695000	26
182700000	27
182705000	28
182710000	29
182715000	30
182720000	31
182725000	32
182730000	33
182735000	34
182740000	35
182745000	36
182750000	37
182755000	38
182760000	39
182765000	40
182770000	41
182775000	42
182780000	43
182785000	44
182790000	45
182795000	46
182800000	47
182805000	48
182810000	49
182815000	50
182820000	51
182825000	52
182830000	53
182835000	54
182840000	55
182845000	56
182850000	57
182855000	58
182860000	59
182865000	60
182870000	61
182875000	62
182880000	63
182885000	64
182890000	65
182895000	66
182900000	67
182905000	68
182910000	69
182915000	70
182920000	71
182925000	72
182930000	73
182935000	74
182940000	75
182945000	76
182950000	77
182955000	78
182960000	79
182965000	80
182970000	81
182975000	82
182980000	83
182985000	84
182990000	85
182995000	86
183000000	87
183005000	88
183010000	89
183015000	90
183020000	91
183025000	92
183030000	93
183035000	94
183040000	95
183045000	96
183050000	97
183055000	98
183060000	99
183065000	100
183070000	101
183075000	102
183080000	103
183085000	104
183090000	105
183095000	106
183100000	107
183105000	108
183110000	109
183115000	110
183120000	111
183125000	112
183130000	113
183135000	114
183140000	115
183145000	116
183150000	117
183155000	118
183160000	119
183165000	120
183170000	121
183175000	122
183180000	123
183185000	124
183190000	125
183195000	126
183200000	127
183205000	128
183210000	129
183215000	130
183220000	131
183225000	132
183230000	133
183235000	134
183240000	135
183245000	136
183250000	137
183255000	138
183260000	139
183265000	140
183270000	141
183275000	142
183280000	143
183285000	144
183290000	145
183295000	146
183300000	147
183305000	148
183310000	149
183315000	150
183320000	151
183325000	152
183330000	153
183335000	154
183340000	155
183345000	156
183350000	157
183355000	158
183360000	159
183365000	160
183370000	161
183375000	162
183380000	163
183385000	164
183390000	165
183395000	166
183400000	167
183405000	168
183410000	169
183415000	170
183420000	171
