59745000	0
59750000	1
59755000	2
59760000	3
59765000	4
59770000	5
59775000	6
59780000	7
59785000	8
59790000	9
59795000	10
59800000	11
59805000	12
59810000	13
59815000	14
59820000	15
59825000	16
59830000	17
59835000	18
59840000	19
59845000	20
59850000	21
59855000	22
59860000	23
59865000	24
59870000	25
59875000	26
59880000	27
59885000	28
59890000	29
59895000	30
59900000	31
59905000	32
59910000	33
59915000	34
59920000	35
59925000	36
59930000	37
59935000	38
59940000	39
59945000	40
59950000	41
59955000	42
59960000	43
59965000	44
59970000	45
59975000	46
59980000	47
59985000	48
59990000	49
59995000	50
60000000	51
60005000	52
60010000	53
60015000	54
60020000	55
60025000	56
60030000	57
60035000	58
60040000	59
60045000	60
60050000	61
60055000	62
60060000	63
60065000	64
60070000	65
60075000	66
60080000	67
60085000	68
60090000	69
60095000	70
60100000	71
60105000	72
60110000	73
60115000	74
60120000	75
60125000	76
60130000	77
60135000	78
60140000	79
60145000	80
60150000	81
60155000	82
60160000	83
60165000	84
60170000	85
60175000	86
60180000	87
60185000	88
60190000	89
60195000	90
60200000	91
60205000	92
60210000	93
60215000	94
60220000	95
60225000	96
60230000	97
60235000	98
60240000	99
60245000	100
60250000	101
60255000	102
60260000	103
60265000	104
60270000	105
60275000	106
60280000	107
60285000	108
60290000	109
60295000	110
60300000	111
60305000	112
60310000	113
60315000	114
60320000	115
60325000	116
