95545000	0
95550000	1
95555000	2
95560000	3
95565000	4
95570000	5
95575000	6
95580000	7
95585000	8
95590000	9
95595000	10
95600000	11
95605000	12
95610000	13
95615000	14
95620000	15
95625000	16
95630000	17
95635000	18
95640000	19
95645000	20
95650000	21
95655000	22
95660000	23
95665000	24
95670000	25
95675000	26
95680000	27
95685000	28
95690000	29
95695000	30
95700000	31
95705000	32
95710000	33
95715000	34
95720000	35
95725000	36
95730000	37
95735000	38
95740000	39
95745000	40
95750000	41
95755000	42
95760000	43
95765000	44
95770000	45
95775000	46
95780000	47
95785000	48
95790000	49
95795000	50
95800000	51
95805000	52
95810000	53
95815000	54
95820000	55
95825000	56
95830000	57
95835000	58
95840000	59
95845000	60
95850000	61
95855000	62
95860000	63
95865000	64
95870000	65
95875000	66
95880000	67
95885000	68
95890000	69
95895000	70
95900000	71
95905000	72
95910000	73
95915000	74
95920000	75
95925000	76
95930000	77
95935000	78
95940000	79
95945000	80
95950000	81
95955000	82
95960000	83
95965000	84
95970000	85
95975000	86
95980000	87
95985000	88
95990000	89
95995000	90
96000000	91
96005000	92
96010000	93
96015000	94
96020000	95
96025000	96
96030000	97
96035000	98
96040000	99
96045000	100
96050000	101
96055000	102
96060000	103
96065000	104
96070000	105
96075000	106
96080000	107
96085000	108
96090000	109
96095000	110
96100000	111
96105000	112
96110000	113
96115000	114
96120000	115
96125000	116
96130000	117
96135000	118
96140000	119
96145000	120
96150000	121
96155000	122
96160000	123
96165000	124
96170000	125
96175000	126
96180000	127
96185000	128
96190000	129
96195000	130
96200000	131
96205000	132
96210000	133
96215000	134
96220000	135
96225000	136
96230000	137
96235000	138
96240000	139
96245000	140
96250000	141
96255000	142
96260000	143
96265000	144
96270000	145
96275000	146
96280000	147
96285000	148
96290000	149
96295000	150
96300000	151
96305000	152
96310000	153
96315000	154
96320000	155
96325000	156
96330000	157
96335000	158
96340000	159
96345000	160
96350000	161
96355000	162
96360000	163
96365000	164
96370000	165
96375000	166
96380000	167
96385000	168
96390000	169
96395000	170
96400000	171
96405000	172
96410000	173
96415000	174
96420000	175
96425000	176
96430000	177
96435000	178
96440000	179
96445000	180
96450000	181
96455000	182
96460000	183
96465000	184
96470000	185
96475000	186
96480000	187
96485000	188
96490000	189
96495000	190
96500000	191
96505000	192
96510000	193
96515000	194
96520000	195
96525000	196
96530000	197
96535000	198
96540000	199
96545000	200
96550000	201
96555000	202
96560000	203
96565000	204
96570000	205
96575000	206
96580000	207
96585000	208
96590000	209
96595000	210
96600000	211
96605000	212
96610000	213
96615000	214
96620000	215
96625000	216
96630000	217
96635000	218
96640000	219
96645000	220
96650000	221
96655000	222
96660000	223
96665000	224
96670000	225
96675000	226
96680000	227
96685000	228
96690000	229
96695000	230
96700000	231
96705000	232
96710000	233
96715000	234
96720000	235
96725000	236
96730000	237
96735000	238
96740000	239
96745000	240
96750000	241
96755000	242
96760000	243
96765000	244
96770000	245
96775000	246
96780000	247
96785000	248
96790000	249
96795000	250
96800000	251
96805000	252
96810000	253
96815000	254
96820000	255
96825000	256
96830000	257
96835000	258
96840000	259
96845000	260
96850000	261
96855000	262
96860000	263
96865000	264
96870000	265
96875000	266
96880000	267
96885000	268
96890000	269
96895000	270
96900000	271
96905000	272
96910000	273
96915000	274
96920000	275
96925000	276
96930000	277
96935000	278
96940000	279
96945000	280
96950000	281
96955000	282
96960000	283
96965000	284
96970000	285
96975000	286
96980000	287
96985000	288
96990000	289
96995000	290
97000000	291
97005000	292
97010000	293
97015000	294
97020000	295
97025000	296
97030000	297
97035000	298
97040000	299
97045000	300
97050000	301
97055000	302
97060000	303
97065000	304
97070000	305
97075000	306
97080000	307
97085000	308
97090000	309
97095000	310
97100000	311
97105000	312
97110000	313
97115000	314
97120000	315
97125000	316
97130000	317
97135000	318
97140000	319
97145000	320
97150000	321
97155000	322
97160000	323
97165000	324
97170000	325
97175000	326
97180000	327
