7715000	0
7720000	1
7725000	2
7730000	3
7735000	4
7740000	5
7745000	6
7750000	7
7755000	8
7760000	9
7765000	10
7770000	11
7775000	12
7780000	13
7785000	14
7790000	15
7795000	16
7800000	17
7805000	18
7810000	19
7815000	20
7820000	21
7825000	22
7830000	23
7835000	24
7840000	25
7845000	26
7850000	27
7855000	28
7860000	29
7865000	30
7870000	31
7875000	32
7880000	33
7885000	34
7890000	35
7895000	36
7900000	37
7905000	38
7910000	39
7915000	40
7920000	41
7925000	42
7930000	43
7935000	44
7940000	45
7945000	46
7950000	47
7955000	48
7960000	49
7965000	50
7970000	51
7975000	52
7980000	53
7985000	54
7990000	55
7995000	56
8000000	57
8005000	58
8010000	59
8015000	60
8020000	61
8025000	62
8030000	63
8035000	64
8040000	65
8045000	66
8050000	67
8055000	68
8060000	69
8065000	70
8070000	71
8075000	72
8080000	73
8085000	74
8090000	75
8095000	76
8100000	77
8105000	78
8110000	79
8115000	80
8120000	81
8125000	82
8130000	83
8135000	84
8140000	85
8145000	86
8150000	87
8155000	88
8160000	89
8165000	90
8170000	91
8175000	92
8180000	93
8185000	94
8190000	95
8195000	96
8200000	97
8205000	98
8210000	99
8215000	100
8220000	101
8225000	102
8230000	103
8235000	104
8240000	105
8245000	106
8250000	107
8255000	108
8260000	109
8265000	110
8270000	111
8275000	112
8280000	113
8285000	114
8290000	115
8295000	116
8300000	117
8305000	118
8310000	119
8315000	120
8320000	121
8325000	122
8330000	123
8335000	124
8340000	125
8345000	126
8350000	127
8355000	128
8360000	129
8365000	130
8370000	131
8375000	132
8380000	133
8385000	134
8390000	135
8395000	136
8400000	137
8405000	138
8410000	139
8415000	140
8420000	141
8425000	142
8430000	143
8435000	144
8440000	145
8445000	146
