12325000	0
12330000	1
12335000	2
12340000	3
12345000	4
12350000	5
12355000	6
12360000	7
12365000	8
12370000	9
12375000	10
12380000	11
12385000	12
12390000	13
12395000	14
12400000	15
12405000	16
12410000	17
12415000	18
12420000	19
12425000	20
12430000	21
12435000	22
12440000	23
12445000	24
12450000	25
12455000	26
12460000	27
12465000	28
12470000	29
12475000	30
12480000	31
12485000	32
12490000	33
12495000	34
12500000	35
12505000	36
12510000	37
12515000	38
12520000	39
12525000	40
12530000	41
12535000	42
12540000	43
12545000	44
12550000	45
12555000	46
12560000	47
12565000	48
12570000	49
12575000	50
12580000	51
12585000	52
12590000	53
12595000	54
12600000	55
12605000	56
12610000	57
12615000	58
12620000	59
12625000	60
12630000	61
12635000	62
12640000	63
12645000	64
12650000	65
12655000	66
12660000	67
12665000	68
12670000	69
12675000	70
12680000	71
12685000	72
12690000	73
12695000	74
12700000	75
12705000	76
12710000	77
12715000	78
12720000	79
12725000	80
12730000	81
12735000	82
12740000	83
12745000	84
12750000	85
12755000	86
12760000	87
12765000	88
12770000	89
12775000	90
12780000	91
12785000	92
12790000	93
12795000	94
12800000	95
12805000	96
12810000	97
12815000	98
12820000	99
12825000	100
12830000	101
12835000	102
12840000	103
12845000	104
12850000	105
12855000	106
12860000	107
12865000	108
12870000	109
12875000	110
12880000	111
12885000	112
12890000	113
12895000	114
12900000	115
12905000	116
12910000	117
12915000	118
12920000	119
12925000	120
12930000	121
12935000	122
12940000	123
12945000	124
12950000	125
12960000	126
12965000	127
12970000	128
12975000	129
12980000	130
12985000	131
12990000	132
12995000	133
13005000	134
13020000	135
13030000	136
13035000	137
13040000	138
13045000	139
13050000	140
13130000	141
13135000	142
13140000	143
13145000	144
13170000	145
13175000	146
13180000	147
13185000	148
13190000	149
13195000	150
13200000	151
13205000	152
13210000	153
13215000	154
13330000	155
13345000	156
13350000	157
13355000	158
13370000	159
13385000	160
13555000	161
13705000	162
13710000	163
13720000	164
13740000	165
