159095000	0
159100000	1
159105000	2
159110000	3
159115000	4
159120000	5
159125000	6
159130000	7
159135000	8
159140000	9
159145000	10
159150000	11
159155000	12
159160000	13
159165000	14
159170000	15
159175000	16
159180000	17
159185000	18
159190000	19
159195000	20
159200000	21
159205000	22
159210000	23
159215000	24
159220000	25
159225000	26
159230000	27
159235000	28
159240000	29
159245000	30
159250000	31
159255000	32
159260000	33
159265000	34
159270000	35
159275000	36
159280000	37
159285000	38
159290000	39
159295000	40
159300000	41
159305000	42
159310000	43
159315000	44
159320000	45
159325000	46
159330000	47
159335000	48
159340000	49
159345000	50
159350000	51
159355000	52
159360000	53
159365000	54
159370000	55
159375000	56
159380000	57
159385000	58
159390000	59
159395000	60
159400000	61
159405000	62
159410000	63
159415000	64
159420000	65
159425000	66
159430000	67
159435000	68
159440000	69
159445000	70
159450000	71
159455000	72
159460000	73
159465000	74
159470000	75
159475000	76
159480000	77
159485000	78
159490000	79
159495000	80
159500000	81
159505000	82
159510000	83
159515000	84
159520000	85
159525000	86
159530000	87
159535000	88
159540000	89
159545000	90
159550000	91
159555000	92
159560000	93
159565000	94
159570000	95
159575000	96
159580000	97
159585000	98
159590000	99
159595000	100
159600000	101
159605000	102
159610000	103
159615000	104
159620000	105
159625000	106
159630000	107
159635000	108
159640000	109
159645000	110
159650000	111
159655000	112
159660000	113
159665000	114
159670000	115
159675000	116
159680000	117
159685000	118
159690000	119
159695000	120
159700000	121
159705000	122
159710000	123
159715000	124
159720000	125
159725000	126
