207985000	0
207990000	1
207995000	2
208000000	3
208005000	4
208010000	5
208015000	6
208020000	7
208025000	8
208030000	9
208035000	10
208040000	11
208045000	12
208050000	13
208055000	14
208060000	15
208065000	16
208070000	17
208075000	18
208080000	19
208085000	20
208090000	21
208095000	22
208100000	23
208105000	24
208110000	25
208115000	26
208120000	27
208125000	28
208130000	29
208135000	30
208140000	31
208145000	32
208150000	33
208155000	34
208160000	35
208165000	36
208170000	37
208175000	38
208180000	39
208185000	40
208190000	41
208195000	42
208200000	43
208205000	44
208210000	45
208215000	46
208220000	47
208225000	48
208230000	49
208235000	50
208240000	51
208245000	52
208250000	53
208255000	54
208260000	55
208265000	56
208270000	57
208275000	58
208280000	59
208285000	60
208290000	61
208295000	62
208300000	63
208305000	64
208310000	65
208315000	66
208320000	67
208325000	68
208330000	69
208335000	70
208340000	71
208345000	72
208350000	73
208355000	74
208360000	75
208365000	76
208370000	77
208375000	78
208380000	79
208385000	80
208390000	81
208395000	82
208400000	83
208405000	84
208410000	85
208415000	86
208420000	87
208425000	88
208430000	89
