223965000	0
223970000	1
223975000	2
223980000	3
223985000	4
223990000	5
223995000	6
224000000	7
224005000	8
224010000	9
224015000	10
224020000	11
224025000	12
224030000	13
224035000	14
224040000	15
224045000	16
224050000	17
224055000	18
224060000	19
224065000	20
224070000	21
224075000	22
224080000	23
224085000	24
224090000	25
224095000	26
224100000	27
224105000	28
224110000	29
224115000	30
224120000	31
224125000	32
224130000	33
224135000	34
224140000	35
224145000	36
224150000	37
224155000	38
224160000	39
224165000	40
224170000	41
224175000	42
224180000	43
224185000	44
224190000	45
224195000	46
224200000	47
224205000	48
224210000	49
224215000	50
224220000	51
224225000	52
224230000	53
224235000	54
224240000	55
224245000	56
224250000	57
224255000	58
224260000	59
224265000	60
224270000	61
224275000	62
224280000	63
224285000	64
224290000	65
224295000	66
224300000	67
224305000	68
224310000	69
224315000	70
224320000	71
224325000	72
224330000	73
224335000	74
224340000	75
224345000	76
224350000	77
224355000	78
224360000	79
224365000	80
224370000	81
224375000	82
224380000	83
224385000	84
224390000	85
224395000	86
224400000	87
224405000	88
224410000	89
224415000	90
224420000	91
224425000	92
224430000	93
224435000	94
224440000	95
224445000	96
224450000	97
224455000	98
224460000	99
224465000	100
224470000	101
224475000	102
224480000	103
224485000	104
224490000	105
224495000	106
224500000	107
224505000	108
224510000	109
224515000	110
224520000	111
224525000	112
