247800000	0
247805000	1
247810000	2
247815000	3
247820000	4
247825000	5
247830000	6
247835000	7
247840000	8
247845000	9
247850000	10
247855000	11
247860000	12
247865000	13
247870000	14
247875000	15
247880000	16
247885000	17
247890000	18
247895000	19
247900000	20
247905000	21
247910000	22
247915000	23
247920000	24
247925000	25
247930000	26
247935000	27
247940000	28
247945000	29
247950000	30
247955000	31
247960000	32
247965000	33
247970000	34
247975000	35
247980000	36
247985000	37
247990000	38
247995000	39
248000000	40
248005000	41
248010000	42
248015000	43
248020000	44
248025000	45
248030000	46
248035000	47
248040000	48
248045000	49
248050000	50
248055000	51
248060000	52
248065000	53
248070000	54
248075000	55
248080000	56
248085000	57
248090000	58
248095000	59
248100000	60
248105000	61
248110000	62
248115000	63
248120000	64
248125000	65
248130000	66
248135000	67
248140000	68
248145000	69
248150000	70
248155000	71
248160000	72
248165000	73
248170000	74
248175000	75
248180000	76
248185000	77
248190000	78
248195000	79
248200000	80
248205000	81
248210000	82
248215000	83
248220000	84
248225000	85
248230000	86
248235000	87
248240000	88
248245000	89
248250000	90
248255000	91
248260000	92
248265000	93
248270000	94
248275000	95
248280000	96
248285000	97
248290000	98
248295000	99
248300000	100
248305000	101
248310000	102
248315000	103
248320000	104
248325000	105
248330000	106
248335000	107
248340000	108
248345000	109
248350000	110
248355000	111
248360000	112
248365000	113
248370000	114
248375000	115
248380000	116
248385000	117
248390000	118
248395000	119
248400000	120
248405000	121
248410000	122
248415000	123
248420000	124
248425000	125
248430000	126
248435000	127
248440000	128
248445000	129
248450000	130
248455000	131
248460000	132
248465000	133
248470000	134
248475000	135
248480000	136
248485000	137
248490000	138
248495000	139
248500000	140
248505000	141
248510000	142
248515000	143
248520000	144
248525000	145
248530000	146
248535000	147
248540000	148
