119920000	0
119925000	1
119930000	2
119935000	3
119940000	4
119945000	5
119950000	6
119955000	7
119960000	8
119965000	9
119970000	10
119975000	11
119980000	12
119985000	13
119990000	14
119995000	15
120000000	16
120005000	17
120010000	18
120015000	19
120020000	20
120025000	21
120030000	22
120035000	23
120040000	24
120045000	25
120050000	26
120055000	27
120060000	28
120065000	29
120070000	30
120075000	31
120080000	32
120085000	33
120090000	34
120095000	35
120100000	36
120105000	37
120110000	38
120115000	39
120120000	40
120125000	41
120130000	42
120135000	43
120140000	44
120145000	45
120150000	46
120155000	47
120160000	48
120165000	49
120170000	50
120175000	51
120180000	52
120185000	53
120190000	54
120195000	55
120200000	56
120205000	57
120210000	58
120215000	59
120220000	60
120225000	61
120230000	62
120235000	63
120240000	64
120245000	65
120250000	66
120255000	67
120260000	68
120265000	69
120270000	70
120275000	71
120280000	72
120285000	73
120290000	74
120295000	75
120300000	76
120305000	77
120310000	78
120315000	79
120320000	80
120325000	81
120330000	82
120335000	83
120340000	84
120345000	85
120350000	86
120355000	87
120360000	88
120365000	89
120370000	90
120375000	91
120380000	92
120385000	93
120390000	94
120395000	95
120400000	96
120405000	97
120410000	98
120415000	99
120420000	100
120425000	101
120430000	102
120435000	103
120440000	104
120445000	105
120450000	106
120455000	107
120460000	108
120465000	109
120470000	110
120475000	111
120480000	112
120485000	113
120490000	114
120495000	115
120500000	116
120505000	117
120510000	118
120515000	119
120520000	120
120525000	121
120530000	122
120535000	123
120540000	124
120545000	125
120550000	126
120555000	127
120560000	128
120565000	129
120570000	130
120575000	131
120580000	132
120585000	133
120590000	134
120595000	135
120600000	136
120605000	137
120610000	138
120615000	139
120620000	140
120625000	141
120630000	142
120635000	143
120640000	144
120645000	145
120650000	146
120655000	147
120660000	148
120665000	149
120670000	150
120675000	151
120680000	152
120685000	153
120690000	154
120695000	155
120745000	156
120750000	157
120755000	158
120760000	159
120765000	160
120780000	161
120785000	162
120790000	163
120795000	164
120800000	165
120810000	166
120820000	167
120825000	168
120830000	169
120835000	170
120840000	171
120845000	172
120850000	173
120860000	174
120870000	175
120875000	176
120885000	177
120890000	178
120895000	179
120900000	180
120905000	181
120910000	182
120915000	183
120920000	184
120925000	185
120930000	186
121085000	187
121090000	188
121095000	189
121100000	190
121105000	191
121110000	192
121115000	193
121120000	194
121125000	195
121130000	196
121135000	197
121140000	198
121145000	199
121150000	200
121155000	201
121160000	202
121165000	203
121170000	204
121175000	205
121180000	206
121185000	207
121190000	208
121195000	209
121200000	210
121205000	211
121210000	212
121215000	213
121220000	214
121225000	215
121230000	216
121235000	217
121240000	218
121245000	219
121250000	220
121255000	221
121260000	222
121265000	223
121270000	224
121280000	225
121285000	226
121290000	227
121295000	228
121300000	229
121305000	230
121310000	231
121315000	232
121320000	233
121325000	234
121330000	235
121335000	236
121340000	237
121345000	238
121350000	239
121355000	240
121365000	241
121370000	242
121385000	243
121425000	244
121475000	245
121480000	246
121485000	247
142535000	248
142540000	249
142545000	250
142550000	251
142555000	252
142560000	253
142565000	254
142570000	255
142575000	256
142580000	257
142585000	258
142590000	259
142595000	260
142600000	261
142605000	262
142610000	263
142615000	264
142620000	265
142625000	266
142630000	267
142635000	268
142640000	269
142645000	270
142650000	271
142655000	272
142660000	273
142665000	274
142670000	275
142675000	276
142680000	277
142685000	278
142690000	279
142695000	280
142700000	281
142705000	282
142710000	283
142715000	284
142720000	285
142725000	286
142730000	287
142780000	288
142785000	289
142790000	290
142795000	291
142800000	292
142805000	293
142850000	294
142910000	295
142915000	296
142955000	297
142960000	298
143115000	299
143120000	300
143125000	301
143130000	302
143135000	303
143140000	304
143145000	305
143150000	306
143155000	307
143160000	308
143165000	309
143170000	310
143175000	311
143180000	312
143185000	313
143190000	314
143195000	315
143200000	316
143205000	317
143210000	318
143215000	319
143220000	320
143235000	321
143240000	322
143245000	323
143250000	324
143255000	325
143260000	326
143265000	327
143270000	328
143275000	329
143280000	330
143285000	331
143290000	332
143385000	333
143390000	334
143395000	335
143400000	336
143405000	337
143415000	338
143420000	339
143425000	340
143465000	341
143470000	342
143475000	343
143480000	344
143490000	345
143495000	346
143500000	347
143505000	348
143510000	349
143515000	350
143525000	351
143530000	352
143535000	353
143540000	354
143650000	355
143660000	356
143665000	357
143670000	358
143740000	359
143745000	360
143750000	361
143755000	362
143760000	363
143765000	364
143870000	365
143875000	366
143900000	367
143905000	368
143910000	369
143915000	370
143920000	371
143925000	372
143935000	373
143940000	374
143950000	375
143955000	376
143960000	377
143965000	378
143970000	379
143980000	380
143985000	381
143990000	382
143995000	383
144000000	384
144005000	385
144010000	386
144015000	387
144020000	388
144025000	389
144030000	390
144035000	391
144040000	392
144045000	393
144050000	394
144055000	395
144060000	396
144065000	397
144070000	398
144075000	399
144080000	400
144085000	401
144090000	402
144095000	403
144310000	404
144360000	405
144450000	406
144465000	407
144470000	408
144475000	409
144480000	410
144520000	411
144525000	412
144530000	413
144535000	414
144545000	415
144550000	416
144555000	417
144565000	418
144570000	419
144575000	420
144585000	421
144590000	422
144595000	423
144600000	424
144605000	425
144610000	426
144615000	427
144620000	428
144670000	429
144675000	430
144680000	431
144685000	432
144690000	433
144695000	434
144700000	435
144705000	436
144810000	437
144815000	438
144820000	439
144825000	440
144830000	441
