174735000	0
174740000	1
174745000	2
174750000	3
174755000	4
174760000	5
174765000	6
174770000	7
174775000	8
174780000	9
174785000	10
174790000	11
174795000	12
174800000	13
174805000	14
174810000	15
174815000	16
174820000	17
174825000	18
174830000	19
174835000	20
174840000	21
174845000	22
174850000	23
174855000	24
174860000	25
174865000	26
174870000	27
174875000	28
174880000	29
174885000	30
174890000	31
174895000	32
174900000	33
174905000	34
174910000	35
174915000	36
174920000	37
174925000	38
174930000	39
174935000	40
174940000	41
174945000	42
174950000	43
174955000	44
174960000	45
174965000	46
174970000	47
174975000	48
174980000	49
174985000	50
174990000	51
174995000	52
175000000	53
175005000	54
175010000	55
175015000	56
175020000	57
175025000	58
175030000	59
175035000	60
175040000	61
175045000	62
175050000	63
175055000	64
175060000	65
175065000	66
175070000	67
175075000	68
175080000	69
175085000	70
175090000	71
175095000	72
175100000	73
175105000	74
175110000	75
175115000	76
175120000	77
175125000	78
175130000	79
175135000	80
175140000	81
175145000	82
175150000	83
175155000	84
175160000	85
175165000	86
175170000	87
175175000	88
175180000	89
175185000	90
175190000	91
175195000	92
175200000	93
175205000	94
175210000	95
175215000	96
175220000	97
175225000	98
175230000	99
175235000	100
175240000	101
175245000	102
175250000	103
175255000	104
175260000	105
175265000	106
175270000	107
175275000	108
175280000	109
175285000	110
175290000	111
175295000	112
175300000	113
175305000	114
175310000	115
175315000	116
175320000	117
175325000	118
175330000	119
