35475000	0
35480000	1
35485000	2
35490000	3
35495000	4
35500000	5
35505000	6
35510000	7
35515000	8
35520000	9
35525000	10
35530000	11
35535000	12
35540000	13
35545000	14
35550000	15
35555000	16
35560000	17
35565000	18
35570000	19
35575000	20
35580000	21
35585000	22
35590000	23
35595000	24
35600000	25
35605000	26
35610000	27
35615000	28
35620000	29
35625000	30
35630000	31
35635000	32
35640000	33
35645000	34
35650000	35
35655000	36
35660000	37
35665000	38
35670000	39
35675000	40
35680000	41
35685000	42
35690000	43
35695000	44
35700000	45
35705000	46
35710000	47
35715000	48
35720000	49
35725000	50
35730000	51
35735000	52
35740000	53
35745000	54
35750000	55
35755000	56
35760000	57
35765000	58
35770000	59
35775000	60
35780000	61
35785000	62
35790000	63
35795000	64
35800000	65
35805000	66
35810000	67
35815000	68
35820000	69
35825000	70
35830000	71
35835000	72
35840000	73
35845000	74
35850000	75
35855000	76
35860000	77
35865000	78
35870000	79
35875000	80
35880000	81
35885000	82
35890000	83
35895000	84
35900000	85
35905000	86
