179350000	0
179355000	1
179360000	2
179365000	3
179370000	4
179375000	5
179380000	6
179385000	7
179390000	8
179395000	9
179400000	10
179405000	11
179410000	12
179415000	13
179420000	14
179425000	15
179430000	16
179435000	17
179440000	18
179445000	19
179450000	20
179455000	21
179460000	22
179465000	23
179470000	24
179475000	25
179480000	26
179485000	27
179490000	28
179495000	29
179500000	30
179505000	31
179510000	32
179515000	33
179520000	34
179525000	35
179530000	36
179535000	37
179540000	38
179545000	39
179550000	40
179555000	41
179560000	42
179565000	43
179570000	44
179575000	45
179580000	46
179585000	47
179590000	48
179595000	49
179600000	50
179605000	51
179610000	52
179615000	53
179620000	54
179625000	55
179630000	56
179635000	57
179640000	58
179645000	59
179650000	60
179655000	61
179660000	62
179665000	63
179670000	64
179675000	65
179680000	66
179685000	67
179690000	68
179695000	69
179700000	70
179705000	71
179710000	72
179715000	73
179720000	74
179725000	75
179730000	76
179735000	77
179740000	78
179745000	79
179750000	80
179755000	81
179760000	82
179765000	83
179770000	84
179775000	85
179780000	86
179785000	87
179790000	88
179795000	89
179800000	90
179805000	91
179810000	92
179815000	93
