166865000	0
166870000	1
166875000	2
166880000	3
166885000	4
166890000	5
166895000	6
166900000	7
166905000	8
166910000	9
166915000	10
166920000	11
166925000	12
166930000	13
166935000	14
166940000	15
166945000	16
166950000	17
166955000	18
166960000	19
166965000	20
166970000	21
166975000	22
166980000	23
166985000	24
166990000	25
166995000	26
167000000	27
167005000	28
167010000	29
167015000	30
167020000	31
167025000	32
167030000	33
167035000	34
167040000	35
167045000	36
167050000	37
167055000	38
167060000	39
167065000	40
167070000	41
167075000	42
167080000	43
167085000	44
167090000	45
167095000	46
167100000	47
167105000	48
167110000	49
167115000	50
167120000	51
167125000	52
167130000	53
167135000	54
167140000	55
167145000	56
167150000	57
167155000	58
167160000	59
167165000	60
167170000	61
167175000	62
167180000	63
167185000	64
