79535000	0
79540000	1
79545000	2
79550000	3
79555000	4
79560000	5
79565000	6
79570000	7
79575000	8
79580000	9
79585000	10
79590000	11
79595000	12
79600000	13
79605000	14
79610000	15
79615000	16
79620000	17
79625000	18
79630000	19
79635000	20
79640000	21
79645000	22
79650000	23
79655000	24
79660000	25
79665000	26
79670000	27
79675000	28
79680000	29
79685000	30
79690000	31
79695000	32
79700000	33
79705000	34
79710000	35
79715000	36
79720000	37
79725000	38
79730000	39
79735000	40
79740000	41
79745000	42
79750000	43
79755000	44
79760000	45
79765000	46
79770000	47
79775000	48
79780000	49
79785000	50
79790000	51
79795000	52
79800000	53
79805000	54
79810000	55
79815000	56
79820000	57
79825000	58
79830000	59
79835000	60
79840000	61
79845000	62
79850000	63
79855000	64
79860000	65
79865000	66
79875000	67
79880000	68
79885000	69
79890000	70
79895000	71
79900000	72
79905000	73
79910000	74
79915000	75
79920000	76
79925000	77
79930000	78
79935000	79
