149275000	0
149280000	1
149285000	2
149290000	3
149295000	4
149300000	5
149305000	6
149310000	7
149315000	8
149320000	9
149325000	10
149330000	11
149335000	12
149340000	13
149345000	14
149350000	15
149355000	16
149360000	17
149365000	18
149370000	19
149375000	20
149380000	21
149385000	22
149390000	23
149395000	24
149400000	25
149405000	26
149410000	27
149415000	28
149420000	29
149425000	30
149430000	31
149435000	32
149440000	33
149445000	34
149450000	35
149455000	36
149460000	37
149465000	38
149470000	39
149475000	40
149480000	41
149485000	42
149490000	43
149495000	44
149500000	45
149505000	46
149510000	47
149515000	48
149520000	49
149525000	50
149530000	51
149535000	52
