188745000	0
188750000	1
188755000	2
188760000	3
188765000	4
188770000	5
188775000	6
188780000	7
188785000	8
188790000	9
188795000	10
188800000	11
188805000	12
188810000	13
188815000	14
188820000	15
188825000	16
188830000	17
188835000	18
188840000	19
188845000	20
188850000	21
188855000	22
188860000	23
188865000	24
188870000	25
188875000	26
188880000	27
188885000	28
188890000	29
188895000	30
188900000	31
188905000	32
188910000	33
188915000	34
188920000	35
188925000	36
188930000	37
188935000	38
188940000	39
188945000	40
188950000	41
188955000	42
188960000	43
188965000	44
188970000	45
188975000	46
188980000	47
188985000	48
188990000	49
188995000	50
189000000	51
189005000	52
189010000	53
189015000	54
189020000	55
189025000	56
189030000	57
189035000	58
189040000	59
189045000	60
189050000	61
189055000	62
189060000	63
189065000	64
189070000	65
189075000	66
189080000	67
189085000	68
189090000	69
189095000	70
189100000	71
189105000	72
189110000	73
189115000	74
189120000	75
189125000	76
189130000	77
189135000	78
189140000	79
189145000	80
189150000	81
189155000	82
189160000	83
189165000	84
189170000	85
189175000	86
189180000	87
189185000	88
189190000	89
189195000	90
189200000	91
189205000	92
189210000	93
189215000	94
189220000	95
189225000	96
189230000	97
189235000	98
189240000	99
189245000	100
189250000	101
189255000	102
189260000	103
189265000	104
189270000	105
189275000	106
189280000	107
189285000	108
189290000	109
189295000	110
189300000	111
189305000	112
189310000	113
189315000	114
189320000	115
189325000	116
189330000	117
189335000	118
189340000	119
189345000	120
189350000	121
189355000	122
189360000	123
189365000	124
189370000	125
189375000	126
189380000	127
189385000	128
189390000	129
189395000	130
189400000	131
189405000	132
189410000	133
189415000	134
189420000	135
189425000	136
189430000	137
189435000	138
189440000	139
189445000	140
189450000	141
189455000	142
189460000	143
189465000	144
189470000	145
189475000	146
189480000	147
189485000	148
189490000	149
189495000	150
189500000	151
189505000	152
189510000	153
189515000	154
189520000	155
189525000	156
189530000	157
189535000	158
189540000	159
189545000	160
189550000	161
189555000	162
189560000	163
189565000	164
189570000	165
189575000	166
189580000	167
189585000	168
189590000	169
189595000	170
189600000	171
189605000	172
189610000	173
189615000	174
189620000	175
189625000	176
189630000	177
189635000	178
189640000	179
189645000	180
189650000	181
189655000	182
189660000	183
189665000	184
189670000	185
189675000	186
189680000	187
189685000	188
189690000	189
189695000	190
189700000	191
189705000	192
189710000	193
189715000	194
189720000	195
189725000	196
189730000	197
189735000	198
189740000	199
189745000	200
189750000	201
189755000	202
189760000	203
189765000	204
189770000	205
189775000	206
189780000	207
189785000	208
189790000	209
189795000	210
189800000	211
189805000	212
189810000	213
189815000	214
189820000	215
189825000	216
189830000	217
189835000	218
189840000	219
189845000	220
189850000	221
189855000	222
189860000	223
189865000	224
189870000	225
189875000	226
189880000	227
189885000	228
189890000	229
189895000	230
189900000	231
189905000	232
189910000	233
189915000	234
189920000	235
189925000	236
189930000	237
