110520000	0
110780000	1
110800000	2
110805000	3
110850000	4
110855000	5
110860000	6
110865000	7
110870000	8
110875000	9
110880000	10
110885000	11
110890000	12
110895000	13
110900000	14
110905000	15
110910000	16
110915000	17
110920000	18
110925000	19
110930000	20
110935000	21
110940000	22
110945000	23
110950000	24
110955000	25
110960000	26
110965000	27
110970000	28
110975000	29
110980000	30
110985000	31
111025000	32
111030000	33
111060000	34
111120000	35
111360000	36
111375000	37
111385000	38
111390000	39
111395000	40
111400000	41
111405000	42
111410000	43
111415000	44
111420000	45
111425000	46
111430000	47
111435000	48
111440000	49
111445000	50
111450000	51
111455000	52
111460000	53
111465000	54
111470000	55
111475000	56
111480000	57
111485000	58
111490000	59
111495000	60
111500000	61
111505000	62
111510000	63
111515000	64
111520000	65
111525000	66
111530000	67
111535000	68
111540000	69
111545000	70
111550000	71
111555000	72
