51910000	0
51915000	1
51920000	2
51925000	3
51930000	4
51935000	5
51940000	6
51945000	7
51950000	8
51955000	9
51960000	10
51965000	11
51970000	12
51975000	13
51980000	14
51985000	15
51990000	16
51995000	17
52000000	18
52005000	19
52010000	20
52015000	21
52020000	22
52025000	23
52030000	24
52035000	25
52040000	26
52045000	27
52050000	28
52055000	29
52060000	30
52065000	31
52070000	32
52075000	33
52080000	34
52085000	35
52090000	36
52095000	37
52100000	38
52105000	39
52110000	40
52115000	41
52120000	42
52125000	43
52130000	44
52135000	45
52140000	46
52145000	47
52150000	48
52155000	49
52160000	50
52165000	51
52170000	52
52175000	53
52180000	54
52185000	55
52190000	56
52195000	57
52200000	58
52205000	59
52210000	60
52215000	61
52220000	62
52225000	63
52230000	64
52235000	65
52240000	66
52245000	67
52250000	68
52255000	69
52260000	70
52265000	71
52270000	72
52275000	73
52280000	74
52285000	75
52290000	76
52295000	77
52300000	78
52305000	79
52310000	80
52315000	81
52320000	82
52325000	83
52330000	84
52335000	85
52340000	86
52345000	87
52350000	88
52355000	89
52360000	90
52365000	91
52370000	92
52375000	93
52380000	94
52385000	95
52390000	96
52395000	97
52400000	98
52405000	99
52410000	100
52415000	101
52420000	102
52425000	103
52430000	104
52435000	105
52440000	106
52445000	107
52450000	108
52455000	109
52460000	110
52465000	111
52470000	112
52475000	113
52480000	114
52485000	115
52490000	116
52495000	117
52500000	118
52505000	119
52510000	120
52515000	121
52520000	122
52525000	123
52530000	124
52535000	125
52540000	126
52545000	127
52550000	128
