135275000	0
135280000	1
135285000	2
135290000	3
135295000	4
135300000	5
135305000	6
135310000	7
135315000	8
135320000	9
135325000	10
135330000	11
135335000	12
135340000	13
135345000	14
135350000	15
135355000	16
135360000	17
135365000	18
135370000	19
135375000	20
135380000	21
135385000	22
135390000	23
135395000	24
135400000	25
135405000	26
135410000	27
135415000	28
135420000	29
135425000	30
135430000	31
135435000	32
135440000	33
135445000	34
135450000	35
135455000	36
135460000	37
135465000	38
135470000	39
135475000	40
135480000	41
135485000	42
135490000	43
135495000	44
135500000	45
135505000	46
135510000	47
135515000	48
135520000	49
135525000	50
135530000	51
135535000	52
135540000	53
135545000	54
135550000	55
135555000	56
135560000	57
135565000	58
135570000	59
135575000	60
135580000	61
135585000	62
135590000	63
135595000	64
135600000	65
135605000	66
135610000	67
135615000	68
135620000	69
135625000	70
135630000	71
135635000	72
135640000	73
135645000	74
135650000	75
135655000	76
135660000	77
135665000	78
135670000	79
135675000	80
135680000	81
135685000	82
135690000	83
135695000	84
135700000	85
135705000	86
135710000	87
135715000	88
135720000	89
135725000	90
135730000	91
135735000	92
135740000	93
135745000	94
135750000	95
135755000	96
135760000	97
135765000	98
135770000	99
135775000	100
135780000	101
135785000	102
135790000	103
135795000	104
135800000	105
135805000	106
135810000	107
135815000	108
135820000	109
135825000	110
135830000	111
135835000	112
135840000	113
135845000	114
135850000	115
135855000	116
135860000	117
135865000	118
135870000	119
135875000	120
135880000	121
135885000	122
135890000	123
135895000	124
135900000	125
135905000	126
135910000	127
135915000	128
135920000	129
135925000	130
135930000	131
135935000	132
135940000	133
135945000	134
135950000	135
135955000	136
135960000	137
135965000	138
135970000	139
135975000	140
135980000	141
135985000	142
135990000	143
135995000	144
136000000	145
136005000	146
136010000	147
136015000	148
136020000	149
136025000	150
136030000	151
136035000	152
136040000	153
136045000	154
136050000	155
136055000	156
136060000	157
136065000	158
136070000	159
136075000	160
136080000	161
136085000	162
136090000	163
136095000	164
136100000	165
136105000	166
136110000	167
136115000	168
136120000	169
136125000	170
136130000	171
136135000	172
136140000	173
136145000	174
136150000	175
136155000	176
136160000	177
136165000	178
136170000	179
136175000	180
136180000	181
136185000	182
136190000	183
136195000	184
136200000	185
136205000	186
136210000	187
136215000	188
136220000	189
136225000	190
136230000	191
136235000	192
136240000	193
136245000	194
136250000	195
136255000	196
136260000	197
136265000	198
