132595000	0
132600000	1
132605000	2
132610000	3
132615000	4
132620000	5
132625000	6
132630000	7
132635000	8
132640000	9
132645000	10
132650000	11
132655000	12
132660000	13
132665000	14
132670000	15
132675000	16
132680000	17
132685000	18
132690000	19
132695000	20
132700000	21
132705000	22
132710000	23
132715000	24
132720000	25
132725000	26
132730000	27
132735000	28
132740000	29
132745000	30
132750000	31
132755000	32
132760000	33
132765000	34
132770000	35
132775000	36
132780000	37
132785000	38
132790000	39
132795000	40
132800000	41
132805000	42
132810000	43
132815000	44
132820000	45
132825000	46
132830000	47
132835000	48
132840000	49
132845000	50
132850000	51
132855000	52
132860000	53
132865000	54
132870000	55
132875000	56
132880000	57
132885000	58
132890000	59
132895000	60
132900000	61
132905000	62
132910000	63
132915000	64
132920000	65
132925000	66
132930000	67
132935000	68
132940000	69
132945000	70
132950000	71
132955000	72
132960000	73
132965000	74
132970000	75
132975000	76
132980000	77
132985000	78
132990000	79
132995000	80
133000000	81
133005000	82
133010000	83
133015000	84
133020000	85
133025000	86
133030000	87
133035000	88
133040000	89
133045000	90
133050000	91
133055000	92
133060000	93
133065000	94
133070000	95
133075000	96
133080000	97
133085000	98
133090000	99
133095000	100
133100000	101
133105000	102
133110000	103
133115000	104
133120000	105
133125000	106
133130000	107
133135000	108
