1435000	0
1440000	1
1445000	2
1450000	3
1455000	4
1460000	5
1465000	6
1470000	7
1475000	8
1480000	9
1485000	10
1490000	11
1495000	12
1500000	13
1505000	14
1510000	15
1515000	16
1520000	17
1525000	18
1530000	19
1535000	20
1540000	21
1545000	22
1550000	23
1555000	24
1560000	25
1565000	26
1570000	27
1575000	28
1580000	29
1585000	30
1590000	31
1595000	32
1600000	33
1605000	34
1610000	35
1615000	36
1620000	37
1625000	38
1630000	39
1635000	40
1640000	41
1645000	42
1650000	43
1655000	44
1660000	45
1665000	46
1670000	47
1675000	48
1680000	49
1685000	50
1690000	51
1695000	52
1700000	53
1705000	54
1710000	55
1715000	56
1720000	57
1725000	58
1730000	59
1735000	60
1740000	61
1745000	62
1750000	63
1755000	64
1760000	65
1765000	66
1770000	67
1775000	68
1780000	69
1785000	70
1790000	71
1795000	72
1800000	73
1805000	74
1810000	75
1815000	76
1820000	77
1825000	78
1830000	79
1835000	80
1840000	81
1845000	82
1850000	83
1855000	84
1860000	85
1865000	86
1870000	87
1875000	88
1880000	89
1885000	90
1890000	91
1895000	92
1900000	93
1905000	94
1910000	95
1915000	96
1920000	97
1925000	98
1930000	99
1935000	100
1940000	101
1945000	102
1950000	103
1955000	104
1960000	105
1965000	106
1970000	107
1975000	108
1980000	109
1985000	110
1990000	111
1995000	112
2000000	113
2005000	114
2010000	115
2015000	116
2020000	117
2025000	118
2030000	119
2035000	120
2040000	121
2045000	122
2050000	123
2055000	124
2060000	125
2065000	126
2070000	127
2075000	128
2080000	129
2085000	130
2090000	131
2095000	132
2100000	133
2105000	134
2110000	135
2115000	136
2120000	137
2125000	138
2130000	139
2135000	140
2140000	141
2145000	142
2150000	143
2155000	144
2160000	145
2165000	146
2170000	147
2175000	148
2180000	149
2185000	150
2190000	151
2195000	152
2200000	153
2205000	154
2210000	155
2215000	156
2220000	157
2225000	158
2230000	159
2235000	160
2240000	161
2245000	162
2250000	163
2255000	164
2260000	165
2265000	166
2270000	167
2275000	168
2280000	169
2285000	170
2290000	171
2295000	172
2300000	173
2305000	174
2310000	175
2315000	176
2320000	177
2325000	178
2330000	179
2335000	180
2340000	181
2345000	182
2350000	183
2355000	184
2360000	185
2365000	186
2370000	187
2375000	188
2380000	189
2385000	190
2390000	191
2395000	192
2400000	193
2405000	194
2410000	195
2415000	196
2420000	197
2425000	198
2430000	199
2435000	200
2440000	201
2445000	202
2450000	203
2455000	204
2460000	205
2465000	206
2470000	207
2475000	208
2480000	209
2485000	210
2490000	211
2495000	212
2500000	213
2505000	214
2510000	215
2515000	216
2520000	217
2525000	218
2530000	219
2535000	220
2540000	221
2545000	222
2550000	223
2555000	224
2560000	225
2565000	226
2570000	227
2575000	228
2580000	229
2585000	230
2590000	231
2595000	232
2600000	233
2605000	234
2610000	235
2615000	236
2620000	237
2625000	238
2630000	239
2635000	240
2640000	241
2645000	242
2650000	243
2655000	244
2660000	245
2665000	246
2670000	247
2675000	248
2680000	249
2685000	250
2690000	251
2695000	252
2700000	253
2705000	254
2710000	255
2715000	256
2720000	257
2725000	258
2730000	259
2735000	260
2740000	261
2745000	262
2750000	263
2755000	264
