144895000	0
144900000	1
144905000	2
144910000	3
144915000	4
144920000	5
144925000	6
144930000	7
144935000	8
144940000	9
144945000	10
144950000	11
144955000	12
144960000	13
144965000	14
144970000	15
144975000	16
144980000	17
144985000	18
144990000	19
144995000	20
145000000	21
145005000	22
145010000	23
145015000	24
145020000	25
145025000	26
145030000	27
145035000	28
145040000	29
145045000	30
145050000	31
145055000	32
145060000	33
145065000	34
145070000	35
145075000	36
145080000	37
145085000	38
145090000	39
145095000	40
145100000	41
145105000	42
145110000	43
145115000	44
145120000	45
145125000	46
145130000	47
145135000	48
145140000	49
145145000	50
145150000	51
145155000	52
145160000	53
145165000	54
145170000	55
145175000	56
145180000	57
145185000	58
145190000	59
145195000	60
145200000	61
145205000	62
145210000	63
145215000	64
145220000	65
145225000	66
145230000	67
145235000	68
145240000	69
145245000	70
145250000	71
145255000	72
145260000	73
145265000	74
145270000	75
145275000	76
145280000	77
145285000	78
145290000	79
145295000	80
145300000	81
145305000	82
145310000	83
145315000	84
145320000	85
145325000	86
145330000	87
145335000	88
145340000	89
145345000	90
145350000	91
145355000	92
145360000	93
145365000	94
145370000	95
145375000	96
145380000	97
145385000	98
145390000	99
145395000	100
145400000	101
145405000	102
145410000	103
145415000	104
145420000	105
145425000	106
145430000	107
145435000	108
145440000	109
145445000	110
145450000	111
145455000	112
145460000	113
145465000	114
145470000	115
145475000	116
145480000	117
145485000	118
145490000	119
145495000	120
145500000	121
145505000	122
145510000	123
145515000	124
145520000	125
145525000	126
145530000	127
145535000	128
