122810000	0
122815000	1
122820000	2
122825000	3
122830000	4
122835000	5
122840000	6
122845000	7
122850000	8
122855000	9
122860000	10
122865000	11
122870000	12
122875000	13
122880000	14
122885000	15
122890000	16
122895000	17
122900000	18
122905000	19
122910000	20
122915000	21
122920000	22
122925000	23
122930000	24
122935000	25
122940000	26
122945000	27
122950000	28
122955000	29
122960000	30
122965000	31
122970000	32
122975000	33
122980000	34
122985000	35
122990000	36
122995000	37
123000000	38
123005000	39
123010000	40
123015000	41
123020000	42
123025000	43
123030000	44
123035000	45
123040000	46
123045000	47
123050000	48
123055000	49
123060000	50
123065000	51
123070000	52
123075000	53
123080000	54
123085000	55
123090000	56
123095000	57
123100000	58
123105000	59
123110000	60
123115000	61
123120000	62
123125000	63
123130000	64
123135000	65
123140000	66
123145000	67
123150000	68
123155000	69
123160000	70
123165000	71
123170000	72
