52560000	0
52565000	1
52570000	2
52575000	3
52580000	4
52585000	5
52590000	6
52595000	7
52600000	8
52605000	9
52610000	10
52615000	11
52620000	12
52625000	13
52630000	14
52635000	15
52640000	16
52645000	17
52650000	18
52655000	19
52660000	20
52665000	21
52670000	22
52675000	23
52680000	24
52685000	25
52690000	26
52695000	27
52700000	28
52705000	29
52710000	30
52715000	31
52720000	32
52725000	33
52730000	34
52735000	35
52740000	36
52745000	37
52750000	38
52755000	39
52760000	40
52765000	41
52770000	42
52775000	43
52780000	44
52785000	45
52790000	46
52795000	47
52800000	48
52805000	49
52810000	50
52815000	51
52820000	52
52825000	53
52830000	54
52835000	55
52840000	56
52845000	57
52850000	58
52855000	59
52860000	60
52865000	61
52870000	62
52875000	63
52880000	64
52885000	65
52890000	66
52895000	67
52900000	68
52905000	69
52910000	70
52915000	71
52920000	72
52925000	73
52930000	74
52935000	75
52940000	76
52945000	77
52950000	78
52955000	79
52960000	80
52965000	81
52970000	82
52975000	83
52980000	84
52985000	85
52990000	86
52995000	87
53000000	88
53005000	89
53010000	90
53015000	91
53020000	92
53025000	93
53030000	94
53035000	95
53040000	96
53045000	97
53050000	98
53055000	99
53060000	100
53065000	101
53070000	102
53075000	103
53080000	104
53085000	105
53090000	106
53095000	107
53100000	108
53105000	109
53110000	110
53115000	111
53120000	112
53125000	113
53130000	114
53135000	115
53140000	116
53145000	117
53150000	118
53155000	119
53160000	120
53165000	121
53170000	122
53175000	123
53180000	124
53185000	125
53190000	126
53195000	127
53200000	128
53205000	129
53210000	130
53215000	131
53220000	132
53225000	133
53230000	134
53235000	135
53240000	136
53245000	137
53250000	138
53255000	139
53260000	140
53265000	141
53270000	142
53275000	143
53280000	144
53285000	145
53290000	146
53295000	147
53300000	148
53305000	149
53310000	150
53315000	151
53320000	152
53325000	153
53330000	154
53335000	155
53340000	156
53345000	157
