170615000	0
170620000	1
170625000	2
170630000	3
170635000	4
170640000	5
170645000	6
170650000	7
170655000	8
170660000	9
170665000	10
170670000	11
170675000	12
170680000	13
170685000	14
170690000	15
170695000	16
170700000	17
170705000	18
170710000	19
170715000	20
170720000	21
170725000	22
170730000	23
170735000	24
170740000	25
170745000	26
170750000	27
170755000	28
170760000	29
170765000	30
170770000	31
170775000	32
170780000	33
170785000	34
170790000	35
170795000	36
170800000	37
170805000	38
170810000	39
170815000	40
170820000	41
170825000	42
170830000	43
170835000	44
170840000	45
170845000	46
170850000	47
170855000	48
170860000	49
170865000	50
170870000	51
170875000	52
170880000	53
170885000	54
170890000	55
170895000	56
170900000	57
170905000	58
170910000	59
170915000	60
170920000	61
