138900000	0
138905000	1
138910000	2
138915000	3
138920000	4
138925000	5
138930000	6
138935000	7
138940000	8
138945000	9
138950000	10
138955000	11
138960000	12
138965000	13
138970000	14
138975000	15
138980000	16
138985000	17
138990000	18
138995000	19
139000000	20
139005000	21
139010000	22
139015000	23
139020000	24
139025000	25
139030000	26
139035000	27
139040000	28
139045000	29
139050000	30
139055000	31
139060000	32
139065000	33
139070000	34
139075000	35
139080000	36
139085000	37
139090000	38
139095000	39
139100000	40
139105000	41
139110000	42
139115000	43
139120000	44
139125000	45
139130000	46
139135000	47
139140000	48
139145000	49
139150000	50
139155000	51
139160000	52
139165000	53
139170000	54
139175000	55
139180000	56
139185000	57
139190000	58
139195000	59
139200000	60
139205000	61
139210000	62
139215000	63
139220000	64
139225000	65
139230000	66
139235000	67
139240000	68
139245000	69
139250000	70
139255000	71
139260000	72
139265000	73
139270000	74
139275000	75
139280000	76
139285000	77
139290000	78
139295000	79
139300000	80
139305000	81
139310000	82
139315000	83
139320000	84
139325000	85
139330000	86
139335000	87
139340000	88
139345000	89
139350000	90
139355000	91
139360000	92
139365000	93
139370000	94
139375000	95
139380000	96
139385000	97
139390000	98
139395000	99
139400000	100
139405000	101
139410000	102
139415000	103
139420000	104
139425000	105
139430000	106
139435000	107
139440000	108
139445000	109
139450000	110
139455000	111
139460000	112
139465000	113
139470000	114
139475000	115
139480000	116
139485000	117
139490000	118
139495000	119
139500000	120
139505000	121
139510000	122
139515000	123
139520000	124
139525000	125
139530000	126
139535000	127
139540000	128
139545000	129
139550000	130
139555000	131
139560000	132
139565000	133
139570000	134
139575000	135
139580000	136
139585000	137
139590000	138
139595000	139
139600000	140
139605000	141
139610000	142
139615000	143
139620000	144
139625000	145
139630000	146
139635000	147
139640000	148
139645000	149
139650000	150
139655000	151
139660000	152
139665000	153
139670000	154
139675000	155
139680000	156
139685000	157
139690000	158
139695000	159
139700000	160
139705000	161
139710000	162
139715000	163
139720000	164
139725000	165
139730000	166
139735000	167
139740000	168
139745000	169
139750000	170
139755000	171
139760000	172
139765000	173
139770000	174
139775000	175
139780000	176
139785000	177
139790000	178
139795000	179
139800000	180
139805000	181
139810000	182
139815000	183
139820000	184
139825000	185
139830000	186
139835000	187
139840000	188
139845000	189
139850000	190
139855000	191
139860000	192
139865000	193
139870000	194
139875000	195
139880000	196
139885000	197
139890000	198
139895000	199
139900000	200
139905000	201
139910000	202
139915000	203
139920000	204
139925000	205
139930000	206
139935000	207
139940000	208
139945000	209
139950000	210
139955000	211
139960000	212
139965000	213
139970000	214
139975000	215
139980000	216
139985000	217
139990000	218
139995000	219
140000000	220
140005000	221
140010000	222
140015000	223
140020000	224
140025000	225
140030000	226
140035000	227
140040000	228
140045000	229
140050000	230
140055000	231
140060000	232
140065000	233
140070000	234
140075000	235
140080000	236
140085000	237
140090000	238
140095000	239
140100000	240
140105000	241
140110000	242
140115000	243
140120000	244
140125000	245
140130000	246
140135000	247
140140000	248
140145000	249
140150000	250
140155000	251
140160000	252
140165000	253
140170000	254
140175000	255
140180000	256
140185000	257
140190000	258
140195000	259
140200000	260
140205000	261
140210000	262
140215000	263
140220000	264
140225000	265
140230000	266
140235000	267
140240000	268
140245000	269
140250000	270
140255000	271
140260000	272
140265000	273
140270000	274
140275000	275
140280000	276
140285000	277
140290000	278
140295000	279
140300000	280
140305000	281
140310000	282
140315000	283
140320000	284
140325000	285
140330000	286
140335000	287
140340000	288
140345000	289
140350000	290
140355000	291
140360000	292
140365000	293
140370000	294
140375000	295
140380000	296
140385000	297
140390000	298
140395000	299
140400000	300
140405000	301
140410000	302
140415000	303
140420000	304
140425000	305
140430000	306
140435000	307
140440000	308
140445000	309
140450000	310
140455000	311
140460000	312
140465000	313
140470000	314
140475000	315
140480000	316
140485000	317
140490000	318
140495000	319
140500000	320
140505000	321
140510000	322
140515000	323
140520000	324
140525000	325
140530000	326
140535000	327
140540000	328
140545000	329
140550000	330
140555000	331
140560000	332
140565000	333
140570000	334
140575000	335
140580000	336
140585000	337
140590000	338
140595000	339
140600000	340
140605000	341
140610000	342
140615000	343
140620000	344
140625000	345
140630000	346
140635000	347
140640000	348
140645000	349
140650000	350
140655000	351
140660000	352
140665000	353
140670000	354
140675000	355
140680000	356
140685000	357
140690000	358
140695000	359
140700000	360
140705000	361
140710000	362
140715000	363
140720000	364
140725000	365
140730000	366
140735000	367
140740000	368
140745000	369
140750000	370
140755000	371
140760000	372
140765000	373
140770000	374
140775000	375
140780000	376
140785000	377
140790000	378
140795000	379
140800000	380
140805000	381
140810000	382
140815000	383
140820000	384
140825000	385
140830000	386
140835000	387
140840000	388
140845000	389
140850000	390
140855000	391
140860000	392
140865000	393
140870000	394
140875000	395
140880000	396
140885000	397
140890000	398
140895000	399
140900000	400
140905000	401
140910000	402
140915000	403
140920000	404
140925000	405
140930000	406
140935000	407
140940000	408
140945000	409
140950000	410
140955000	411
140960000	412
140965000	413
140970000	414
140975000	415
140980000	416
140985000	417
140990000	418
140995000	419
141000000	420
141005000	421
141010000	422
141015000	423
141020000	424
141025000	425
141030000	426
141035000	427
141040000	428
141045000	429
141050000	430
141055000	431
141060000	432
141065000	433
141070000	434
141075000	435
141080000	436
141085000	437
141090000	438
141095000	439
141100000	440
141105000	441
141110000	442
141115000	443
141120000	444
141125000	445
141130000	446
141135000	447
141140000	448
141145000	449
141150000	450
141155000	451
141160000	452
141165000	453
141170000	454
141175000	455
141180000	456
141185000	457
141190000	458
141195000	459
141200000	460
141205000	461
141210000	462
141215000	463
141220000	464
141225000	465
141230000	466
