72845000	0
72850000	1
72855000	2
72860000	3
72865000	4
72870000	5
72875000	6
72880000	7
72885000	8
72890000	9
72895000	10
72900000	11
72905000	12
72910000	13
72915000	14
72920000	15
72925000	16
72930000	17
72935000	18
72940000	19
72945000	20
72950000	21
72955000	22
72960000	23
72965000	24
72970000	25
72975000	26
72980000	27
72985000	28
72990000	29
72995000	30
73000000	31
73005000	32
73010000	33
73015000	34
73020000	35
73025000	36
73030000	37
73035000	38
73040000	39
73045000	40
73050000	41
73055000	42
73060000	43
73065000	44
73070000	45
73075000	46
73080000	47
73085000	48
73090000	49
73095000	50
73100000	51
73105000	52
73110000	53
73115000	54
73120000	55
73125000	56
73130000	57
73135000	58
73140000	59
73145000	60
73150000	61
73155000	62
73160000	63
73165000	64
73170000	65
73175000	66
73180000	67
73185000	68
73190000	69
73195000	70
73200000	71
73205000	72
73210000	73
73215000	74
73220000	75
73225000	76
73230000	77
73235000	78
73240000	79
73245000	80
73250000	81
73255000	82
73260000	83
73265000	84
73270000	85
73275000	86
73280000	87
73285000	88
73290000	89
73295000	90
73300000	91
73305000	92
73310000	93
73315000	94
73320000	95
73325000	96
73330000	97
73335000	98
73340000	99
73345000	100
73350000	101
73355000	102
73360000	103
73365000	104
73370000	105
73375000	106
73380000	107
73385000	108
73390000	109
73395000	110
73400000	111
73405000	112
73410000	113
73415000	114
73420000	115
73425000	116
73430000	117
73435000	118
73440000	119
73445000	120
73450000	121
73455000	122
73460000	123
73465000	124
73470000	125
73475000	126
73480000	127
73485000	128
73490000	129
73495000	130
73500000	131
73505000	132
73510000	133
73515000	134
73520000	135
73525000	136
73530000	137
73535000	138
73540000	139
73545000	140
73550000	141
73555000	142
73560000	143
73565000	144
73570000	145
73575000	146
73580000	147
73585000	148
73590000	149
73595000	150
73600000	151
73605000	152
73610000	153
73615000	154
73620000	155
73625000	156
73630000	157
73635000	158
73640000	159
73645000	160
73650000	161
73655000	162
73660000	163
73665000	164
73670000	165
73675000	166
73680000	167
73685000	168
73690000	169
73695000	170
73700000	171
73705000	172
73710000	173
73715000	174
73720000	175
73725000	176
73730000	177
73735000	178
73740000	179
73745000	180
73750000	181
73755000	182
73760000	183
73765000	184
73770000	185
73775000	186
73780000	187
73785000	188
73790000	189
73795000	190
73800000	191
73805000	192
73810000	193
73815000	194
73820000	195
73825000	196
73830000	197
73835000	198
73840000	199
73845000	200
73850000	201
73855000	202
73860000	203
73865000	204
73870000	205
