174425000	0
174430000	1
174435000	2
174440000	3
174445000	4
174450000	5
174455000	6
174460000	7
174465000	8
174470000	9
174475000	10
174480000	11
174485000	12
174490000	13
174495000	14
174500000	15
174505000	16
174510000	17
174515000	18
174520000	19
174525000	20
174530000	21
174535000	22
174540000	23
174545000	24
174550000	25
174555000	26
174560000	27
174565000	28
174570000	29
174575000	30
174580000	31
174585000	32
174590000	33
174595000	34
174600000	35
174605000	36
174610000	37
174615000	38
174620000	39
174625000	40
174630000	41
174635000	42
174640000	43
174645000	44
174650000	45
174655000	46
174660000	47
174665000	48
174670000	49
174675000	50
174680000	51
174685000	52
174690000	53
174695000	54
174700000	55
174705000	56
174710000	57
174715000	58
174720000	59
174725000	60
174730000	61
174735000	62
174740000	63
174745000	64
174750000	65
174755000	66
174760000	67
174765000	68
174770000	69
174775000	70
174780000	71
174785000	72
174790000	73
174795000	74
174800000	75
174805000	76
174810000	77
174815000	78
174820000	79
174825000	80
174830000	81
174835000	82
174840000	83
174845000	84
174850000	85
174855000	86
174860000	87
174865000	88
174870000	89
174875000	90
174880000	91
174885000	92
174890000	93
174895000	94
174900000	95
174905000	96
174910000	97
174915000	98
174920000	99
174925000	100
174930000	101
174935000	102
174940000	103
174945000	104
174950000	105
174955000	106
174960000	107
174965000	108
174970000	109
174975000	110
174980000	111
174985000	112
174990000	113
174995000	114
175000000	115
175005000	116
175010000	117
175015000	118
175020000	119
175025000	120
175030000	121
