22015000	0
22020000	1
22025000	2
22030000	3
22035000	4
22040000	5
22045000	6
22050000	7
22055000	8
22060000	9
22065000	10
22070000	11
22075000	12
22080000	13
22085000	14
22090000	15
22095000	16
22100000	17
22105000	18
22110000	19
22115000	20
22120000	21
22125000	22
22130000	23
22135000	24
22140000	25
22145000	26
22150000	27
22155000	28
22160000	29
22165000	30
22170000	31
22175000	32
22180000	33
22185000	34
22190000	35
22195000	36
22200000	37
22205000	38
22210000	39
22215000	40
22220000	41
22225000	42
22230000	43
22235000	44
22240000	45
22245000	46
22250000	47
22255000	48
22260000	49
22265000	50
22270000	51
22275000	52
22280000	53
22285000	54
22290000	55
22295000	56
22300000	57
22305000	58
22310000	59
22315000	60
22320000	61
22325000	62
22330000	63
22335000	64
22340000	65
22345000	66
22350000	67
22355000	68
22360000	69
22365000	70
22370000	71
22375000	72
22380000	73
22385000	74
22390000	75
22395000	76
22400000	77
22405000	78
22410000	79
22415000	80
22420000	81
22425000	82
22430000	83
22435000	84
22440000	85
22445000	86
22450000	87
22455000	88
22460000	89
22465000	90
22470000	91
22475000	92
22480000	93
22485000	94
22490000	95
22495000	96
22505000	97
22510000	98
22515000	99
22520000	100
22525000	101
22530000	102
22535000	103
22540000	104
22545000	105
22550000	106
22555000	107
22560000	108
22565000	109
22570000	110
22575000	111
22580000	112
22585000	113
22590000	114
22595000	115
22600000	116
22605000	117
22610000	118
22615000	119
22620000	120
22625000	121
22630000	122
22635000	123
22640000	124
22645000	125
22650000	126
22655000	127
22660000	128
22665000	129
22670000	130
22675000	131
22680000	132
22685000	133
22690000	134
22695000	135
22700000	136
22705000	137
22710000	138
22715000	139
22720000	140
22725000	141
22730000	142
22735000	143
22740000	144
22745000	145
22750000	146
22755000	147
22760000	148
22765000	149
22770000	150
22775000	151
22780000	152
22785000	153
22790000	154
22795000	155
22800000	156
22805000	157
22810000	158
22815000	159
22820000	160
22825000	161
22830000	162
22835000	163
22840000	164
22845000	165
22850000	166
22855000	167
22860000	168
22865000	169
22870000	170
22875000	171
22880000	172
22885000	173
22890000	174
22895000	175
22900000	176
22905000	177
22910000	178
22915000	179
22920000	180
22925000	181
22930000	182
22935000	183
22940000	184
22945000	185
22950000	186
22955000	187
22960000	188
22965000	189
22970000	190
22975000	191
22980000	192
22985000	193
22990000	194
22995000	195
23000000	196
23005000	197
23010000	198
23015000	199
23020000	200
23025000	201
23030000	202
23035000	203
23040000	204
23045000	205
23050000	206
23055000	207
23060000	208
23065000	209
23070000	210
23075000	211
23080000	212
23085000	213
23090000	214
23095000	215
23100000	216
23105000	217
23110000	218
23115000	219
23120000	220
23125000	221
23130000	222
23135000	223
23140000	224
23145000	225
23150000	226
23155000	227
23160000	228
23165000	229
23170000	230
23175000	231
23180000	232
23185000	233
23190000	234
23195000	235
23200000	236
23205000	237
23210000	238
23215000	239
23220000	240
23225000	241
23230000	242
23235000	243
23240000	244
23245000	245
23250000	246
23255000	247
23260000	248
23265000	249
23270000	250
23275000	251
23280000	252
23285000	253
23290000	254
23295000	255
23300000	256
23305000	257
23310000	258
23315000	259
23320000	260
23325000	261
23330000	262
23335000	263
23340000	264
23345000	265
23350000	266
23355000	267
23360000	268
23365000	269
23370000	270
23375000	271
23380000	272
23385000	273
23390000	274
23395000	275
23400000	276
23405000	277
23410000	278
23415000	279
23420000	280
23425000	281
23430000	282
23435000	283
23440000	284
23445000	285
23450000	286
23455000	287
23460000	288
23465000	289
23470000	290
23475000	291
23480000	292
23485000	293
23490000	294
23495000	295
23500000	296
23505000	297
23510000	298
23515000	299
23520000	300
23525000	301
23530000	302
23535000	303
23540000	304
23545000	305
23550000	306
23555000	307
23560000	308
23565000	309
23570000	310
23575000	311
23580000	312
23585000	313
23590000	314
23595000	315
23600000	316
23605000	317
23610000	318
23615000	319
23620000	320
23625000	321
23630000	322
23635000	323
23640000	324
23645000	325
23650000	326
23655000	327
23660000	328
23665000	329
23670000	330
23675000	331
23680000	332
23685000	333
23690000	334
23695000	335
23700000	336
23705000	337
23710000	338
23715000	339
23720000	340
23725000	341
23730000	342
23735000	343
23740000	344
23745000	345
23750000	346
23755000	347
23760000	348
23765000	349
23770000	350
23775000	351
23780000	352
23785000	353
23790000	354
23795000	355
23800000	356
23805000	357
23810000	358
23815000	359
23820000	360
23825000	361
23830000	362
23835000	363
23840000	364
23845000	365
23850000	366
23855000	367
23860000	368
23865000	369
23870000	370
23875000	371
23880000	372
23885000	373
23890000	374
23895000	375
23900000	376
23905000	377
23910000	378
23915000	379
23920000	380
23925000	381
23930000	382
23935000	383
23940000	384
23945000	385
23950000	386
23955000	387
23960000	388
23965000	389
23970000	390
23975000	391
23980000	392
23985000	393
23990000	394
23995000	395
24000000	396
24005000	397
24010000	398
24015000	399
24020000	400
24025000	401
24030000	402
24035000	403
24040000	404
24045000	405
24050000	406
24055000	407
24060000	408
24065000	409
24070000	410
24075000	411
24080000	412
24085000	413
24090000	414
24095000	415
24100000	416
24105000	417
24110000	418
24115000	419
24120000	420
24125000	421
24130000	422
24135000	423
24140000	424
24145000	425
24150000	426
24155000	427
24160000	428
24165000	429
24170000	430
24175000	431
24180000	432
24185000	433
24190000	434
24195000	435
24200000	436
24205000	437
24210000	438
24215000	439
24220000	440
24225000	441
24230000	442
24235000	443
24240000	444
24245000	445
24250000	446
24255000	447
24260000	448
24265000	449
24270000	450
24275000	451
24280000	452
24285000	453
24290000	454
24295000	455
24300000	456
24305000	457
24310000	458
24315000	459
24320000	460
24325000	461
24330000	462
24335000	463
24340000	464
24345000	465
24350000	466
24355000	467
24360000	468
24365000	469
24370000	470
24375000	471
24380000	472
24385000	473
24390000	474
24395000	475
24400000	476
24405000	477
24410000	478
24415000	479
24420000	480
24425000	481
24430000	482
24435000	483
24440000	484
24445000	485
24450000	486
24455000	487
24460000	488
24465000	489
24470000	490
24475000	491
24480000	492
24485000	493
24490000	494
24495000	495
24500000	496
24505000	497
24510000	498
24515000	499
24520000	500
24525000	501
24530000	502
24535000	503
24540000	504
24545000	505
24550000	506
24555000	507
24560000	508
24565000	509
24570000	510
24580000	511
24585000	512
24590000	513
24595000	514
24600000	515
24605000	516
24610000	517
24615000	518
24620000	519
24625000	520
24630000	521
24635000	522
24640000	523
24645000	524
24650000	525
24655000	526
24660000	527
24665000	528
24670000	529
24675000	530
24680000	531
24685000	532
24690000	533
24695000	534
24700000	535
24705000	536
24710000	537
24715000	538
24720000	539
24725000	540
24730000	541
24735000	542
24740000	543
24745000	544
24750000	545
24755000	546
24760000	547
24765000	548
24770000	549
24775000	550
24780000	551
24785000	552
24790000	553
24795000	554
24800000	555
24805000	556
24810000	557
24815000	558
24820000	559
24825000	560
24830000	561
24835000	562
24840000	563
24845000	564
24850000	565
24855000	566
24860000	567
24865000	568
24870000	569
24875000	570
24880000	571
24885000	572
24890000	573
24895000	574
24900000	575
24905000	576
24910000	577
24915000	578
24920000	579
24925000	580
24930000	581
24935000	582
24940000	583
24945000	584
24950000	585
24955000	586
24960000	587
24965000	588
24970000	589
24975000	590
24980000	591
24985000	592
24990000	593
24995000	594
25000000	595
25005000	596
25010000	597
25015000	598
25020000	599
25025000	600
25030000	601
25035000	602
25040000	603
25045000	604
25050000	605
25055000	606
25060000	607
25065000	608
25070000	609
25075000	610
25080000	611
25085000	612
25090000	613
25095000	614
25100000	615
25105000	616
25110000	617
25115000	618
25120000	619
25125000	620
25130000	621
25135000	622
25140000	623
25145000	624
25150000	625
25155000	626
25160000	627
25165000	628
25170000	629
25175000	630
25180000	631
25185000	632
25190000	633
25195000	634
25200000	635
25205000	636
25210000	637
25215000	638
25220000	639
25225000	640
25230000	641
25235000	642
25240000	643
25245000	644
25250000	645
25255000	646
25260000	647
25265000	648
25270000	649
25275000	650
25280000	651
25285000	652
25290000	653
25295000	654
25300000	655
25305000	656
25310000	657
25315000	658
25320000	659
25325000	660
25330000	661
25335000	662
25340000	663
25345000	664
25350000	665
25355000	666
25360000	667
25365000	668
25370000	669
25375000	670
25380000	671
25385000	672
25390000	673
25395000	674
25400000	675
25405000	676
25410000	677
25415000	678
25420000	679
25425000	680
25430000	681
25435000	682
25440000	683
25445000	684
25450000	685
25455000	686
25460000	687
25465000	688
25470000	689
25475000	690
25480000	691
25485000	692
25490000	693
25495000	694
25500000	695
25505000	696
25510000	697
25515000	698
25520000	699
25525000	700
25530000	701
25535000	702
25540000	703
25545000	704
25550000	705
25555000	706
25560000	707
25565000	708
25570000	709
25575000	710
25580000	711
25585000	712
25590000	713
25595000	714
25600000	715
25605000	716
25610000	717
25615000	718
25620000	719
25625000	720
25630000	721
25635000	722
25640000	723
25645000	724
25650000	725
25655000	726
25660000	727
25665000	728
25670000	729
25675000	730
25680000	731
25685000	732
25690000	733
25695000	734
25700000	735
25705000	736
25710000	737
25715000	738
25720000	739
25725000	740
25730000	741
25735000	742
25740000	743
25745000	744
25750000	745
25755000	746
25760000	747
25765000	748
25770000	749
25775000	750
25780000	751
25785000	752
25790000	753
25795000	754
25800000	755
25805000	756
25810000	757
25815000	758
25820000	759
25825000	760
25830000	761
25835000	762
25840000	763
25845000	764
25850000	765
25855000	766
25860000	767
25865000	768
25870000	769
25875000	770
25880000	771
25885000	772
25890000	773
25895000	774
25900000	775
25905000	776
25910000	777
25915000	778
25920000	779
25925000	780
25930000	781
25935000	782
25940000	783
25945000	784
25950000	785
25955000	786
25960000	787
25965000	788
25970000	789
25975000	790
25980000	791
25985000	792
25990000	793
25995000	794
26000000	795
26005000	796
26010000	797
26015000	798
26020000	799
26025000	800
26030000	801
26035000	802
26040000	803
26045000	804
26050000	805
26055000	806
26060000	807
26065000	808
26070000	809
26075000	810
26080000	811
26085000	812
26090000	813
26095000	814
26100000	815
26105000	816
26110000	817
26115000	818
26120000	819
26125000	820
26130000	821
26135000	822
26140000	823
26145000	824
26150000	825
26155000	826
26160000	827
26165000	828
26170000	829
26175000	830
26180000	831
26185000	832
26190000	833
26195000	834
26200000	835
26205000	836
26210000	837
26215000	838
26220000	839
26225000	840
26230000	841
26235000	842
26240000	843
26245000	844
26250000	845
26255000	846
26260000	847
26265000	848
26270000	849
26275000	850
26280000	851
26285000	852
26290000	853
26295000	854
26300000	855
26305000	856
26310000	857
26315000	858
26320000	859
26325000	860
26330000	861
26335000	862
26340000	863
26345000	864
26350000	865
26355000	866
26360000	867
26365000	868
26370000	869
26375000	870
26380000	871
26385000	872
26390000	873
26395000	874
26400000	875
26405000	876
26410000	877
26415000	878
26420000	879
26425000	880
26430000	881
26435000	882
26440000	883
26445000	884
26450000	885
26455000	886
26460000	887
26465000	888
26470000	889
26475000	890
26480000	891
26485000	892
26490000	893
26495000	894
26500000	895
26505000	896
26510000	897
26515000	898
26520000	899
26525000	900
26530000	901
26535000	902
26540000	903
26545000	904
26550000	905
26555000	906
26560000	907
26565000	908
26570000	909
26575000	910
26580000	911
26585000	912
26590000	913
26595000	914
26600000	915
26605000	916
26610000	917
26615000	918
26620000	919
26625000	920
26630000	921
26635000	922
26640000	923
26645000	924
26650000	925
26655000	926
26660000	927
26665000	928
26670000	929
26675000	930
26680000	931
26685000	932
26690000	933
26695000	934
26700000	935
26705000	936
26710000	937
26715000	938
26720000	939
26725000	940
26730000	941
26735000	942
26740000	943
26745000	944
26750000	945
26755000	946
26760000	947
26765000	948
26770000	949
26775000	950
26780000	951
26785000	952
26790000	953
26795000	954
26800000	955
26805000	956
26810000	957
26815000	958
26820000	959
26825000	960
26830000	961
26835000	962
26840000	963
26845000	964
26850000	965
26855000	966
26860000	967
26865000	968
26870000	969
26875000	970
26880000	971
26885000	972
26890000	973
26895000	974
26900000	975
26905000	976
26910000	977
26915000	978
26920000	979
26925000	980
26930000	981
26935000	982
26940000	983
26945000	984
26950000	985
26955000	986
26960000	987
26965000	988
