33635000	0
33640000	1
33645000	2
33650000	3
33655000	4
33660000	5
33665000	6
33670000	7
33675000	8
33680000	9
33685000	10
33690000	11
33695000	12
33700000	13
33705000	14
33710000	15
33715000	16
33720000	17
33725000	18
33730000	19
33735000	20
33740000	21
33745000	22
33750000	23
33755000	24
33760000	25
33765000	26
33770000	27
33775000	28
33780000	29
33785000	30
33790000	31
33795000	32
33800000	33
33805000	34
33810000	35
33815000	36
33820000	37
33825000	38
33830000	39
33835000	40
33840000	41
33845000	42
33850000	43
33855000	44
33860000	45
33865000	46
33870000	47
33875000	48
33880000	49
33885000	50
33890000	51
33895000	52
33900000	53
33905000	54
33910000	55
