122375000	0
122380000	1
122385000	2
122390000	3
122395000	4
122400000	5
122405000	6
122410000	7
122415000	8
122420000	9
122425000	10
122430000	11
122435000	12
122440000	13
122445000	14
122450000	15
122455000	16
122460000	17
122465000	18
122470000	19
122475000	20
122480000	21
122485000	22
122490000	23
122495000	24
122500000	25
122505000	26
122510000	27
122515000	28
122520000	29
122525000	30
122530000	31
122535000	32
122540000	33
122545000	34
122550000	35
122555000	36
122560000	37
122565000	38
122570000	39
122575000	40
122580000	41
122585000	42
122590000	43
122595000	44
122600000	45
122605000	46
122610000	47
122615000	48
122620000	49
122625000	50
122630000	51
122635000	52
122640000	53
122645000	54
122650000	55
122655000	56
122660000	57
122665000	58
122670000	59
122675000	60
122680000	61
122685000	62
122690000	63
122695000	64
