64040000	0
64045000	1
64050000	2
64055000	3
64060000	4
64065000	5
64070000	6
64075000	7
64080000	8
64085000	9
64090000	10
64095000	11
64100000	12
64105000	13
64110000	14
64115000	15
64120000	16
64125000	17
64130000	18
64135000	19
64140000	20
64145000	21
64150000	22
64155000	23
64160000	24
64165000	25
64170000	26
64175000	27
64180000	28
64185000	29
64190000	30
64195000	31
64200000	32
64205000	33
64210000	34
64215000	35
64220000	36
64225000	37
64230000	38
64235000	39
64240000	40
64245000	41
64250000	42
64255000	43
64260000	44
64265000	45
64270000	46
64275000	47
64280000	48
64285000	49
64290000	50
64295000	51
64300000	52
64305000	53
64310000	54
64315000	55
64320000	56
64325000	57
64330000	58
64335000	59
64340000	60
64345000	61
64350000	62
64355000	63
64360000	64
64365000	65
64370000	66
64375000	67
64380000	68
64385000	69
64390000	70
64395000	71
64400000	72
64405000	73
64410000	74
64415000	75
64420000	76
64425000	77
64430000	78
64435000	79
64440000	80
64445000	81
64450000	82
64455000	83
64460000	84
64465000	85
64470000	86
64475000	87
64480000	88
64485000	89
64490000	90
64495000	91
64500000	92
64505000	93
64510000	94
64515000	95
64520000	96
64525000	97
64530000	98
64535000	99
64540000	100
64545000	101
64550000	102
64555000	103
64560000	104
64565000	105
64570000	106
64575000	107
64580000	108
64585000	109
64590000	110
64595000	111
64600000	112
64605000	113
64610000	114
64615000	115
64620000	116
64625000	117
64630000	118
64635000	119
64640000	120
64645000	121
64650000	122
64655000	123
64660000	124
64665000	125
64670000	126
64675000	127
64680000	128
64685000	129
64690000	130
64695000	131
64700000	132
64705000	133
64715000	134
64720000	135
64725000	136
64730000	137
64735000	138
64740000	139
64745000	140
64750000	141
64755000	142
64760000	143
64765000	144
64770000	145
64775000	146
64780000	147
64785000	148
64790000	149
64795000	150
64800000	151
64805000	152
64810000	153
64815000	154
64820000	155
64825000	156
64830000	157
64835000	158
64840000	159
64845000	160
64850000	161
64855000	162
64860000	163
64865000	164
64870000	165
64875000	166
64880000	167
64885000	168
64890000	169
64895000	170
64900000	171
64905000	172
64910000	173
64915000	174
64920000	175
64925000	176
64930000	177
64935000	178
64940000	179
64945000	180
64950000	181
64955000	182
64960000	183
64965000	184
64970000	185
64975000	186
64980000	187
64985000	188
64990000	189
64995000	190
65000000	191
65005000	192
65010000	193
65015000	194
65020000	195
65025000	196
65030000	197
65035000	198
65040000	199
65045000	200
65050000	201
65055000	202
65060000	203
65065000	204
65070000	205
65075000	206
65080000	207
65085000	208
65090000	209
65095000	210
65100000	211
65105000	212
65110000	213
65115000	214
65120000	215
65125000	216
65130000	217
65135000	218
65140000	219
65145000	220
65150000	221
65155000	222
65160000	223
65165000	224
65170000	225
65175000	226
65180000	227
65185000	228
65190000	229
65195000	230
65200000	231
65205000	232
65210000	233
65215000	234
65220000	235
65225000	236
65230000	237
65235000	238
65240000	239
65245000	240
65250000	241
65255000	242
65260000	243
65265000	244
65270000	245
65275000	246
65280000	247
65285000	248
65290000	249
65295000	250
65300000	251
65305000	252
