228175000	0
228180000	1
228185000	2
228190000	3
228195000	4
228200000	5
228205000	6
228210000	7
228215000	8
228220000	9
228225000	10
228230000	11
228235000	12
228240000	13
228245000	14
228250000	15
228255000	16
228260000	17
228265000	18
228270000	19
228275000	20
228280000	21
228285000	22
228290000	23
228295000	24
228300000	25
228305000	26
228310000	27
228315000	28
228320000	29
228325000	30
228330000	31
228335000	32
228340000	33
228345000	34
228350000	35
228355000	36
228360000	37
228365000	38
228370000	39
228375000	40
228380000	41
228385000	42
228390000	43
228395000	44
228400000	45
228405000	46
228410000	47
228415000	48
228420000	49
228425000	50
228430000	51
228435000	52
228440000	53
228445000	54
228450000	55
228455000	56
228460000	57
228465000	58
228470000	59
228475000	60
228480000	61
228485000	62
228490000	63
228495000	64
228500000	65
228505000	66
228510000	67
228515000	68
228520000	69
228525000	70
228530000	71
228535000	72
228540000	73
228545000	74
228550000	75
228555000	76
228560000	77
228565000	78
228570000	79
228575000	80
228580000	81
228585000	82
228590000	83
228595000	84
228600000	85
228605000	86
228610000	87
228615000	88
228620000	89
228625000	90
228630000	91
228635000	92
228640000	93
228645000	94
228650000	95
228655000	96
228660000	97
228665000	98
228670000	99
228675000	100
228680000	101
228685000	102
228690000	103
228695000	104
228700000	105
228705000	106
228710000	107
228715000	108
228720000	109
228725000	110
228730000	111
228735000	112
228740000	113
