204916000	0
204917000	1
204918000	2
204919000	3
204920000	4
204921000	5
204922000	6
204923000	7
204924000	8
204925000	9
204926000	10
204927000	11
204928000	12
204929000	13
204930000	14
204931000	15
204932000	16
204933000	17
204934000	18
204935000	19
204936000	20
204937000	21
204938000	22
204939000	23
204940000	24
204941000	25
204942000	26
204943000	27
204944000	28
204945000	29
204946000	30
204947000	31
204948000	32
204949000	33
204950000	34
204951000	35
204952000	36
204953000	37
204954000	38
204955000	39
204956000	40
204957000	41
204958000	42
204959000	43
204960000	44
204961000	45
204962000	46
204963000	47
204964000	48
204965000	49
204966000	50
204967000	51
204968000	52
204969000	53
204970000	54
204971000	55
204972000	56
204973000	57
204974000	58
204975000	59
204976000	60
204977000	61
204978000	62
204979000	63
204980000	64
204981000	65
204982000	66
204983000	67
204984000	68
204985000	69
204986000	70
204987000	71
204988000	72
204989000	73
204990000	74
204991000	75
204992000	76
204993000	77
204994000	78
204995000	79
204996000	80
204997000	81
204998000	82
204999000	83
205000000	84
205001000	85
205002000	86
205003000	87
205004000	88
205005000	89
205006000	90
205007000	91
205008000	92
205009000	93
205010000	94
205011000	95
205012000	96
205013000	97
205014000	98
205015000	99
205016000	100
205017000	101
205018000	102
205019000	103
205020000	104
205021000	105
205022000	106
205023000	107
205024000	108
205025000	109
205026000	110
205027000	111
205028000	112
205029000	113
205030000	114
205031000	115
205032000	116
205033000	117
205034000	118
205035000	119
205036000	120
205037000	121
205038000	122
205039000	123
205040000	124
205041000	125
205042000	126
205043000	127
205044000	128
205045000	129
205046000	130
205047000	131
205048000	132
205049000	133
205050000	134
205051000	135
205052000	136
205053000	137
205054000	138
205055000	139
205056000	140
205057000	141
205058000	142
205059000	143
205060000	144
205061000	145
205062000	146
205063000	147
205064000	148
205065000	149
205066000	150
205067000	151
205068000	152
205069000	153
205070000	154
205071000	155
205072000	156
205073000	157
205074000	158
205075000	159
205076000	160
205077000	161
205078000	162
205079000	163
205080000	164
205081000	165
205082000	166
205083000	167
205084000	168
205085000	169
205086000	170
205087000	171
205088000	172
205089000	173
205090000	174
205091000	175
205092000	176
205093000	177
205094000	178
205095000	179
205096000	180
205097000	181
205098000	182
205099000	183
205100000	184
205101000	185
205102000	186
205103000	187
205104000	188
205105000	189
205106000	190
205107000	191
205108000	192
205109000	193
205110000	194
205111000	195
205112000	196
205113000	197
205114000	198
205115000	199
205116000	200
205117000	201
205118000	202
205119000	203
205120000	204
205121000	205
205122000	206
205123000	207
205124000	208
205125000	209
205126000	210
205127000	211
205128000	212
205129000	213
205130000	214
205131000	215
205132000	216
205133000	217
205134000	218
205135000	219
205136000	220
205137000	221
205138000	222
205139000	223
205140000	224
205141000	225
205142000	226
205143000	227
205144000	228
205145000	229
205146000	230
205147000	231
205148000	232
205149000	233
205150000	234
205151000	235
205152000	236
205153000	237
205154000	238
205155000	239
205156000	240
205157000	241
205158000	242
205159000	243
205160000	244
205161000	245
205162000	246
205163000	247
205164000	248
205165000	249
205166000	250
205167000	251
205168000	252
205169000	253
205170000	254
205171000	255
205172000	256
205173000	257
205174000	258
205175000	259
205176000	260
205177000	261
205178000	262
205179000	263
205180000	264
205181000	265
205182000	266
205183000	267
205184000	268
205185000	269
205186000	270
205187000	271
205188000	272
205189000	273
205190000	274
205191000	275
205192000	276
205193000	277
205194000	278
205195000	279
205196000	280
205197000	281
205198000	282
205199000	283
205200000	284
205201000	285
205202000	286
205203000	287
205204000	288
205205000	289
205206000	290
205207000	291
205208000	292
205209000	293
205210000	294
205211000	295
205212000	296
205213000	297
205214000	298
205215000	299
205216000	300
205217000	301
205218000	302
205219000	303
205220000	304
205221000	305
205222000	306
205223000	307
205224000	308
205225000	309
205226000	310
205227000	311
205228000	312
205229000	313
205230000	314
205231000	315
205232000	316
205233000	317
205234000	318
205235000	319
205236000	320
205237000	321
205238000	322
205239000	323
205240000	324
205241000	325
205242000	326
205243000	327
205244000	328
205245000	329
205246000	330
205247000	331
205248000	332
205249000	333
205250000	334
205251000	335
205252000	336
205253000	337
205254000	338
205255000	339
205256000	340
205257000	341
205258000	342
205259000	343
205260000	344
205261000	345
205262000	346
205263000	347
205264000	348
205265000	349
205266000	350
205267000	351
205268000	352
205269000	353
205270000	354
205271000	355
205272000	356
205273000	357
205274000	358
205275000	359
205276000	360
205277000	361
205278000	362
205279000	363
205280000	364
205281000	365
205282000	366
205283000	367
205284000	368
205285000	369
205286000	370
205287000	371
205288000	372
205289000	373
205290000	374
205291000	375
205292000	376
205293000	377
205294000	378
205295000	379
205296000	380
205297000	381
205298000	382
205299000	383
205300000	384
205301000	385
205302000	386
205303000	387
205304000	388
205305000	389
205306000	390
205307000	391
205308000	392
205309000	393
205310000	394
205311000	395
205312000	396
205313000	397
205314000	398
205315000	399
205316000	400
205317000	401
205318000	402
205319000	403
205320000	404
205321000	405
205322000	406
205323000	407
205324000	408
205325000	409
205326000	410
205327000	411
205328000	412
205329000	413
205330000	414
205331000	415
205332000	416
205333000	417
205334000	418
205335000	419
205336000	420
205337000	421
205338000	422
205339000	423
205340000	424
205341000	425
205342000	426
205343000	427
205344000	428
205345000	429
205346000	430
205347000	431
205348000	432
205349000	433
205350000	434
205351000	435
205352000	436
205353000	437
205354000	438
205355000	439
205356000	440
205357000	441
205358000	442
205359000	443
205360000	444
205361000	445
205362000	446
205363000	447
205364000	448
205365000	449
205366000	450
205367000	451
205368000	452
205369000	453
205370000	454
205371000	455
205372000	456
205373000	457
205374000	458
205375000	459
205376000	460
205377000	461
205378000	462
205379000	463
205380000	464
205381000	465
205382000	466
205383000	467
205384000	468
205385000	469
205386000	470
205387000	471
205388000	472
205389000	473
205390000	474
205391000	475
205392000	476
205393000	477
205394000	478
205395000	479
205396000	480
205397000	481
205398000	482
205399000	483
205400000	484
205401000	485
205402000	486
205403000	487
205404000	488
205405000	489
205406000	490
205407000	491
205408000	492
205409000	493
205410000	494
205411000	495
205412000	496
205413000	497
205414000	498
205415000	499
205416000	500
205417000	501
205418000	502
205419000	503
205420000	504
205421000	505
205422000	506
205423000	507
205424000	508
205425000	509
205426000	510
205427000	511
205428000	512
205429000	513
205430000	514
205431000	515
205432000	516
205433000	517
205434000	518
205435000	519
205436000	520
205437000	521
205438000	522
205439000	523
205440000	524
205441000	525
205442000	526
205443000	527
205444000	528
205445000	529
205446000	530
205447000	531
205448000	532
205449000	533
205450000	534
205451000	535
205452000	536
205453000	537
205454000	538
205455000	539
205456000	540
205457000	541
205458000	542
205459000	543
205460000	544
205461000	545
205462000	546
205463000	547
205464000	548
205465000	549
205466000	550
205467000	551
205468000	552
205469000	553
205470000	554
205471000	555
205472000	556
205473000	557
205474000	558
205475000	559
205476000	560
205477000	561
205478000	562
205479000	563
205480000	564
205481000	565
205482000	566
205483000	567
205484000	568
205485000	569
205486000	570
205487000	571
205488000	572
205489000	573
205490000	574
205491000	575
205492000	576
205493000	577
205494000	578
205495000	579
205496000	580
205497000	581
205498000	582
205499000	583
205500000	584
