30035000	0
30040000	1
30045000	2
30050000	3
30055000	4
30060000	5
30065000	6
30070000	7
30075000	8
30080000	9
30085000	10
30090000	11
30095000	12
30100000	13
30105000	14
30110000	15
30115000	16
30120000	17
30125000	18
30130000	19
30135000	20
30140000	21
30145000	22
30150000	23
30155000	24
30160000	25
30165000	26
30170000	27
30175000	28
30180000	29
30185000	30
30190000	31
30195000	32
30200000	33
30205000	34
30210000	35
30215000	36
30220000	37
30225000	38
30230000	39
30235000	40
30240000	41
30245000	42
30250000	43
30255000	44
30260000	45
30265000	46
30270000	47
30275000	48
30280000	49
30285000	50
30290000	51
30295000	52
30300000	53
30305000	54
30310000	55
30315000	56
30320000	57
30325000	58
30330000	59
30335000	60
30340000	61
30345000	62
30350000	63
30355000	64
30360000	65
30365000	66
30370000	67
30375000	68
30380000	69
30385000	70
30390000	71
30395000	72
30400000	73
30405000	74
30410000	75
30415000	76
30420000	77
30425000	78
30430000	79
30435000	80
30440000	81
30445000	82
30450000	83
30455000	84
30460000	85
30465000	86
30470000	87
30475000	88
30480000	89
30485000	90
30490000	91
30495000	92
30500000	93
30505000	94
30510000	95
