220255000	0
220260000	1
220265000	2
220270000	3
220275000	4
220280000	5
220285000	6
220290000	7
220295000	8
220300000	9
220305000	10
220310000	11
220315000	12
220320000	13
220325000	14
220330000	15
220335000	16
220340000	17
220345000	18
220350000	19
220355000	20
220360000	21
220365000	22
220370000	23
220375000	24
220380000	25
220385000	26
220390000	27
220395000	28
220400000	29
220405000	30
220410000	31
220415000	32
220420000	33
220425000	34
220430000	35
220435000	36
220440000	37
220445000	38
220450000	39
220455000	40
220460000	41
220465000	42
220470000	43
220475000	44
220480000	45
220485000	46
220490000	47
220495000	48
220500000	49
220505000	50
220510000	51
220515000	52
220520000	53
220525000	54
220530000	55
220535000	56
220540000	57
220545000	58
220550000	59
220555000	60
220560000	61
