80420000	0
80425000	1
80430000	2
80435000	3
80440000	4
80445000	5
80450000	6
80455000	7
80460000	8
80465000	9
80470000	10
80475000	11
80480000	12
80485000	13
80490000	14
80495000	15
80500000	16
80505000	17
80510000	18
80515000	19
80520000	20
80525000	21
80530000	22
80535000	23
80540000	24
80545000	25
80550000	26
80555000	27
80560000	28
80565000	29
80570000	30
80575000	31
80580000	32
80585000	33
80590000	34
80595000	35
80600000	36
80605000	37
80610000	38
80615000	39
80620000	40
80625000	41
80630000	42
80635000	43
80640000	44
80645000	45
80650000	46
80655000	47
80660000	48
80665000	49
80670000	50
80675000	51
80680000	52
80685000	53
80690000	54
80695000	55
