2955000	0
2956000	1
2957000	2
2958000	3
2959000	4
2960000	5
2961000	6
2962000	7
2963000	8
2964000	9
2965000	10
2966000	11
2967000	12
2968000	13
2969000	14
2970000	15
2971000	16
2972000	17
2973000	18
2974000	19
2975000	20
2976000	21
2977000	22
2978000	23
2979000	24
2980000	25
2981000	26
2982000	27
2983000	28
2984000	29
2985000	30
2986000	31
2987000	32
2988000	33
2989000	34
2990000	35
2991000	36
2992000	37
2993000	38
2994000	39
2995000	40
2996000	41
2997000	42
2998000	43
2999000	44
3000000	45
3001000	46
3002000	47
3003000	48
3004000	49
3005000	50
3006000	51
3007000	52
3008000	53
3009000	54
3010000	55
3011000	56
3012000	57
3013000	58
3014000	59
3015000	60
3016000	61
3017000	62
3018000	63
3019000	64
3020000	65
3021000	66
3022000	67
3023000	68
3024000	69
3025000	70
3026000	71
3027000	72
3028000	73
3029000	74
3030000	75
3031000	76
3032000	77
3033000	78
3034000	79
3035000	80
3036000	81
3037000	82
3038000	83
3039000	84
3040000	85
3041000	86
3042000	87
3043000	88
3044000	89
3045000	90
3046000	91
3047000	92
3048000	93
3049000	94
3050000	95
3051000	96
3052000	97
3053000	98
3054000	99
3055000	100
3056000	101
3057000	102
3058000	103
3059000	104
3060000	105
3061000	106
3062000	107
3063000	108
3064000	109
3065000	110
3066000	111
3067000	112
3068000	113
3069000	114
3070000	115
3071000	116
3072000	117
3073000	118
3074000	119
3075000	120
3076000	121
3077000	122
3078000	123
3079000	124
3080000	125
3081000	126
3082000	127
3083000	128
3084000	129
3085000	130
3086000	131
3087000	132
3088000	133
3089000	134
3090000	135
3091000	136
3092000	137
3093000	138
3094000	139
3095000	140
3096000	141
3097000	142
3098000	143
3099000	144
3100000	145
3101000	146
3102000	147
3103000	148
3104000	149
3105000	150
3106000	151
3107000	152
3108000	153
3109000	154
3110000	155
3111000	156
3112000	157
3113000	158
3114000	159
3115000	160
3116000	161
3117000	162
3118000	163
3119000	164
3120000	165
3121000	166
3122000	167
3123000	168
3124000	169
3125000	170
