46405000	0
46410000	1
46415000	2
46420000	3
46425000	4
46430000	5
46435000	6
46440000	7
46445000	8
46450000	9
46455000	10
46460000	11
46465000	12
46470000	13
46475000	14
46480000	15
46485000	16
46490000	17
46495000	18
46500000	19
46505000	20
46510000	21
46515000	22
46520000	23
46525000	24
46530000	25
46535000	26
46540000	27
46545000	28
46550000	29
46555000	30
46560000	31
46565000	32
46570000	33
46575000	34
46580000	35
46585000	36
46590000	37
46595000	38
46600000	39
46605000	40
46610000	41
46615000	42
46620000	43
46625000	44
46630000	45
46635000	46
46640000	47
46645000	48
46650000	49
46655000	50
46660000	51
46665000	52
46670000	53
46675000	54
46680000	55
46685000	56
46690000	57
46695000	58
46700000	59
46705000	60
46710000	61
46715000	62
46720000	63
46725000	64
46730000	65
46735000	66
46740000	67
46745000	68
46750000	69
46755000	70
46760000	71
46765000	72
46770000	73
46775000	74
46780000	75
46785000	76
46790000	77
46795000	78
46800000	79
46805000	80
46810000	81
46815000	82
46820000	83
46825000	84
46830000	85
46835000	86
46840000	87
46845000	88
46850000	89
46855000	90
46860000	91
46865000	92
46870000	93
46875000	94
46880000	95
46885000	96
46890000	97
46895000	98
46900000	99
46905000	100
46910000	101
46915000	102
46920000	103
46925000	104
46930000	105
46935000	106
46940000	107
46945000	108
46950000	109
46955000	110
46960000	111
46965000	112
46970000	113
46975000	114
46980000	115
46985000	116
46990000	117
46995000	118
47000000	119
47005000	120
47010000	121
47015000	122
47020000	123
47025000	124
47030000	125
47035000	126
47040000	127
47045000	128
47050000	129
47055000	130
47060000	131
47065000	132
47070000	133
47075000	134
47080000	135
47085000	136
47090000	137
47095000	138
47100000	139
47105000	140
47110000	141
47115000	142
47120000	143
47125000	144
47130000	145
47135000	146
47140000	147
47145000	148
47150000	149
47155000	150
47160000	151
47165000	152
47170000	153
47175000	154
47180000	155
47185000	156
47190000	157
47195000	158
47200000	159
47205000	160
47210000	161
47215000	162
47220000	163
47225000	164
47230000	165
47235000	166
47240000	167
47245000	168
47250000	169
