78851000	0
78852000	1
78853000	2
78854000	3
78855000	4
78856000	5
78857000	6
78858000	7
78859000	8
78860000	9
78861000	10
78862000	11
78863000	12
78864000	13
78865000	14
78866000	15
78867000	16
78868000	17
78869000	18
78870000	19
78871000	20
78872000	21
78873000	22
78874000	23
78875000	24
78876000	25
78877000	26
78878000	27
78879000	28
78880000	29
78881000	30
78882000	31
78883000	32
78884000	33
78885000	34
78886000	35
78887000	36
78888000	37
78889000	38
78890000	39
78891000	40
78892000	41
78893000	42
78894000	43
78895000	44
78896000	45
78897000	46
78898000	47
78899000	48
78900000	49
78901000	50
78902000	51
78903000	52
78904000	53
78905000	54
78906000	55
78907000	56
78908000	57
78909000	58
78910000	59
78911000	60
78912000	61
78913000	62
78914000	63
78915000	64
78916000	65
78917000	66
78918000	67
78919000	68
78920000	69
78921000	70
78922000	71
78923000	72
78924000	73
78925000	74
78926000	75
78927000	76
78928000	77
78929000	78
78930000	79
78931000	80
78932000	81
78933000	82
78934000	83
78935000	84
78936000	85
78937000	86
78938000	87
78939000	88
78940000	89
78941000	90
78942000	91
78943000	92
78944000	93
78945000	94
78946000	95
78947000	96
78948000	97
78949000	98
78950000	99
78951000	100
78952000	101
78953000	102
78954000	103
78955000	104
78956000	105
78957000	106
78958000	107
78959000	108
78960000	109
78961000	110
78962000	111
78963000	112
78964000	113
78965000	114
78966000	115
78967000	116
78968000	117
78969000	118
78970000	119
78971000	120
78972000	121
78973000	122
78974000	123
78975000	124
78976000	125
78977000	126
78978000	127
78979000	128
78980000	129
78981000	130
78982000	131
78983000	132
78984000	133
78985000	134
78986000	135
78987000	136
78988000	137
78989000	138
78990000	139
78991000	140
78992000	141
78993000	142
78994000	143
78995000	144
78996000	145
78997000	146
78998000	147
78999000	148
79000000	149
79001000	150
79002000	151
79003000	152
79004000	153
79005000	154
79006000	155
79007000	156
79008000	157
79009000	158
79010000	159
79011000	160
79012000	161
79013000	162
79014000	163
79015000	164
79016000	165
79017000	166
79018000	167
79019000	168
79020000	169
79021000	170
79022000	171
79023000	172
79024000	173
79025000	174
79026000	175
79027000	176
79028000	177
79029000	178
79030000	179
79031000	180
79032000	181
79033000	182
79034000	183
79035000	184
79036000	185
79037000	186
79038000	187
79039000	188
79040000	189
79041000	190
79042000	191
79043000	192
79044000	193
79045000	194
79046000	195
79047000	196
79048000	197
79049000	198
79050000	199
79051000	200
79052000	201
79053000	202
79054000	203
79055000	204
79056000	205
79057000	206
79058000	207
79059000	208
79060000	209
79061000	210
79062000	211
79063000	212
79064000	213
79065000	214
79066000	215
79067000	216
79068000	217
79069000	218
79070000	219
79071000	220
79072000	221
79073000	222
79074000	223
79075000	224
79076000	225
79077000	226
79078000	227
79079000	228
79080000	229
79081000	230
79082000	231
79083000	232
79084000	233
79085000	234
79086000	235
79087000	236
79088000	237
79089000	238
79090000	239
79091000	240
79092000	241
79093000	242
79094000	243
