154315000	0
154316000	1
154317000	2
154318000	3
154319000	4
154320000	5
154321000	6
154322000	7
154323000	8
154324000	9
154325000	10
154326000	11
154327000	12
154328000	13
154329000	14
154330000	15
154331000	16
154332000	17
154333000	18
154334000	19
154335000	20
154336000	21
154337000	22
154338000	23
154339000	24
154340000	25
154341000	26
154342000	27
154343000	28
154344000	29
154345000	30
154346000	31
154347000	32
154348000	33
154349000	34
154350000	35
154351000	36
154352000	37
154353000	38
154354000	39
154355000	40
154356000	41
154357000	42
154358000	43
154359000	44
154360000	45
154361000	46
154362000	47
154363000	48
154364000	49
154365000	50
154366000	51
154367000	52
154368000	53
154369000	54
154370000	55
154371000	56
154372000	57
154373000	58
154374000	59
154375000	60
154376000	61
154377000	62
154378000	63
154379000	64
154380000	65
154381000	66
154382000	67
154383000	68
154384000	69
154385000	70
154386000	71
154387000	72
154388000	73
154389000	74
154390000	75
154391000	76
154392000	77
154393000	78
154394000	79
154395000	80
154396000	81
154397000	82
154398000	83
154399000	84
154400000	85
154401000	86
154402000	87
154403000	88
154404000	89
154405000	90
154406000	91
154407000	92
154408000	93
154409000	94
154410000	95
154411000	96
154412000	97
154413000	98
154414000	99
154415000	100
154416000	101
154417000	102
154418000	103
154419000	104
154420000	105
154421000	106
154422000	107
154423000	108
154424000	109
154425000	110
154426000	111
154427000	112
154428000	113
154429000	114
154430000	115
154431000	116
154432000	117
154433000	118
154434000	119
154435000	120
154436000	121
154437000	122
154438000	123
154439000	124
154440000	125
154441000	126
154442000	127
154443000	128
154444000	129
154445000	130
154446000	131
154447000	132
154448000	133
154449000	134
154450000	135
154451000	136
154452000	137
154453000	138
154454000	139
154455000	140
154456000	141
154457000	142
154458000	143
154459000	144
154460000	145
154461000	146
154462000	147
154463000	148
154464000	149
154465000	150
154466000	151
154467000	152
154468000	153
154469000	154
154470000	155
154471000	156
154472000	157
154473000	158
154474000	159
154475000	160
154476000	161
154477000	162
154478000	163
154479000	164
154480000	165
154481000	166
154482000	167
154483000	168
154484000	169
154485000	170
154486000	171
154487000	172
154488000	173
154489000	174
154490000	175
154491000	176
154492000	177
154493000	178
154494000	179
154495000	180
154496000	181
154497000	182
154498000	183
154499000	184
154500000	185
154501000	186
154502000	187
154503000	188
154504000	189
154505000	190
154506000	191
154507000	192
154508000	193
154509000	194
154510000	195
154511000	196
154512000	197
154513000	198
154514000	199
154515000	200
154516000	201
154517000	202
154518000	203
154519000	204
154520000	205
154521000	206
154522000	207
154523000	208
154524000	209
154525000	210
154526000	211
154527000	212
154528000	213
154529000	214
154530000	215
154531000	216
154532000	217
154533000	218
154534000	219
154535000	220
154536000	221
154537000	222
154538000	223
154539000	224
154540000	225
154541000	226
154542000	227
154543000	228
154544000	229
154545000	230
154546000	231
154547000	232
154548000	233
154549000	234
154550000	235
154551000	236
154552000	237
154553000	238
154554000	239
154555000	240
154556000	241
154557000	242
154558000	243
154559000	244
154560000	245
154561000	246
154562000	247
154563000	248
154564000	249
154565000	250
154566000	251
154567000	252
154568000	253
154569000	254
154570000	255
154571000	256
154572000	257
154573000	258
154574000	259
154575000	260
154576000	261
154577000	262
154578000	263
154579000	264
154580000	265
154581000	266
154582000	267
154583000	268
154584000	269
154585000	270
154586000	271
154587000	272
154588000	273
154589000	274
154590000	275
154591000	276
154592000	277
154593000	278
154594000	279
154595000	280
154596000	281
154597000	282
154598000	283
154599000	284
154600000	285
154601000	286
154602000	287
154603000	288
154604000	289
154605000	290
154606000	291
154607000	292
154608000	293
154609000	294
154610000	295
154611000	296
154612000	297
154613000	298
154614000	299
154615000	300
154616000	301
154617000	302
154618000	303
154619000	304
154620000	305
154621000	306
154622000	307
154623000	308
154624000	309
154625000	310
154626000	311
154627000	312
154628000	313
154629000	314
154630000	315
154631000	316
154632000	317
154633000	318
154634000	319
154635000	320
154636000	321
154637000	322
154638000	323
154639000	324
154640000	325
154641000	326
154642000	327
154643000	328
154644000	329
154645000	330
154646000	331
154647000	332
154648000	333
154649000	334
154650000	335
154651000	336
154652000	337
154653000	338
154654000	339
154655000	340
154656000	341
154657000	342
154658000	343
154659000	344
154660000	345
154661000	346
154662000	347
154663000	348
154664000	349
154665000	350
154666000	351
154667000	352
154668000	353
154669000	354
154670000	355
154671000	356
154672000	357
154673000	358
154674000	359
154675000	360
154676000	361
154677000	362
154678000	363
154679000	364
154680000	365
154681000	366
154682000	367
154683000	368
154684000	369
154685000	370
154686000	371
154687000	372
154688000	373
154689000	374
154690000	375
154691000	376
154692000	377
154693000	378
154694000	379
154695000	380
154696000	381
154697000	382
154698000	383
154699000	384
154700000	385
154701000	386
154702000	387
154703000	388
154704000	389
154705000	390
154706000	391
154707000	392
154708000	393
154709000	394
154710000	395
154711000	396
154712000	397
154713000	398
154714000	399
154715000	400
154716000	401
154717000	402
154718000	403
154719000	404
154720000	405
154721000	406
154722000	407
154723000	408
154724000	409
154725000	410
154726000	411
154727000	412
154728000	413
154729000	414
154730000	415
154731000	416
154732000	417
154733000	418
154734000	419
154735000	420
154736000	421
154737000	422
154738000	423
154739000	424
154740000	425
154741000	426
154742000	427
154743000	428
154744000	429
154745000	430
154746000	431
154747000	432
154748000	433
154749000	434
154750000	435
154751000	436
154752000	437
154753000	438
154754000	439
154755000	440
154756000	441
154757000	442
154758000	443
154759000	444
154760000	445
154761000	446
154762000	447
154763000	448
154764000	449
154765000	450
154766000	451
154767000	452
154768000	453
154769000	454
154770000	455
154771000	456
154772000	457
154773000	458
154774000	459
154775000	460
154776000	461
154777000	462
154778000	463
154779000	464
154780000	465
154781000	466
154782000	467
154783000	468
154784000	469
154785000	470
154786000	471
154787000	472
154788000	473
154789000	474
154790000	475
154791000	476
154792000	477
154793000	478
154794000	479
154795000	480
154796000	481
154797000	482
154798000	483
154799000	484
154800000	485
154801000	486
154802000	487
154803000	488
154804000	489
154805000	490
154806000	491
154807000	492
154808000	493
154809000	494
154810000	495
154811000	496
154812000	497
154813000	498
154814000	499
154815000	500
154816000	501
154817000	502
154818000	503
154819000	504
154820000	505
154821000	506
154822000	507
154823000	508
154824000	509
154825000	510
154826000	511
154827000	512
154828000	513
154829000	514
154830000	515
154831000	516
154832000	517
154833000	518
154834000	519
154835000	520
154836000	521
154837000	522
154838000	523
154839000	524
154840000	525
154841000	526
154842000	527
154843000	528
154844000	529
154845000	530
154846000	531
154847000	532
154848000	533
154849000	534
154850000	535
154851000	536
154852000	537
154853000	538
154854000	539
154855000	540
154856000	541
154857000	542
154858000	543
154859000	544
154860000	545
154861000	546
154862000	547
154863000	548
154864000	549
154865000	550
154866000	551
154867000	552
154868000	553
154869000	554
154870000	555
154871000	556
154872000	557
154873000	558
154874000	559
154875000	560
154876000	561
154877000	562
154878000	563
154879000	564
154880000	565
154881000	566
154882000	567
154883000	568
154884000	569
154885000	570
154886000	571
154887000	572
154888000	573
154889000	574
154890000	575
154891000	576
154892000	577
154893000	578
154894000	579
154895000	580
154896000	581
154897000	582
154898000	583
154899000	584
154900000	585
154901000	586
154902000	587
154903000	588
154904000	589
154905000	590
154906000	591
154907000	592
154908000	593
154909000	594
154910000	595
154911000	596
154912000	597
154913000	598
154914000	599
154915000	600
154916000	601
154917000	602
154918000	603
154919000	604
154920000	605
154921000	606
154922000	607
154923000	608
154924000	609
154925000	610
154926000	611
154927000	612
154928000	613
154929000	614
154930000	615
154931000	616
154932000	617
154933000	618
154934000	619
154935000	620
154936000	621
154937000	622
154938000	623
154939000	624
154940000	625
154941000	626
154942000	627
154943000	628
154944000	629
154945000	630
154946000	631
154947000	632
154948000	633
154949000	634
154950000	635
154951000	636
154952000	637
154953000	638
154954000	639
154955000	640
154956000	641
154957000	642
154958000	643
154959000	644
154960000	645
154961000	646
154962000	647
154963000	648
154964000	649
154965000	650
154966000	651
154967000	652
154968000	653
154969000	654
154970000	655
154971000	656
154972000	657
154973000	658
154974000	659
154975000	660
154976000	661
154977000	662
154978000	663
154979000	664
154980000	665
154981000	666
154982000	667
154983000	668
154984000	669
154985000	670
154986000	671
154987000	672
154988000	673
154989000	674
154990000	675
154991000	676
154992000	677
154993000	678
154994000	679
154995000	680
154996000	681
154997000	682
154998000	683
154999000	684
155000000	685
155001000	686
155002000	687
155003000	688
155004000	689
155005000	690
155006000	691
155007000	692
155008000	693
155009000	694
155010000	695
155011000	696
155012000	697
155013000	698
155014000	699
155015000	700
155016000	701
155017000	702
155018000	703
155019000	704
155020000	705
155021000	706
155022000	707
155023000	708
155024000	709
155025000	710
155026000	711
155027000	712
155028000	713
155029000	714
155030000	715
155031000	716
155032000	717
155033000	718
155034000	719
155035000	720
155036000	721
155037000	722
155038000	723
155039000	724
155040000	725
155041000	726
155042000	727
155043000	728
155044000	729
155045000	730
155046000	731
155047000	732
155048000	733
155049000	734
155050000	735
155051000	736
155052000	737
155053000	738
155054000	739
155055000	740
155056000	741
155057000	742
155058000	743
155059000	744
155060000	745
155061000	746
155062000	747
155063000	748
155064000	749
155065000	750
155066000	751
155067000	752
155068000	753
155069000	754
155070000	755
155071000	756
155072000	757
155073000	758
155074000	759
155075000	760
155076000	761
155077000	762
155078000	763
155079000	764
155080000	765
155081000	766
155082000	767
155083000	768
155084000	769
155085000	770
155086000	771
155087000	772
155088000	773
155089000	774
155090000	775
155091000	776
155092000	777
155093000	778
155094000	779
155095000	780
155096000	781
155097000	782
155098000	783
155099000	784
155100000	785
155101000	786
155102000	787
155103000	788
155104000	789
155105000	790
155106000	791
155107000	792
155108000	793
155109000	794
155110000	795
155111000	796
155112000	797
155113000	798
155114000	799
155115000	800
155116000	801
155117000	802
155118000	803
155119000	804
155120000	805
155121000	806
155122000	807
155123000	808
155124000	809
155125000	810
155126000	811
155127000	812
155128000	813
155129000	814
155130000	815
155131000	816
155132000	817
155133000	818
155134000	819
155135000	820
155136000	821
155137000	822
155138000	823
155139000	824
155140000	825
155141000	826
155142000	827
155143000	828
155144000	829
155145000	830
