8450000	0
8455000	1
8460000	2
8465000	3
8470000	4
8475000	5
8480000	6
8485000	7
8490000	8
8495000	9
8500000	10
8505000	11
8510000	12
8515000	13
8520000	14
8525000	15
8530000	16
8535000	17
8540000	18
8545000	19
8550000	20
8555000	21
8560000	22
8565000	23
8570000	24
8575000	25
8580000	26
8585000	27
8590000	28
8595000	29
8600000	30
8605000	31
8610000	32
8615000	33
8620000	34
8625000	35
8630000	36
8635000	37
8640000	38
8645000	39
8650000	40
8655000	41
8660000	42
8665000	43
8670000	44
8675000	45
8680000	46
8685000	47
8690000	48
8695000	49
8700000	50
8705000	51
8710000	52
8715000	53
8720000	54
8725000	55
8730000	56
8735000	57
8740000	58
8745000	59
8750000	60
8755000	61
8760000	62
8765000	63
8770000	64
8775000	65
8780000	66
8785000	67
8790000	68
8795000	69
8800000	70
8805000	71
8810000	72
8815000	73
8820000	74
8825000	75
8830000	76
8835000	77
8840000	78
8845000	79
8850000	80
8855000	81
8860000	82
8865000	83
8870000	84
8875000	85
8880000	86
8885000	87
8890000	88
8895000	89
8900000	90
8905000	91
8910000	92
8915000	93
8920000	94
8925000	95
8930000	96
8935000	97
