70630000	0
70635000	1
70640000	2
70645000	3
70650000	4
70655000	5
70660000	6
70665000	7
70670000	8
70675000	9
70680000	10
70685000	11
70690000	12
70695000	13
70700000	14
70705000	15
70710000	16
70715000	17
70720000	18
70725000	19
70730000	20
70735000	21
70740000	22
70745000	23
70750000	24
70755000	25
70760000	26
70765000	27
70770000	28
70775000	29
70780000	30
70785000	31
70790000	32
70795000	33
70800000	34
70805000	35
70810000	36
70815000	37
70820000	38
70825000	39
70830000	40
70835000	41
70840000	42
70845000	43
70850000	44
70855000	45
70860000	46
70865000	47
70870000	48
70875000	49
70880000	50
70885000	51
70890000	52
70895000	53
70900000	54
70905000	55
70910000	56
70915000	57
70920000	58
70925000	59
70930000	60
70935000	61
70940000	62
70945000	63
70950000	64
70955000	65
70960000	66
70965000	67
70970000	68
70975000	69
