96895000	0
96900000	1
96905000	2
96910000	3
96915000	4
96920000	5
96925000	6
96930000	7
96935000	8
96940000	9
96945000	10
96950000	11
96955000	12
96960000	13
96965000	14
96970000	15
96975000	16
96980000	17
96985000	18
96990000	19
96995000	20
97000000	21
97005000	22
97010000	23
97015000	24
97020000	25
97025000	26
97030000	27
97035000	28
97040000	29
97045000	30
97050000	31
97055000	32
97060000	33
97065000	34
97070000	35
97075000	36
97080000	37
97085000	38
97090000	39
97095000	40
97100000	41
97105000	42
97110000	43
97115000	44
97120000	45
97125000	46
97130000	47
97135000	48
97140000	49
97145000	50
97150000	51
97155000	52
97160000	53
97165000	54
97170000	55
97175000	56
97180000	57
97185000	58
97190000	59
97195000	60
97200000	61
97205000	62
97210000	63
97215000	64
97220000	65
97225000	66
97230000	67
97235000	68
97240000	69
97245000	70
97250000	71
97255000	72
97260000	73
97265000	74
97270000	75
97275000	76
97280000	77
97285000	78
97290000	79
97295000	80
97300000	81
97305000	82
97310000	83
97315000	84
97320000	85
97325000	86
97330000	87
97335000	88
97340000	89
97345000	90
97350000	91
97355000	92
97360000	93
97365000	94
97370000	95
97375000	96
97380000	97
97385000	98
97390000	99
97395000	100
97400000	101
97405000	102
97410000	103
97415000	104
97420000	105
97425000	106
97430000	107
97435000	108
97440000	109
97445000	110
97450000	111
97455000	112
97460000	113
97465000	114
97470000	115
97475000	116
97480000	117
97485000	118
97490000	119
97495000	120
97500000	121
97505000	122
97510000	123
97515000	124
97520000	125
97525000	126
97530000	127
97535000	128
97540000	129
97545000	130
97550000	131
97555000	132
97560000	133
97565000	134
97570000	135
97575000	136
97580000	137
97585000	138
97590000	139
97595000	140
97600000	141
97605000	142
97610000	143
97615000	144
97620000	145
97625000	146
97630000	147
97635000	148
97640000	149
97645000	150
97650000	151
97655000	152
97660000	153
97665000	154
97670000	155
97675000	156
97680000	157
97685000	158
97690000	159
97695000	160
97700000	161
97705000	162
97710000	163
97715000	164
97720000	165
97725000	166
97730000	167
97735000	168
97740000	169
97745000	170
97750000	171
97755000	172
97760000	173
97765000	174
97770000	175
97775000	176
97780000	177
97785000	178
97790000	179
97795000	180
97800000	181
97805000	182
97810000	183
97815000	184
97820000	185
97825000	186
97830000	187
97835000	188
97840000	189
97845000	190
97850000	191
97855000	192
97860000	193
97865000	194
97870000	195
97875000	196
97880000	197
97885000	198
97890000	199
97895000	200
97900000	201
97905000	202
97910000	203
97915000	204
97920000	205
97925000	206
97930000	207
97935000	208
97940000	209
97945000	210
97950000	211
97955000	212
97960000	213
97965000	214
97970000	215
97975000	216
97980000	217
97985000	218
97990000	219
97995000	220
98000000	221
98005000	222
98010000	223
98015000	224
98020000	225
98025000	226
98030000	227
98035000	228
98040000	229
98045000	230
98050000	231
98055000	232
98060000	233
98065000	234
98070000	235
98075000	236
98080000	237
98085000	238
98090000	239
98095000	240
98100000	241
98105000	242
98110000	243
98115000	244
98120000	245
98125000	246
98130000	247
98135000	248
98140000	249
98145000	250
98150000	251
98155000	252
98160000	253
98165000	254
98170000	255
98175000	256
98180000	257
98185000	258
98190000	259
98195000	260
98200000	261
98205000	262
98210000	263
98215000	264
98220000	265
98225000	266
98230000	267
98235000	268
98240000	269
98245000	270
98250000	271
98255000	272
98260000	273
98265000	274
98270000	275
98275000	276
98280000	277
98285000	278
98290000	279
98295000	280
98300000	281
98305000	282
98310000	283
98315000	284
98320000	285
98325000	286
98330000	287
98335000	288
98340000	289
98345000	290
98350000	291
98355000	292
98360000	293
98365000	294
98370000	295
98375000	296
98380000	297
98385000	298
98390000	299
98395000	300
98400000	301
98405000	302
98410000	303
98415000	304
98420000	305
98425000	306
98430000	307
98435000	308
98440000	309
98445000	310
98450000	311
98455000	312
98460000	313
98465000	314
98470000	315
98475000	316
98480000	317
98485000	318
98490000	319
98495000	320
98500000	321
98505000	322
98510000	323
98515000	324
98520000	325
98525000	326
98530000	327
98535000	328
98540000	329
98545000	330
98550000	331
98555000	332
98560000	333
98565000	334
98570000	335
98575000	336
98580000	337
98585000	338
98590000	339
98595000	340
98600000	341
98605000	342
98610000	343
98615000	344
98620000	345
98625000	346
98630000	347
98635000	348
98640000	349
98645000	350
98650000	351
98655000	352
98660000	353
98665000	354
98670000	355
98675000	356
98680000	357
98685000	358
98690000	359
98695000	360
98700000	361
98705000	362
98710000	363
98715000	364
98720000	365
98725000	366
98730000	367
98735000	368
98740000	369
98745000	370
98750000	371
98755000	372
98760000	373
98765000	374
98770000	375
98775000	376
98780000	377
98785000	378
98790000	379
98795000	380
98800000	381
98805000	382
98810000	383
98815000	384
98820000	385
98825000	386
98830000	387
98835000	388
98840000	389
