33935000	0
33940000	1
33945000	2
33950000	3
33955000	4
33960000	5
33965000	6
33970000	7
33975000	8
33980000	9
33985000	10
33990000	11
33995000	12
34000000	13
34005000	14
34010000	15
34015000	16
34020000	17
34025000	18
34030000	19
34035000	20
34040000	21
34045000	22
34050000	23
34055000	24
34060000	25
34065000	26
34070000	27
34075000	28
34080000	29
34085000	30
34090000	31
34095000	32
34100000	33
34105000	34
34110000	35
34115000	36
34120000	37
34125000	38
34130000	39
34135000	40
34140000	41
34145000	42
34150000	43
34155000	44
34160000	45
34165000	46
34170000	47
34175000	48
34180000	49
34185000	50
34190000	51
34195000	52
34200000	53
34205000	54
34210000	55
34215000	56
34220000	57
34225000	58
34230000	59
34235000	60
34240000	61
34245000	62
34250000	63
34255000	64
34260000	65
34265000	66
34270000	67
34275000	68
34280000	69
34285000	70
34290000	71
34295000	72
34300000	73
