160100000	0
160105000	1
160110000	2
160115000	3
160120000	4
160125000	5
160130000	6
160135000	7
160140000	8
160145000	9
160150000	10
160155000	11
160160000	12
160165000	13
160170000	14
160175000	15
160180000	16
160185000	17
160190000	18
160195000	19
160200000	20
160205000	21
160210000	22
160215000	23
160220000	24
160225000	25
160230000	26
160235000	27
160240000	28
160245000	29
160250000	30
160255000	31
160260000	32
160265000	33
160270000	34
160275000	35
160280000	36
160285000	37
160290000	38
160295000	39
160300000	40
160305000	41
160310000	42
160315000	43
160320000	44
160325000	45
160330000	46
160335000	47
160340000	48
160345000	49
160350000	50
160355000	51
160360000	52
160365000	53
160370000	54
160375000	55
160380000	56
160385000	57
160390000	58
160395000	59
160400000	60
160405000	61
160410000	62
160415000	63
160420000	64
160425000	65
160430000	66
160435000	67
160440000	68
160445000	69
160450000	70
160455000	71
160460000	72
160465000	73
160470000	74
160475000	75
160480000	76
160485000	77
160490000	78
160495000	79
160500000	80
160505000	81
160510000	82
160515000	83
160520000	84
160525000	85
160530000	86
160535000	87
160540000	88
160545000	89
160550000	90
160555000	91
160560000	92
160565000	93
160570000	94
160575000	95
160580000	96
160585000	97
160590000	98
160595000	99
160600000	100
160605000	101
160610000	102
160615000	103
160620000	104
160625000	105
160630000	106
160635000	107
160640000	108
160645000	109
160650000	110
160655000	111
160660000	112
160665000	113
160670000	114
160675000	115
160680000	116
160685000	117
160690000	118
160695000	119
160700000	120
160705000	121
160710000	122
160715000	123
160720000	124
160725000	125
160730000	126
160735000	127
160740000	128
160745000	129
160750000	130
160755000	131
160760000	132
160765000	133
160770000	134
160775000	135
160780000	136
160785000	137
160790000	138
160795000	139
160800000	140
160805000	141
160810000	142
160815000	143
160820000	144
160825000	145
160830000	146
160835000	147
160840000	148
160845000	149
160850000	150
160855000	151
160860000	152
160865000	153
160870000	154
160875000	155
160880000	156
160885000	157
160890000	158
