3370000	0
3375000	1
3380000	2
3385000	3
3390000	4
3395000	5
3400000	6
3405000	7
3410000	8
3415000	9
3420000	10
3425000	11
3430000	12
3435000	13
3440000	14
3445000	15
3450000	16
3455000	17
3460000	18
3465000	19
3470000	20
3475000	21
3480000	22
3485000	23
3490000	24
3495000	25
3500000	26
3505000	27
3510000	28
3515000	29
3520000	30
3525000	31
3575000	32
3580000	33
3585000	34
3590000	35
3595000	36
3600000	37
3605000	38
3610000	39
3615000	40
3620000	41
3625000	42
3630000	43
3635000	44
3640000	45
3645000	46
3650000	47
3655000	48
3660000	49
3665000	50
3670000	51
3675000	52
3680000	53
3685000	54
3690000	55
3695000	56
3700000	57
3705000	58
3710000	59
3715000	60
3720000	61
3725000	62
3730000	63
3735000	64
3740000	65
3745000	66
3750000	67
3755000	68
3760000	69
3765000	70
3770000	71
3775000	72
3780000	73
3785000	74
3790000	75
3795000	76
3800000	77
3805000	78
3810000	79
3815000	80
3820000	81
3825000	82
3830000	83
3835000	84
3840000	85
3845000	86
3850000	87
3855000	88
3860000	89
3865000	90
3870000	91
3875000	92
3880000	93
3885000	94
3890000	95
3895000	96
3900000	97
3905000	98
3910000	99
3915000	100
3920000	101
3925000	102
3930000	103
3935000	104
3940000	105
3945000	106
3950000	107
3955000	108
3960000	109
3965000	110
3970000	111
3975000	112
3980000	113
3985000	114
3990000	115
3995000	116
4000000	117
4005000	118
4010000	119
4015000	120
4020000	121
4025000	122
4030000	123
4035000	124
4040000	125
4045000	126
4050000	127
4055000	128
4060000	129
4065000	130
4070000	131
4075000	132
4080000	133
4085000	134
4090000	135
4095000	136
4100000	137
4105000	138
4110000	139
4115000	140
4120000	141
4125000	142
4130000	143
4135000	144
4140000	145
4145000	146
4150000	147
4155000	148
4160000	149
4165000	150
4170000	151
4175000	152
4180000	153
4185000	154
4190000	155
4195000	156
4200000	157
4205000	158
4210000	159
4215000	160
4220000	161
4225000	162
4230000	163
4235000	164
4240000	165
4245000	166
4250000	167
4255000	168
4260000	169
4265000	170
4270000	171
4275000	172
4280000	173
4285000	174
4290000	175
4295000	176
4300000	177
4305000	178
4310000	179
4315000	180
4320000	181
4325000	182
4330000	183
4335000	184
4340000	185
4345000	186
4350000	187
4355000	188
4360000	189
4365000	190
4370000	191
4375000	192
4380000	193
4385000	194
4390000	195
4395000	196
4400000	197
4405000	198
4410000	199
4415000	200
4420000	201
4425000	202
4430000	203
4435000	204
4440000	205
4445000	206
4450000	207
4455000	208
4460000	209
4465000	210
4470000	211
4475000	212
4480000	213
4485000	214
4490000	215
4495000	216
4500000	217
4505000	218
4510000	219
4515000	220
4520000	221
4525000	222
4530000	223
4535000	224
4540000	225
4545000	226
4550000	227
4555000	228
4560000	229
4565000	230
4570000	231
4575000	232
4580000	233
4585000	234
4590000	235
4595000	236
4600000	237
4605000	238
4610000	239
4615000	240
4620000	241
4625000	242
4630000	243
4635000	244
4640000	245
4645000	246
4650000	247
4655000	248
4660000	249
4665000	250
4670000	251
4675000	252
4680000	253
4685000	254
4690000	255
4695000	256
4700000	257
4705000	258
4710000	259
4715000	260
4720000	261
4725000	262
4730000	263
4735000	264
4740000	265
4745000	266
4750000	267
4755000	268
4760000	269
4765000	270
4770000	271
4775000	272
4780000	273
4785000	274
4790000	275
4795000	276
4800000	277
4805000	278
4810000	279
4815000	280
4820000	281
4825000	282
4830000	283
4835000	284
4840000	285
4845000	286
4850000	287
4855000	288
4860000	289
4865000	290
4870000	291
4875000	292
4880000	293
4885000	294
4890000	295
4895000	296
4900000	297
4905000	298
4910000	299
4915000	300
4920000	301
4925000	302
4930000	303
4935000	304
4940000	305
4945000	306
4950000	307
4955000	308
4960000	309
4965000	310
4970000	311
4975000	312
4980000	313
4985000	314
4990000	315
4995000	316
5000000	317
5005000	318
5010000	319
5015000	320
5115000	321
5120000	322
5125000	323
5130000	324
5135000	325
5140000	326
5145000	327
5150000	328
5155000	329
5160000	330
5165000	331
5170000	332
5175000	333
5180000	334
5185000	335
5190000	336
5195000	337
5200000	338
5205000	339
5210000	340
5215000	341
5220000	342
5225000	343
5230000	344
5235000	345
5240000	346
5245000	347
5250000	348
5255000	349
5260000	350
5265000	351
5270000	352
5275000	353
5280000	354
5285000	355
5290000	356
5295000	357
5300000	358
5305000	359
5310000	360
5315000	361
5320000	362
5325000	363
5330000	364
5335000	365
5340000	366
5345000	367
5350000	368
5355000	369
5360000	370
5365000	371
5370000	372
5375000	373
5380000	374
5385000	375
5390000	376
5395000	377
5400000	378
5405000	379
5410000	380
5415000	381
5420000	382
5425000	383
5430000	384
5435000	385
5440000	386
5445000	387
5450000	388
5455000	389
5460000	390
5465000	391
5470000	392
5475000	393
5480000	394
5485000	395
5490000	396
5495000	397
5500000	398
5505000	399
5510000	400
5515000	401
5520000	402
5525000	403
5530000	404
5535000	405
5540000	406
5545000	407
5550000	408
5555000	409
5560000	410
5565000	411
5570000	412
5575000	413
5580000	414
5585000	415
5590000	416
5595000	417
5600000	418
5605000	419
5610000	420
5615000	421
5620000	422
5625000	423
5630000	424
5635000	425
5640000	426
5645000	427
5650000	428
5655000	429
5660000	430
5665000	431
5670000	432
5675000	433
5680000	434
5685000	435
5690000	436
5695000	437
5700000	438
5705000	439
5710000	440
5715000	441
5720000	442
5725000	443
5730000	444
5735000	445
5740000	446
5745000	447
5750000	448
5755000	449
5760000	450
5765000	451
5770000	452
5775000	453
5780000	454
5785000	455
5790000	456
5795000	457
5800000	458
5805000	459
5810000	460
5815000	461
5820000	462
5825000	463
5830000	464
5835000	465
5840000	466
5845000	467
5850000	468
5855000	469
5860000	470
5865000	471
5870000	472
5875000	473
5880000	474
5885000	475
5890000	476
5895000	477
5900000	478
5905000	479
5910000	480
5915000	481
5920000	482
5925000	483
5930000	484
5935000	485
5940000	486
5945000	487
5950000	488
5955000	489
5960000	490
5965000	491
5970000	492
5975000	493
5980000	494
5985000	495
5990000	496
5995000	497
6000000	498
6005000	499
6010000	500
6015000	501
6020000	502
6025000	503
6030000	504
6035000	505
6040000	506
6045000	507
6050000	508
6055000	509
6060000	510
6065000	511
6070000	512
6075000	513
6080000	514
6085000	515
6090000	516
6095000	517
6100000	518
6105000	519
6110000	520
6115000	521
6120000	522
6125000	523
6130000	524
6135000	525
6140000	526
6145000	527
6150000	528
6155000	529
6160000	530
6165000	531
6170000	532
6175000	533
6180000	534
6185000	535
6190000	536
6195000	537
6200000	538
6205000	539
6210000	540
6215000	541
6220000	542
