64800000	0
64805000	1
64810000	2
64815000	3
64820000	4
64825000	5
64830000	6
64835000	7
64840000	8
64845000	9
64850000	10
64855000	11
64860000	12
64865000	13
64870000	14
64875000	15
64880000	16
64885000	17
64890000	18
64895000	19
64900000	20
64905000	21
64910000	22
64915000	23
64920000	24
64925000	25
64930000	26
64935000	27
64940000	28
64945000	29
64950000	30
64955000	31
64960000	32
64965000	33
64970000	34
64975000	35
64980000	36
64985000	37
64990000	38
64995000	39
65000000	40
65005000	41
65010000	42
65015000	43
65020000	44
65025000	45
65030000	46
65035000	47
65040000	48
65045000	49
65050000	50
65055000	51
65060000	52
65065000	53
65070000	54
65075000	55
65080000	56
65085000	57
65090000	58
65095000	59
65100000	60
65105000	61
65110000	62
65115000	63
65120000	64
65125000	65
65130000	66
65135000	67
65140000	68
65145000	69
65150000	70
65155000	71
65160000	72
65165000	73
65170000	74
