7360000	0
7365000	1
7370000	2
7375000	3
7380000	4
7385000	5
7390000	6
7395000	7
7400000	8
7405000	9
7410000	10
7415000	11
7420000	12
7425000	13
7430000	14
7435000	15
7440000	16
7445000	17
7450000	18
7455000	19
7460000	20
7465000	21
7470000	22
7475000	23
7480000	24
7485000	25
7490000	26
7495000	27
7500000	28
7505000	29
7510000	30
7515000	31
7520000	32
7525000	33
7530000	34
7535000	35
7540000	36
7545000	37
7550000	38
7555000	39
7560000	40
7565000	41
7570000	42
7575000	43
7580000	44
7585000	45
7590000	46
7595000	47
7600000	48
7605000	49
7610000	50
7615000	51
7620000	52
7625000	53
7630000	54
7635000	55
7640000	56
7645000	57
7650000	58
7655000	59
