105420000	0
105425000	1
105430000	2
105435000	3
105440000	4
105445000	5
105450000	6
105455000	7
105460000	8
105465000	9
105470000	10
105475000	11
105480000	12
105485000	13
105490000	14
105495000	15
105500000	16
105505000	17
105510000	18
105515000	19
105520000	20
105525000	21
105530000	22
105535000	23
105540000	24
105545000	25
105550000	26
105555000	27
105560000	28
105565000	29
105570000	30
105575000	31
105580000	32
105585000	33
105590000	34
105595000	35
105600000	36
105605000	37
105610000	38
105615000	39
105620000	40
105625000	41
105630000	42
105635000	43
105640000	44
105645000	45
105650000	46
105655000	47
105660000	48
105665000	49
105670000	50
105675000	51
105680000	52
105685000	53
105690000	54
105695000	55
105700000	56
105705000	57
105710000	58
105715000	59
105720000	60
105725000	61
105730000	62
105735000	63
105740000	64
105745000	65
105750000	66
105755000	67
105760000	68
105765000	69
105770000	70
105775000	71
105780000	72
105785000	73
105790000	74
105795000	75
105800000	76
105805000	77
105810000	78
105815000	79
105820000	80
105825000	81
105830000	82
105835000	83
105840000	84
105845000	85
105850000	86
105855000	87
105860000	88
105865000	89
105870000	90
105875000	91
105880000	92
105885000	93
105890000	94
105895000	95
105900000	96
105905000	97
105910000	98
105915000	99
105920000	100
105925000	101
105930000	102
105935000	103
105940000	104
105945000	105
105950000	106
105955000	107
105960000	108
105965000	109
105970000	110
105975000	111
105980000	112
105985000	113
105990000	114
105995000	115
106000000	116
106005000	117
106010000	118
106015000	119
106020000	120
106025000	121
106030000	122
106035000	123
106040000	124
106045000	125
106050000	126
106055000	127
106060000	128
106065000	129
106070000	130
106075000	131
106080000	132
106085000	133
106090000	134
106095000	135
106100000	136
106105000	137
106110000	138
106115000	139
106120000	140
106125000	141
106130000	142
106135000	143
106140000	144
106145000	145
106150000	146
106155000	147
106160000	148
106165000	149
106170000	150
106175000	151
106180000	152
106185000	153
106190000	154
106195000	155
106200000	156
106205000	157
106210000	158
106215000	159
106220000	160
106225000	161
106230000	162
106235000	163
106240000	164
106245000	165
106250000	166
106255000	167
106260000	168
106265000	169
106270000	170
106275000	171
106280000	172
106285000	173
106290000	174
106295000	175
106300000	176
106305000	177
106310000	178
106315000	179
106320000	180
106325000	181
106330000	182
106335000	183
106340000	184
106345000	185
106350000	186
106355000	187
106360000	188
106365000	189
106370000	190
106375000	191
106380000	192
106385000	193
106390000	194
106395000	195
106400000	196
106405000	197
106410000	198
106415000	199
106420000	200
106425000	201
106430000	202
106435000	203
106440000	204
106445000	205
106450000	206
106455000	207
106460000	208
106465000	209
106470000	210
106475000	211
106480000	212
106485000	213
106490000	214
106495000	215
106500000	216
106505000	217
106510000	218
106515000	219
106520000	220
106525000	221
106530000	222
106535000	223
106540000	224
106545000	225
106550000	226
106555000	227
106560000	228
106565000	229
106570000	230
106575000	231
106580000	232
106585000	233
106590000	234
106595000	235
106600000	236
106605000	237
106610000	238
106615000	239
106620000	240
106625000	241
106630000	242
106635000	243
106640000	244
106645000	245
106650000	246
106655000	247
106660000	248
106665000	249
106670000	250
106675000	251
106680000	252
106685000	253
106690000	254
106695000	255
106700000	256
106705000	257
106710000	258
