92480000	0
92485000	1
92490000	2
92495000	3
92500000	4
92505000	5
92510000	6
92515000	7
92520000	8
92525000	9
92530000	10
92535000	11
92540000	12
92545000	13
92550000	14
92555000	15
92560000	16
92565000	17
92570000	18
92575000	19
92580000	20
92585000	21
92590000	22
92595000	23
92600000	24
92605000	25
92610000	26
92615000	27
92620000	28
92625000	29
92630000	30
92635000	31
92640000	32
92645000	33
92650000	34
92655000	35
92660000	36
92665000	37
92670000	38
92675000	39
92680000	40
92685000	41
92690000	42
92695000	43
92700000	44
92705000	45
92710000	46
92715000	47
92720000	48
92725000	49
92730000	50
92735000	51
92740000	52
92745000	53
92750000	54
92755000	55
92760000	56
92765000	57
92770000	58
92775000	59
92780000	60
92785000	61
92790000	62
92795000	63
92800000	64
92805000	65
92810000	66
92815000	67
92820000	68
92825000	69
92830000	70
92835000	71
92840000	72
92845000	73
92850000	74
92855000	75
92860000	76
92865000	77
92870000	78
92875000	79
92880000	80
92885000	81
92890000	82
92895000	83
92900000	84
92905000	85
92910000	86
92915000	87
92920000	88
92925000	89
92930000	90
92935000	91
92940000	92
92945000	93
92950000	94
92955000	95
92960000	96
92965000	97
92970000	98
92975000	99
92980000	100
92985000	101
92990000	102
92995000	103
93000000	104
93005000	105
93010000	106
93015000	107
93020000	108
93025000	109
93030000	110
93035000	111
93040000	112
93045000	113
93050000	114
93055000	115
93060000	116
93065000	117
93070000	118
93075000	119
93080000	120
93085000	121
93090000	122
93095000	123
93100000	124
93105000	125
93110000	126
93115000	127
93120000	128
93125000	129
93130000	130
93135000	131
93140000	132
93145000	133
93150000	134
93155000	135
93160000	136
93165000	137
93170000	138
93175000	139
93180000	140
93185000	141
93190000	142
93195000	143
93200000	144
93205000	145
93210000	146
93215000	147
93220000	148
93225000	149
93230000	150
93235000	151
93240000	152
93245000	153
93250000	154
93255000	155
93260000	156
