49030000	0
49035000	1
49040000	2
49045000	3
49050000	4
49055000	5
49060000	6
49065000	7
49070000	8
49075000	9
49080000	10
49085000	11
49090000	12
49095000	13
49100000	14
49105000	15
49110000	16
49115000	17
49120000	18
49125000	19
49130000	20
49135000	21
49140000	22
49145000	23
49150000	24
49155000	25
49160000	26
49165000	27
49170000	28
49175000	29
49180000	30
49185000	31
49190000	32
49195000	33
49200000	34
49205000	35
49210000	36
49215000	37
49220000	38
49225000	39
49230000	40
49235000	41
49240000	42
49245000	43
49250000	44
49255000	45
49260000	46
49265000	47
49270000	48
49275000	49
49280000	50
49285000	51
49290000	52
49295000	53
49300000	54
49305000	55
49310000	56
49315000	57
49320000	58
49325000	59
49330000	60
49335000	61
49340000	62
49345000	63
49350000	64
49355000	65
49360000	66
49365000	67
49370000	68
49375000	69
49380000	70
49385000	71
49390000	72
49395000	73
49400000	74
49405000	75
49410000	76
49415000	77
49420000	78
49425000	79
49430000	80
49435000	81
49440000	82
49445000	83
49450000	84
49455000	85
49460000	86
49465000	87
49470000	88
49475000	89
49480000	90
49485000	91
49490000	92
49495000	93
49500000	94
49505000	95
49510000	96
49515000	97
49520000	98
49525000	99
49530000	100
49535000	101
49540000	102
49545000	103
49550000	104
49555000	105
49560000	106
49565000	107
49570000	108
49575000	109
49580000	110
49585000	111
49590000	112
49595000	113
49600000	114
49605000	115
49610000	116
49615000	117
49620000	118
49625000	119
49630000	120
49635000	121
49640000	122
49645000	123
49650000	124
49655000	125
49660000	126
49665000	127
49670000	128
49675000	129
49680000	130
49685000	131
49690000	132
49695000	133
49700000	134
49705000	135
49710000	136
49715000	137
49720000	138
49725000	139
49730000	140
49735000	141
49740000	142
49745000	143
49750000	144
49755000	145
49760000	146
49765000	147
49770000	148
49775000	149
49780000	150
49785000	151
49790000	152
49795000	153
49800000	154
49805000	155
49810000	156
49815000	157
49820000	158
49825000	159
49830000	160
49835000	161
49840000	162
49845000	163
