176085000	0
176090000	1
176095000	2
176100000	3
176105000	4
176110000	5
176115000	6
176120000	7
176125000	8
176130000	9
176135000	10
176140000	11
176145000	12
176150000	13
176155000	14
176160000	15
176165000	16
176170000	17
176175000	18
176180000	19
176185000	20
176190000	21
176195000	22
176200000	23
176205000	24
176210000	25
176215000	26
176220000	27
176225000	28
176230000	29
176235000	30
176240000	31
176245000	32
176250000	33
176255000	34
176260000	35
176265000	36
176270000	37
176275000	38
176280000	39
176285000	40
176290000	41
176295000	42
176300000	43
176305000	44
176310000	45
176315000	46
176320000	47
176325000	48
