109975000	0
109980000	1
109985000	2
109990000	3
109995000	4
110000000	5
110005000	6
110010000	7
110015000	8
110020000	9
110025000	10
110030000	11
110035000	12
110040000	13
110045000	14
110050000	15
110055000	16
110060000	17
110065000	18
110075000	19
110080000	20
110085000	21
110090000	22
110095000	23
110100000	24
110105000	25
110110000	26
110115000	27
110120000	28
110125000	29
110130000	30
110135000	31
110140000	32
110145000	33
110150000	34
110155000	35
110160000	36
110165000	37
110170000	38
110175000	39
110180000	40
110185000	41
110190000	42
110195000	43
110200000	44
110205000	45
110210000	46
110215000	47
110220000	48
110225000	49
110230000	50
110235000	51
110240000	52
110245000	53
110250000	54
110255000	55
110260000	56
110265000	57
110270000	58
110275000	59
110280000	60
110285000	61
110290000	62
110295000	63
110300000	64
110305000	65
110310000	66
110315000	67
110320000	68
110325000	69
110330000	70
110335000	71
110340000	72
110345000	73
110350000	74
110355000	75
110360000	76
110365000	77
110370000	78
110375000	79
110380000	80
110385000	81
110390000	82
110395000	83
110400000	84
110405000	85
110410000	86
110415000	87
110420000	88
110425000	89
110430000	90
110435000	91
110440000	92
110445000	93
110450000	94
110455000	95
110460000	96
110465000	97
110470000	98
110475000	99
110480000	100
110485000	101
110490000	102
110495000	103
110500000	104
110505000	105
110510000	106
110515000	107
110520000	108
110525000	109
110530000	110
110535000	111
110540000	112
110545000	113
110550000	114
110555000	115
110560000	116
110565000	117
110570000	118
110575000	119
110580000	120
110585000	121
110590000	122
110595000	123
110600000	124
110605000	125
110610000	126
110615000	127
110620000	128
110625000	129
110630000	130
110635000	131
110640000	132
110645000	133
110650000	134
110655000	135
110660000	136
110665000	137
110670000	138
110675000	139
110680000	140
110685000	141
110690000	142
110695000	143
110700000	144
110705000	145
110710000	146
110715000	147
110720000	148
110725000	149
110730000	150
110735000	151
110740000	152
110745000	153
110750000	154
110755000	155
110760000	156
110765000	157
110770000	158
110775000	159
110780000	160
110785000	161
110790000	162
110795000	163
110800000	164
110805000	165
110810000	166
110815000	167
110820000	168
110825000	169
110830000	170
110835000	171
110840000	172
110845000	173
110850000	174
110855000	175
110860000	176
110865000	177
110870000	178
110875000	179
110880000	180
110885000	181
110890000	182
110895000	183
110900000	184
110905000	185
110910000	186
110915000	187
110920000	188
110925000	189
110930000	190
110935000	191
110940000	192
110945000	193
110950000	194
110955000	195
110960000	196
110965000	197
110970000	198
110975000	199
110980000	200
110985000	201
110990000	202
110995000	203
111000000	204
111005000	205
111010000	206
111015000	207
111020000	208
111025000	209
111030000	210
111035000	211
111040000	212
111045000	213
111050000	214
111055000	215
111060000	216
111065000	217
111070000	218
111075000	219
111080000	220
111085000	221
111090000	222
111095000	223
111100000	224
111105000	225
111110000	226
111115000	227
111120000	228
111125000	229
111130000	230
111135000	231
111140000	232
111145000	233
111150000	234
111155000	235
111160000	236
111165000	237
111170000	238
111175000	239
111180000	240
111185000	241
111190000	242
111195000	243
111200000	244
111205000	245
111210000	246
111215000	247
111220000	248
111225000	249
111230000	250
111235000	251
111240000	252
111245000	253
111250000	254
111255000	255
111260000	256
111265000	257
111270000	258
111275000	259
111280000	260
111285000	261
111290000	262
111295000	263
111300000	264
111305000	265
111310000	266
111315000	267
111320000	268
111325000	269
111330000	270
111335000	271
111340000	272
111345000	273
111350000	274
111355000	275
111360000	276
111365000	277
111370000	278
111375000	279
111380000	280
111385000	281
111390000	282
111395000	283
111400000	284
111405000	285
111410000	286
111415000	287
111420000	288
111425000	289
111430000	290
111435000	291
111440000	292
111445000	293
111450000	294
111455000	295
111460000	296
111465000	297
111470000	298
111475000	299
111480000	300
111485000	301
111490000	302
111495000	303
111500000	304
111505000	305
111510000	306
111515000	307
111520000	308
111525000	309
111530000	310
111535000	311
111540000	312
111545000	313
111550000	314
111555000	315
111560000	316
111565000	317
111570000	318
111575000	319
111580000	320
111585000	321
111590000	322
111595000	323
111600000	324
111605000	325
111610000	326
111615000	327
111620000	328
111625000	329
111630000	330
