10391000	0
10392000	1
10393000	2
10394000	3
10395000	4
10396000	5
10397000	6
10398000	7
10399000	8
10400000	9
10401000	10
10402000	11
10403000	12
10404000	13
10405000	14
10406000	15
10407000	16
10408000	17
10409000	18
10410000	19
10411000	20
10412000	21
10413000	22
10414000	23
10415000	24
10416000	25
10417000	26
10418000	27
10419000	28
10420000	29
10421000	30
10422000	31
10423000	32
10424000	33
10425000	34
10426000	35
10427000	36
10428000	37
10429000	38
10430000	39
10431000	40
10432000	41
10433000	42
10434000	43
10435000	44
10436000	45
10437000	46
10438000	47
10439000	48
10440000	49
10441000	50
10442000	51
10443000	52
10444000	53
10445000	54
10446000	55
10447000	56
10448000	57
10449000	58
10450000	59
10451000	60
10452000	61
10453000	62
10454000	63
10455000	64
10456000	65
10457000	66
10458000	67
10459000	68
10460000	69
10461000	70
10462000	71
10463000	72
10464000	73
10465000	74
10466000	75
10467000	76
10468000	77
10469000	78
10470000	79
10471000	80
10472000	81
10473000	82
10474000	83
10475000	84
10476000	85
10477000	86
10478000	87
10479000	88
10480000	89
10481000	90
10482000	91
10483000	92
10484000	93
10485000	94
10486000	95
10487000	96
10488000	97
10489000	98
10490000	99
10491000	100
10492000	101
10493000	102
10494000	103
10495000	104
10496000	105
10497000	106
10498000	107
10499000	108
10500000	109
10501000	110
10502000	111
10503000	112
10504000	113
10505000	114
10506000	115
10507000	116
10508000	117
10509000	118
10510000	119
10511000	120
10512000	121
10513000	122
10514000	123
10515000	124
10516000	125
10517000	126
10518000	127
10519000	128
10520000	129
10521000	130
10522000	131
10523000	132
10524000	133
10525000	134
10526000	135
10527000	136
10528000	137
10529000	138
10530000	139
10531000	140
10532000	141
10533000	142
10534000	143
10535000	144
10536000	145
10537000	146
10538000	147
10539000	148
10540000	149
10541000	150
10542000	151
10543000	152
10544000	153
10545000	154
10546000	155
10547000	156
10548000	157
10549000	158
10550000	159
10551000	160
10552000	161
10553000	162
10554000	163
10555000	164
10556000	165
10557000	166
10558000	167
10559000	168
10560000	169
10561000	170
10562000	171
10563000	172
10564000	173
10565000	174
10566000	175
10567000	176
10568000	177
10569000	178
10570000	179
10571000	180
10572000	181
10573000	182
10574000	183
10575000	184
10576000	185
10577000	186
10578000	187
10579000	188
10580000	189
10581000	190
10582000	191
10583000	192
10584000	193
10585000	194
10586000	195
10587000	196
10588000	197
10589000	198
10590000	199
10591000	200
10592000	201
10593000	202
10594000	203
10595000	204
10596000	205
10597000	206
10598000	207
10599000	208
10600000	209
10601000	210
10602000	211
10603000	212
10604000	213
10605000	214
10606000	215
10607000	216
10608000	217
10609000	218
10610000	219
10611000	220
10612000	221
10613000	222
10614000	223
10615000	224
10616000	225
10617000	226
10618000	227
10619000	228
10620000	229
10621000	230
10622000	231
10623000	232
10624000	233
10625000	234
10626000	235
10627000	236
10628000	237
10629000	238
10630000	239
10631000	240
10632000	241
10633000	242
10634000	243
10635000	244
10636000	245
10637000	246
10638000	247
10639000	248
10640000	249
10641000	250
10642000	251
10643000	252
10644000	253
10645000	254
10646000	255
10647000	256
10648000	257
10649000	258
10650000	259
10651000	260
10652000	261
10653000	262
10654000	263
10655000	264
10656000	265
10657000	266
10658000	267
10659000	268
10660000	269
10661000	270
10662000	271
10663000	272
10664000	273
10665000	274
10666000	275
10667000	276
10668000	277
10669000	278
10670000	279
10671000	280
10672000	281
10673000	282
10674000	283
10675000	284
10676000	285
10677000	286
10678000	287
10679000	288
10680000	289
10681000	290
10682000	291
10683000	292
10684000	293
10685000	294
10686000	295
10687000	296
10688000	297
10689000	298
10690000	299
10691000	300
10692000	301
10693000	302
10694000	303
10695000	304
10696000	305
10697000	306
10698000	307
10699000	308
10700000	309
10701000	310
10702000	311
10703000	312
10704000	313
10705000	314
10706000	315
10707000	316
10708000	317
10709000	318
10710000	319
10711000	320
10712000	321
10713000	322
10714000	323
10715000	324
10716000	325
10717000	326
10718000	327
10719000	328
10720000	329
10721000	330
10722000	331
10723000	332
10724000	333
10725000	334
10726000	335
10727000	336
10728000	337
10729000	338
10730000	339
10731000	340
10732000	341
10733000	342
10734000	343
10735000	344
10736000	345
10737000	346
10738000	347
10739000	348
10740000	349
10741000	350
10742000	351
10743000	352
10744000	353
10745000	354
10746000	355
10747000	356
10748000	357
10749000	358
10750000	359
10751000	360
10752000	361
10753000	362
10754000	363
10755000	364
10756000	365
10757000	366
10758000	367
10759000	368
10760000	369
10761000	370
10762000	371
10763000	372
10764000	373
10765000	374
10766000	375
10767000	376
10768000	377
10769000	378
10770000	379
