207176000	0
207177000	1
207178000	2
207179000	3
207180000	4
207181000	5
207182000	6
207183000	7
207184000	8
207185000	9
207186000	10
207187000	11
207188000	12
207189000	13
207190000	14
207191000	15
207192000	16
207193000	17
207194000	18
207195000	19
207196000	20
207197000	21
207198000	22
207199000	23
207200000	24
207201000	25
207202000	26
207203000	27
207204000	28
207205000	29
207206000	30
207207000	31
207208000	32
207209000	33
207210000	34
207211000	35
207212000	36
207213000	37
207214000	38
207215000	39
207216000	40
207217000	41
207218000	42
207219000	43
207220000	44
207221000	45
207222000	46
207223000	47
207224000	48
207225000	49
207226000	50
207227000	51
207228000	52
207229000	53
207230000	54
207231000	55
207232000	56
207233000	57
207234000	58
