100730000	0
100735000	1
100740000	2
100745000	3
100750000	4
100755000	5
100760000	6
100765000	7
100770000	8
100775000	9
100780000	10
100785000	11
100790000	12
100795000	13
100800000	14
100805000	15
100810000	16
100815000	17
100820000	18
100825000	19
100830000	20
100835000	21
100840000	22
100845000	23
100850000	24
100855000	25
100860000	26
100865000	27
100870000	28
100875000	29
100880000	30
100885000	31
100890000	32
100895000	33
100900000	34
100905000	35
100910000	36
100915000	37
100920000	38
100925000	39
100930000	40
100935000	41
100940000	42
100945000	43
100950000	44
100955000	45
100960000	46
100965000	47
