115235000	0
115240000	1
115245000	2
115250000	3
115255000	4
115260000	5
115265000	6
115270000	7
115275000	8
115280000	9
115285000	10
115290000	11
115295000	12
115300000	13
115305000	14
115310000	15
115315000	16
115320000	17
115325000	18
115330000	19
115335000	20
115340000	21
115345000	22
115350000	23
115355000	24
115360000	25
115365000	26
115370000	27
115375000	28
115380000	29
115385000	30
115390000	31
115395000	32
115400000	33
115405000	34
115410000	35
115415000	36
115420000	37
115425000	38
115430000	39
115435000	40
115440000	41
115445000	42
115450000	43
115455000	44
115460000	45
115465000	46
115470000	47
