73055000	0
73060000	1
73065000	2
73070000	3
73075000	4
73080000	5
73085000	6
73090000	7
73095000	8
73100000	9
73105000	10
73110000	11
73115000	12
73120000	13
73125000	14
73130000	15
73135000	16
73140000	17
73145000	18
73150000	19
73155000	20
73160000	21
73165000	22
73170000	23
73175000	24
73180000	25
73185000	26
73190000	27
73195000	28
73200000	29
73205000	30
73210000	31
73215000	32
73220000	33
73225000	34
73230000	35
73235000	36
73240000	37
73245000	38
73250000	39
73255000	40
73260000	41
73265000	42
73270000	43
73275000	44
73280000	45
73285000	46
73290000	47
73295000	48
73300000	49
73305000	50
73310000	51
73315000	52
73320000	53
73325000	54
73330000	55
73335000	56
73340000	57
73345000	58
73350000	59
73355000	60
73360000	61
73365000	62
73370000	63
73375000	64
73380000	65
73385000	66
73390000	67
73395000	68
73400000	69
73405000	70
73410000	71
73415000	72
73420000	73
73425000	74
73430000	75
73435000	76
73440000	77
73445000	78
73450000	79
73455000	80
