32800000	0
32805000	1
32810000	2
32815000	3
32820000	4
32825000	5
32830000	6
32835000	7
32840000	8
32845000	9
32850000	10
32855000	11
32860000	12
32865000	13
32870000	14
32875000	15
32880000	16
32885000	17
32890000	18
32895000	19
32900000	20
32905000	21
32910000	22
32915000	23
32920000	24
32925000	25
32930000	26
32935000	27
32940000	28
32945000	29
32950000	30
32955000	31
32960000	32
32965000	33
32970000	34
32975000	35
32980000	36
32985000	37
32990000	38
32995000	39
33000000	40
33005000	41
33010000	42
33015000	43
33020000	44
33025000	45
33030000	46
33035000	47
33040000	48
33045000	49
33050000	50
33055000	51
33060000	52
33065000	53
33070000	54
33075000	55
33080000	56
33085000	57
33090000	58
33095000	59
33100000	60
33105000	61
33110000	62
33115000	63
33120000	64
33125000	65
33130000	66
33135000	67
33140000	68
33145000	69
33150000	70
33155000	71
33160000	72
33165000	73
33170000	74
33175000	75
33180000	76
33185000	77
33190000	78
33195000	79
33200000	80
33205000	81
33210000	82
