23155000	0
23160000	1
23165000	2
23170000	3
23175000	4
23180000	5
23185000	6
23190000	7
23195000	8
23200000	9
23205000	10
23210000	11
23215000	12
23220000	13
23225000	14
23230000	15
23235000	16
23240000	17
23245000	18
23250000	19
23255000	20
23260000	21
23265000	22
23270000	23
23275000	24
23280000	25
23285000	26
23290000	27
23295000	28
23300000	29
23305000	30
23310000	31
23315000	32
23320000	33
23325000	34
23330000	35
23335000	36
23340000	37
23345000	38
23350000	39
23355000	40
23360000	41
23365000	42
23370000	43
23375000	44
23380000	45
23385000	46
23390000	47
23395000	48
23400000	49
23405000	50
23410000	51
23415000	52
23420000	53
23425000	54
23430000	55
23435000	56
23440000	57
23445000	58
23450000	59
23455000	60
23460000	61
23465000	62
23470000	63
23475000	64
23480000	65
23485000	66
23490000	67
23495000	68
23500000	69
23505000	70
23510000	71
23515000	72
23520000	73
23525000	74
23530000	75
23535000	76
23540000	77
23545000	78
23550000	79
23555000	80
23560000	81
23565000	82
23570000	83
23575000	84
23580000	85
23585000	86
23590000	87
23595000	88
23600000	89
23605000	90
23610000	91
23615000	92
23620000	93
23625000	94
23630000	95
23635000	96
23640000	97
23645000	98
23650000	99
23655000	100
23660000	101
23665000	102
23670000	103
23675000	104
23680000	105
23685000	106
23690000	107
23695000	108
23700000	109
23705000	110
23710000	111
23715000	112
23720000	113
23725000	114
23730000	115
23735000	116
23740000	117
23745000	118
23750000	119
23755000	120
23760000	121
23765000	122
23770000	123
23775000	124
23780000	125
