135220000	0
135225000	1
135230000	2
135235000	3
135240000	4
135245000	5
135250000	6
135255000	7
135260000	8
135265000	9
135270000	10
135275000	11
135280000	12
135285000	13
135290000	14
135295000	15
135300000	16
135305000	17
135310000	18
135315000	19
135320000	20
135325000	21
135330000	22
135335000	23
135340000	24
135345000	25
135350000	26
135355000	27
135360000	28
135365000	29
135370000	30
135375000	31
135380000	32
135385000	33
135390000	34
135395000	35
135400000	36
135405000	37
135410000	38
135415000	39
135420000	40
135425000	41
135430000	42
135435000	43
135440000	44
135445000	45
135450000	46
135455000	47
135460000	48
135465000	49
135470000	50
135475000	51
135480000	52
135485000	53
135490000	54
135495000	55
135500000	56
135505000	57
135510000	58
135515000	59
135520000	60
135525000	61
135530000	62
135535000	63
135540000	64
135545000	65
135550000	66
135555000	67
135560000	68
135565000	69
135570000	70
135575000	71
135580000	72
135585000	73
135590000	74
135595000	75
135600000	76
135605000	77
135610000	78
135615000	79
135620000	80
135625000	81
135630000	82
135635000	83
135640000	84
135645000	85
135650000	86
135655000	87
135660000	88
135665000	89
135670000	90
135675000	91
135680000	92
135685000	93
135690000	94
135695000	95
135700000	96
135705000	97
135710000	98
135715000	99
135720000	100
135725000	101
135730000	102
135735000	103
135740000	104
135745000	105
135750000	106
135755000	107
135760000	108
135765000	109
135770000	110
135775000	111
135780000	112
135785000	113
135790000	114
135795000	115
135800000	116
135805000	117
135810000	118
135815000	119
135820000	120
135825000	121
135830000	122
135835000	123
135840000	124
135845000	125
135850000	126
135855000	127
135860000	128
135865000	129
135870000	130
135875000	131
135880000	132
135885000	133
135890000	134
135895000	135
135900000	136
135905000	137
135910000	138
135915000	139
135920000	140
135925000	141
135930000	142
135935000	143
135940000	144
135945000	145
135950000	146
135955000	147
135960000	148
135965000	149
135970000	150
135975000	151
135980000	152
135985000	153
135990000	154
135995000	155
136000000	156
136005000	157
136010000	158
136015000	159
136020000	160
136025000	161
136030000	162
136035000	163
136040000	164
136045000	165
136050000	166
136055000	167
136060000	168
136065000	169
136070000	170
136075000	171
136080000	172
136085000	173
136090000	174
136095000	175
136100000	176
136105000	177
136110000	178
136115000	179
