52735000	0
52740000	1
52745000	2
52750000	3
52755000	4
52760000	5
52765000	6
52770000	7
52775000	8
52780000	9
52785000	10
52790000	11
52795000	12
52800000	13
52805000	14
52810000	15
52815000	16
52820000	17
52825000	18
52830000	19
52835000	20
52840000	21
52845000	22
52850000	23
52855000	24
52860000	25
52865000	26
52870000	27
52875000	28
52880000	29
52885000	30
52890000	31
52895000	32
52900000	33
52905000	34
52910000	35
52915000	36
52920000	37
52925000	38
52930000	39
52935000	40
52940000	41
52945000	42
52950000	43
52955000	44
52960000	45
52965000	46
