87585000	0
87590000	1
87595000	2
87600000	3
87605000	4
87610000	5
87615000	6
87620000	7
87625000	8
87630000	9
87635000	10
87640000	11
87645000	12
87650000	13
87655000	14
87660000	15
87665000	16
87670000	17
87675000	18
87680000	19
87685000	20
87690000	21
87695000	22
87700000	23
87705000	24
87710000	25
87715000	26
87720000	27
87725000	28
87730000	29
87735000	30
87740000	31
87745000	32
87750000	33
87755000	34
87760000	35
87765000	36
87770000	37
87775000	38
87780000	39
87785000	40
87790000	41
87795000	42
87800000	43
87805000	44
87810000	45
87815000	46
87820000	47
87825000	48
87830000	49
87835000	50
87840000	51
87845000	52
87850000	53
87855000	54
87860000	55
87865000	56
87870000	57
87875000	58
87880000	59
87885000	60
87890000	61
87895000	62
87900000	63
87905000	64
87910000	65
87915000	66
87920000	67
87925000	68
87930000	69
87935000	70
87940000	71
87945000	72
87950000	73
87955000	74
87960000	75
87965000	76
87970000	77
87975000	78
87980000	79
87985000	80
87990000	81
87995000	82
88000000	83
88005000	84
88010000	85
88015000	86
88020000	87
88025000	88
88030000	89
88035000	90
88040000	91
88045000	92
88050000	93
88055000	94
88060000	95
88065000	96
88070000	97
88075000	98
88080000	99
88085000	100
88090000	101
88095000	102
88100000	103
88105000	104
88110000	105
88115000	106
88120000	107
88125000	108
88130000	109
88135000	110
88140000	111
88145000	112
88150000	113
88155000	114
88160000	115
88165000	116
88170000	117
88175000	118
