167675000	0
167680000	1
167685000	2
167690000	3
167695000	4
167700000	5
167705000	6
167710000	7
167715000	8
167720000	9
167725000	10
167730000	11
167735000	12
167740000	13
167745000	14
167750000	15
167755000	16
167760000	17
167765000	18
167770000	19
167775000	20
167780000	21
167785000	22
167790000	23
167795000	24
167800000	25
167805000	26
167810000	27
167815000	28
167820000	29
167825000	30
167830000	31
167835000	32
167840000	33
167845000	34
167850000	35
167855000	36
167860000	37
167865000	38
167870000	39
167875000	40
167880000	41
167885000	42
167890000	43
167895000	44
167900000	45
167905000	46
167910000	47
167915000	48
167920000	49
167925000	50
167930000	51
167935000	52
167940000	53
167945000	54
167950000	55
167955000	56
167960000	57
167965000	58
167970000	59
167975000	60
167980000	61
167985000	62
167990000	63
167995000	64
168000000	65
168005000	66
168010000	67
168015000	68
168020000	69
168025000	70
168030000	71
168035000	72
168040000	73
168045000	74
168050000	75
168055000	76
168060000	77
168065000	78
168070000	79
168075000	80
168080000	81
168085000	82
168090000	83
168095000	84
168100000	85
168105000	86
168110000	87
168115000	88
168120000	89
168125000	90
168130000	91
168135000	92
168140000	93
168145000	94
168150000	95
168155000	96
168160000	97
168165000	98
168170000	99
168175000	100
168180000	101
168185000	102
168190000	103
168195000	104
168200000	105
168205000	106
168210000	107
168215000	108
168220000	109
168225000	110
168230000	111
168235000	112
168240000	113
168245000	114
168250000	115
168255000	116
168260000	117
168265000	118
168270000	119
168275000	120
168280000	121
168285000	122
168290000	123
168295000	124
168300000	125
168305000	126
168310000	127
168315000	128
168320000	129
168325000	130
168330000	131
168335000	132
168340000	133
168345000	134
168350000	135
168355000	136
168360000	137
168365000	138
168370000	139
168375000	140
168380000	141
168385000	142
168390000	143
168395000	144
168400000	145
168405000	146
168410000	147
168415000	148
168420000	149
168425000	150
168430000	151
168435000	152
168440000	153
168445000	154
168450000	155
168455000	156
168460000	157
168465000	158
168470000	159
168475000	160
168480000	161
168485000	162
168490000	163
168495000	164
168500000	165
168505000	166
168510000	167
168515000	168
168520000	169
168525000	170
168530000	171
168535000	172
168540000	173
168545000	174
168550000	175
168555000	176
168560000	177
168565000	178
168570000	179
168575000	180
168580000	181
168585000	182
168590000	183
168595000	184
168600000	185
168605000	186
168610000	187
168615000	188
168620000	189
168625000	190
168630000	191
168635000	192
168640000	193
168645000	194
168650000	195
168655000	196
168660000	197
168665000	198
168670000	199
168675000	200
168680000	201
168685000	202
168690000	203
168695000	204
168700000	205
168705000	206
168710000	207
168715000	208
168720000	209
168725000	210
168730000	211
168735000	212
168740000	213
168745000	214
168750000	215
168755000	216
168760000	217
168765000	218
168770000	219
168775000	220
168780000	221
168785000	222
168790000	223
168795000	224
168800000	225
168805000	226
168810000	227
168815000	228
168820000	229
168825000	230
168830000	231
168835000	232
168840000	233
168845000	234
168850000	235
168855000	236
168860000	237
168865000	238
168870000	239
168875000	240
168880000	241
168885000	242
168890000	243
168895000	244
168900000	245
168905000	246
168910000	247
168915000	248
168920000	249
168925000	250
168930000	251
168935000	252
168940000	253
168945000	254
168950000	255
168955000	256
168960000	257
168965000	258
168970000	259
168975000	260
168980000	261
168985000	262
168990000	263
168995000	264
169000000	265
169005000	266
169010000	267
169015000	268
169020000	269
169025000	270
169030000	271
169035000	272
169040000	273
169045000	274
169050000	275
169055000	276
169060000	277
169065000	278
169070000	279
169075000	280
169080000	281
169085000	282
169090000	283
169095000	284
169100000	285
169105000	286
169110000	287
169115000	288
169120000	289
169125000	290
169130000	291
169135000	292
169140000	293
169145000	294
169150000	295
169155000	296
169160000	297
169165000	298
169170000	299
169175000	300
169180000	301
169185000	302
169190000	303
169195000	304
169200000	305
169205000	306
169210000	307
169215000	308
169220000	309
169225000	310
169230000	311
169235000	312
169240000	313
169245000	314
169250000	315
169255000	316
169260000	317
169265000	318
169270000	319
169275000	320
169280000	321
169285000	322
169290000	323
169295000	324
169300000	325
169305000	326
169310000	327
169315000	328
169320000	329
169325000	330
169330000	331
169335000	332
169340000	333
169345000	334
169350000	335
169355000	336
169360000	337
169365000	338
169370000	339
169375000	340
169380000	341
169385000	342
169390000	343
169395000	344
169400000	345
169405000	346
169410000	347
169415000	348
169420000	349
169425000	350
169430000	351
