10000	0
15000	1
20000	2
25000	3
30000	4
35000	5
40000	6
45000	7
50000	8
55000	9
60000	10
65000	11
70000	12
75000	13
80000	14
85000	15
90000	16
95000	17
100000	18
105000	19
110000	20
115000	21
120000	22
125000	23
130000	24
135000	25
140000	26
145000	27
150000	28
155000	29
160000	30
165000	31
170000	32
175000	33
180000	34
185000	35
190000	36
195000	37
200000	38
205000	39
210000	40
215000	41
220000	42
225000	43
230000	44
235000	45
240000	46
245000	47
250000	48
255000	49
260000	50
265000	51
270000	52
275000	53
280000	54
285000	55
290000	56
295000	57
300000	58
305000	59
310000	60
315000	61
320000	62
325000	63
330000	64
335000	65
340000	66
345000	67
350000	68
355000	69
360000	70
365000	71
370000	72
375000	73
380000	74
385000	75
390000	76
395000	77
400000	78
405000	79
410000	80
415000	81
420000	82
425000	83
430000	84
435000	85
440000	86
445000	87
450000	88
455000	89
460000	90
465000	91
470000	92
