38235000	0
38240000	1
38245000	2
38250000	3
38255000	4
38260000	5
38265000	6
38270000	7
38275000	8
38280000	9
38285000	10
38290000	11
38295000	12
38300000	13
38305000	14
38310000	15
38315000	16
38320000	17
38325000	18
38330000	19
38335000	20
38340000	21
38345000	22
38350000	23
38355000	24
38360000	25
38365000	26
38370000	27
38375000	28
38380000	29
38385000	30
38390000	31
38395000	32
38400000	33
38405000	34
38410000	35
38415000	36
38420000	37
38425000	38
38430000	39
38435000	40
38440000	41
38445000	42
38450000	43
38455000	44
38460000	45
38465000	46
38470000	47
38475000	48
38480000	49
38485000	50
38490000	51
38495000	52
38500000	53
38505000	54
38510000	55
38515000	56
38520000	57
38525000	58
38530000	59
38535000	60
38540000	61
38545000	62
38550000	63
38555000	64
38560000	65
38565000	66
38570000	67
38575000	68
38580000	69
38585000	70
38590000	71
38595000	72
38600000	73
38605000	74
38610000	75
38615000	76
38620000	77
38625000	78
38630000	79
38635000	80
38640000	81
38645000	82
38650000	83
38655000	84
38660000	85
38665000	86
38670000	87
38675000	88
38680000	89
38685000	90
38690000	91
38695000	92
38700000	93
38705000	94
38710000	95
38715000	96
38720000	97
38725000	98
38730000	99
38735000	100
38740000	101
38745000	102
38750000	103
38755000	104
38760000	105
38765000	106
38770000	107
38775000	108
38780000	109
38785000	110
38790000	111
38795000	112
38800000	113
38805000	114
38810000	115
38815000	116
