96520000	0
96525000	1
96530000	2
96535000	3
96540000	4
96545000	5
96550000	6
96555000	7
96560000	8
96565000	9
96570000	10
96575000	11
96580000	12
96585000	13
96590000	14
96595000	15
96600000	16
96605000	17
96610000	18
96615000	19
96620000	20
96625000	21
96630000	22
96635000	23
96640000	24
96645000	25
96650000	26
96655000	27
96660000	28
96665000	29
96670000	30
96675000	31
96680000	32
96685000	33
96690000	34
96695000	35
96700000	36
96705000	37
96710000	38
96715000	39
96720000	40
96725000	41
96730000	42
96735000	43
96740000	44
96745000	45
96750000	46
96755000	47
96760000	48
96765000	49
96770000	50
96775000	51
96780000	52
96785000	53
96790000	54
96795000	55
96800000	56
96805000	57
96810000	58
96815000	59
96820000	60
96825000	61
96830000	62
96835000	63
96840000	64
96845000	65
96855000	66
96860000	67
96865000	68
96870000	69
96875000	70
96880000	71
