107805000	0
107810000	1
107815000	2
107820000	3
107825000	4
107830000	5
107835000	6
107840000	7
107845000	8
107850000	9
107855000	10
107860000	11
107865000	12
107870000	13
107875000	14
107880000	15
107885000	16
107890000	17
107895000	18
107900000	19
107905000	20
107910000	21
107915000	22
107920000	23
107925000	24
107930000	25
107935000	26
107940000	27
107945000	28
107950000	29
107955000	30
107960000	31
107965000	32
107970000	33
107975000	34
107980000	35
107985000	36
107990000	37
107995000	38
108000000	39
108005000	40
108010000	41
108015000	42
108020000	43
108025000	44
108030000	45
108035000	46
108040000	47
108045000	48
108050000	49
108055000	50
108060000	51
108065000	52
108070000	53
108075000	54
108080000	55
108085000	56
108090000	57
108095000	58
108100000	59
108105000	60
108110000	61
108115000	62
108120000	63
108125000	64
108130000	65
108135000	66
108140000	67
108145000	68
108150000	69
108155000	70
108160000	71
108165000	72
108170000	73
108175000	74
108180000	75
108185000	76
108190000	77
108195000	78
108200000	79
108205000	80
108210000	81
108215000	82
108220000	83
108225000	84
108230000	85
108235000	86
108240000	87
108245000	88
108250000	89
