44800000	0
44805000	1
44810000	2
44815000	3
44820000	4
44825000	5
44830000	6
44835000	7
44840000	8
44845000	9
44850000	10
44855000	11
44860000	12
44865000	13
44870000	14
44875000	15
44880000	16
44885000	17
44890000	18
44895000	19
44900000	20
44905000	21
44910000	22
44915000	23
44920000	24
44925000	25
44930000	26
44935000	27
44940000	28
44945000	29
44950000	30
44955000	31
44960000	32
44965000	33
44970000	34
44975000	35
44980000	36
44985000	37
44990000	38
44995000	39
45000000	40
45005000	41
45010000	42
45015000	43
45020000	44
45025000	45
45030000	46
45035000	47
45040000	48
45045000	49
45050000	50
45055000	51
45060000	52
45065000	53
45070000	54
45075000	55
45080000	56
45085000	57
45090000	58
45095000	59
45100000	60
45105000	61
45110000	62
45115000	63
45120000	64
45125000	65
45130000	66
45135000	67
45140000	68
45145000	69
45150000	70
45155000	71
45160000	72
45165000	73
45170000	74
45175000	75
45180000	76
45185000	77
45190000	78
45195000	79
45200000	80
45205000	81
45210000	82
45215000	83
45220000	84
45225000	85
45230000	86
45235000	87
45240000	88
45245000	89
45250000	90
45255000	91
45260000	92
45265000	93
45270000	94
45275000	95
45280000	96
45285000	97
45290000	98
45295000	99
45300000	100
45305000	101
45310000	102
45315000	103
45320000	104
45325000	105
45330000	106
45335000	107
45340000	108
45345000	109
45350000	110
45355000	111
45360000	112
45365000	113
45370000	114
45375000	115
45380000	116
45385000	117
45390000	118
45395000	119
45400000	120
45405000	121
45410000	122
45415000	123
45420000	124
45425000	125
45430000	126
45435000	127
45440000	128
45445000	129
45450000	130
45455000	131
45460000	132
45465000	133
45470000	134
45475000	135
45480000	136
45485000	137
45490000	138
45495000	139
45500000	140
45505000	141
45510000	142
45515000	143
45520000	144
45525000	145
45530000	146
45535000	147
45540000	148
45545000	149
45550000	150
45555000	151
45560000	152
45565000	153
45570000	154
45575000	155
45580000	156
45585000	157
45590000	158
45595000	159
45600000	160
45605000	161
45610000	162
45615000	163
45620000	164
45625000	165
45630000	166
45635000	167
45640000	168
45645000	169
45650000	170
45655000	171
45665000	172
45670000	173
45675000	174
45680000	175
45685000	176
45690000	177
45695000	178
45700000	179
45705000	180
45710000	181
45715000	182
45720000	183
45725000	184
45730000	185
45735000	186
45740000	187
45745000	188
45750000	189
45755000	190
45760000	191
45765000	192
45770000	193
45775000	194
45780000	195
45785000	196
45790000	197
45795000	198
45800000	199
45805000	200
45810000	201
45815000	202
45820000	203
45825000	204
45830000	205
45835000	206
45840000	207
45845000	208
45850000	209
45855000	210
45860000	211
45865000	212
45870000	213
45875000	214
45880000	215
45885000	216
45890000	217
45895000	218
45900000	219
45905000	220
45910000	221
45915000	222
45920000	223
45925000	224
45930000	225
45935000	226
45940000	227
45945000	228
45950000	229
45955000	230
45960000	231
45965000	232
45970000	233
45975000	234
45980000	235
45985000	236
45990000	237
45995000	238
46000000	239
46005000	240
46010000	241
46015000	242
46020000	243
46025000	244
46030000	245
