109525000	0
109530000	1
109535000	2
109540000	3
109545000	4
109550000	5
109555000	6
109560000	7
109565000	8
109570000	9
109575000	10
109580000	11
109585000	12
109590000	13
109595000	14
109600000	15
109605000	16
109610000	17
109615000	18
109620000	19
109625000	20
109630000	21
109635000	22
109640000	23
109645000	24
109650000	25
109655000	26
109660000	27
109665000	28
109670000	29
109675000	30
109680000	31
109685000	32
109690000	33
109695000	34
109700000	35
109705000	36
109710000	37
109715000	38
109720000	39
109725000	40
109730000	41
109735000	42
