47390000	0
47395000	1
47400000	2
47405000	3
47410000	4
47415000	5
47420000	6
47425000	7
47430000	8
47435000	9
47440000	10
47445000	11
47450000	12
47455000	13
47460000	14
47465000	15
47470000	16
47475000	17
47480000	18
47485000	19
47490000	20
47495000	21
47500000	22
47505000	23
47510000	24
47515000	25
47520000	26
47525000	27
47530000	28
47535000	29
47540000	30
47545000	31
47550000	32
47555000	33
47560000	34
47565000	35
47570000	36
47575000	37
47580000	38
47585000	39
47590000	40
47595000	41
47600000	42
47605000	43
47610000	44
47615000	45
47620000	46
47625000	47
47630000	48
47635000	49
47640000	50
47645000	51
47650000	52
47655000	53
47660000	54
47665000	55
47670000	56
47675000	57
47680000	58
47685000	59
47690000	60
47695000	61
47700000	62
47705000	63
47710000	64
47715000	65
47720000	66
47725000	67
47730000	68
47735000	69
47740000	70
47745000	71
47750000	72
47755000	73
47760000	74
47765000	75
47770000	76
47775000	77
47780000	78
47785000	79
47790000	80
47795000	81
47800000	82
47805000	83
47810000	84
47815000	85
47820000	86
47825000	87
47830000	88
47835000	89
47840000	90
47845000	91
47850000	92
47855000	93
47860000	94
47865000	95
47870000	96
47875000	97
47880000	98
47885000	99
47890000	100
47895000	101
47900000	102
47905000	103
47910000	104
47915000	105
47920000	106
47925000	107
47930000	108
47935000	109
47940000	110
47945000	111
47950000	112
47955000	113
47960000	114
47965000	115
47970000	116
47975000	117
47980000	118
47985000	119
47990000	120
47995000	121
48000000	122
48005000	123
48010000	124
48015000	125
48020000	126
