39845000	0
39850000	1
39855000	2
39860000	3
39865000	4
39870000	5
39875000	6
39880000	7
39885000	8
39890000	9
39895000	10
39900000	11
39905000	12
39910000	13
39915000	14
39920000	15
39925000	16
39930000	17
39935000	18
39940000	19
39945000	20
39950000	21
39955000	22
39960000	23
39965000	24
39970000	25
39975000	26
39980000	27
39985000	28
39990000	29
39995000	30
40000000	31
40005000	32
40010000	33
40015000	34
40020000	35
40025000	36
40030000	37
40035000	38
40040000	39
40045000	40
40050000	41
40055000	42
40060000	43
40065000	44
40070000	45
