38405000	0
38410000	1
38415000	2
38420000	3
38425000	4
38430000	5
38435000	6
38440000	7
38445000	8
38450000	9
38455000	10
38460000	11
38465000	12
38470000	13
38475000	14
38480000	15
38485000	16
38490000	17
38495000	18
38500000	19
38505000	20
38510000	21
38515000	22
38520000	23
38525000	24
38530000	25
38535000	26
38540000	27
38545000	28
38550000	29
38555000	30
38560000	31
38565000	32
38570000	33
38575000	34
38580000	35
38585000	36
38590000	37
38595000	38
38600000	39
38605000	40
38610000	41
38615000	42
38620000	43
38625000	44
38630000	45
38635000	46
38640000	47
38645000	48
38650000	49
38655000	50
38660000	51
38665000	52
38670000	53
38675000	54
38680000	55
38685000	56
38690000	57
38695000	58
38700000	59
38705000	60
38710000	61
38715000	62
38720000	63
38725000	64
38730000	65
38735000	66
38740000	67
38745000	68
38750000	69
38755000	70
38760000	71
38765000	72
38770000	73
38775000	74
38780000	75
38785000	76
38790000	77
38795000	78
38800000	79
38805000	80
38810000	81
38815000	82
38820000	83
38825000	84
38830000	85
38835000	86
38840000	87
38845000	88
38850000	89
38855000	90
38860000	91
38865000	92
38870000	93
38875000	94
38880000	95
38885000	96
38890000	97
38895000	98
38900000	99
38905000	100
38910000	101
38915000	102
38920000	103
38925000	104
38930000	105
38935000	106
38940000	107
38945000	108
38950000	109
38955000	110
38960000	111
38965000	112
38970000	113
38975000	114
38980000	115
38985000	116
38990000	117
38995000	118
39000000	119
39005000	120
39010000	121
39015000	122
39020000	123
39025000	124
39030000	125
39035000	126
39040000	127
39045000	128
39050000	129
39055000	130
39060000	131
39065000	132
39070000	133
39075000	134
39080000	135
39085000	136
39090000	137
39095000	138
39100000	139
39105000	140
39110000	141
39115000	142
39120000	143
39125000	144
39130000	145
39135000	146
39140000	147
39145000	148
39150000	149
39155000	150
39160000	151
39165000	152
39170000	153
39175000	154
39180000	155
39185000	156
39190000	157
39195000	158
39200000	159
39205000	160
39210000	161
39215000	162
39220000	163
39225000	164
39230000	165
39235000	166
39240000	167
39245000	168
39250000	169
39255000	170
39260000	171
39265000	172
39270000	173
39275000	174
39280000	175
39285000	176
39290000	177
39295000	178
39300000	179
39305000	180
39310000	181
39315000	182
39320000	183
39325000	184
39330000	185
39335000	186
39340000	187
39345000	188
39350000	189
39355000	190
39360000	191
39365000	192
39370000	193
39375000	194
39380000	195
39385000	196
39390000	197
39395000	198
39400000	199
39405000	200
39410000	201
39415000	202
39420000	203
39425000	204
39430000	205
39435000	206
39440000	207
39445000	208
39450000	209
39455000	210
39460000	211
39465000	212
39470000	213
39475000	214
39480000	215
39485000	216
39490000	217
39495000	218
39500000	219
39505000	220
39510000	221
39515000	222
39520000	223
39525000	224
39530000	225
39535000	226
39540000	227
39545000	228
39550000	229
39555000	230
39560000	231
39565000	232
39570000	233
39575000	234
39580000	235
39585000	236
39590000	237
39595000	238
39600000	239
39605000	240
39610000	241
39615000	242
39620000	243
39625000	244
39630000	245
39635000	246
39640000	247
39645000	248
39650000	249
39655000	250
39660000	251
39665000	252
39670000	253
39675000	254
39680000	255
39685000	256
39690000	257
39695000	258
39700000	259
39705000	260
39710000	261
39715000	262
39720000	263
39725000	264
39730000	265
