177510000	0
177515000	1
177520000	2
177525000	3
177530000	4
177535000	5
177540000	6
177545000	7
177550000	8
177555000	9
177560000	10
177565000	11
177570000	12
177575000	13
177580000	14
177585000	15
177590000	16
177595000	17
177600000	18
177605000	19
177610000	20
177615000	21
177620000	22
177625000	23
177630000	24
177635000	25
177640000	26
177645000	27
177650000	28
177655000	29
177660000	30
177665000	31
177670000	32
177675000	33
177680000	34
177685000	35
177690000	36
177695000	37
177700000	38
177705000	39
177710000	40
177715000	41
177720000	42
177725000	43
177730000	44
177735000	45
177740000	46
177745000	47
177750000	48
177755000	49
177760000	50
177765000	51
177770000	52
177775000	53
177780000	54
177785000	55
177790000	56
177795000	57
177800000	58
177805000	59
177810000	60
177815000	61
177820000	62
177825000	63
177830000	64
177835000	65
177840000	66
177845000	67
177850000	68
177855000	69
177860000	70
177865000	71
177870000	72
177875000	73
177880000	74
177885000	75
177890000	76
177895000	77
177900000	78
177905000	79
177910000	80
177915000	81
177920000	82
177925000	83
177930000	84
177935000	85
177940000	86
177945000	87
177950000	88
177955000	89
177960000	90
177965000	91
177970000	92
177975000	93
177980000	94
177985000	95
177990000	96
177995000	97
178000000	98
178005000	99
178010000	100
