26825000	0
26830000	1
26835000	2
26840000	3
26845000	4
26850000	5
26855000	6
26860000	7
26865000	8
26870000	9
26875000	10
26880000	11
26885000	12
26890000	13
26895000	14
26900000	15
26905000	16
26910000	17
26915000	18
26920000	19
26925000	20
26930000	21
26935000	22
26940000	23
26945000	24
26950000	25
26955000	26
26960000	27
26965000	28
26970000	29
26975000	30
26980000	31
26985000	32
26990000	33
26995000	34
27000000	35
27005000	36
27010000	37
27015000	38
27020000	39
27025000	40
27030000	41
27035000	42
27040000	43
27045000	44
27050000	45
27055000	46
27060000	47
27065000	48
27070000	49
27075000	50
27080000	51
27085000	52
27090000	53
27095000	54
27100000	55
27105000	56
27110000	57
27115000	58
27120000	59
27125000	60
27130000	61
27135000	62
27140000	63
27145000	64
27150000	65
27155000	66
27160000	67
27165000	68
27170000	69
27175000	70
27180000	71
27185000	72
27190000	73
27195000	74
27200000	75
27205000	76
27210000	77
27215000	78
27220000	79
27225000	80
27230000	81
27235000	82
27240000	83
27245000	84
27250000	85
27255000	86
27260000	87
27265000	88
27270000	89
27275000	90
27280000	91
27285000	92
27290000	93
27295000	94
27300000	95
27305000	96
27310000	97
27315000	98
27320000	99
27325000	100
27330000	101
27335000	102
27340000	103
27345000	104
27350000	105
27355000	106
27360000	107
27365000	108
27370000	109
27375000	110
27380000	111
27385000	112
27390000	113
27395000	114
27400000	115
27405000	116
27410000	117
27415000	118
27420000	119
27425000	120
27430000	121
27435000	122
27440000	123
27445000	124
27450000	125
27455000	126
27460000	127
27465000	128
27470000	129
27475000	130
