148675000	0
148680000	1
148685000	2
148690000	3
148695000	4
148700000	5
148705000	6
148710000	7
148715000	8
148720000	9
148725000	10
148730000	11
148735000	12
148740000	13
148745000	14
148750000	15
148755000	16
148760000	17
148765000	18
148770000	19
148775000	20
148780000	21
148785000	22
148790000	23
148795000	24
148800000	25
148805000	26
148810000	27
148815000	28
148820000	29
148825000	30
148830000	31
148835000	32
148840000	33
148845000	34
148850000	35
148855000	36
148860000	37
148865000	38
148870000	39
148875000	40
148880000	41
148885000	42
148890000	43
148895000	44
148900000	45
148905000	46
148910000	47
148915000	48
148920000	49
148925000	50
148930000	51
148935000	52
148940000	53
148945000	54
148950000	55
148955000	56
148960000	57
148965000	58
148970000	59
148975000	60
148980000	61
148985000	62
148990000	63
148995000	64
149000000	65
149005000	66
149010000	67
149015000	68
149020000	69
149025000	70
149030000	71
149035000	72
149040000	73
149045000	74
149050000	75
149055000	76
149060000	77
149065000	78
149070000	79
149075000	80
149080000	81
149085000	82
149090000	83
149095000	84
149100000	85
149105000	86
149110000	87
149115000	88
149120000	89
149125000	90
149130000	91
149135000	92
149140000	93
149145000	94
149150000	95
149155000	96
149160000	97
149165000	98
149170000	99
149175000	100
149180000	101
149185000	102
149190000	103
149195000	104
149200000	105
149205000	106
149210000	107
149215000	108
149220000	109
149225000	110
149230000	111
149235000	112
149240000	113
149245000	114
149250000	115
149255000	116
149260000	117
149265000	118
149270000	119
