185670000	0
185675000	1
185680000	2
185685000	3
185690000	4
185695000	5
185700000	6
185705000	7
185710000	8
185715000	9
185720000	10
185725000	11
185730000	12
185735000	13
185740000	14
185745000	15
185750000	16
185755000	17
185760000	18
185765000	19
185770000	20
185775000	21
185780000	22
185785000	23
185790000	24
185795000	25
185800000	26
185805000	27
185810000	28
185815000	29
185820000	30
185825000	31
185830000	32
185835000	33
185840000	34
185845000	35
185850000	36
185855000	37
185860000	38
185865000	39
185870000	40
185875000	41
185880000	42
185885000	43
185890000	44
185895000	45
185900000	46
185905000	47
185910000	48
185915000	49
185920000	50
185925000	51
185930000	52
185935000	53
185940000	54
185945000	55
185950000	56
185955000	57
185960000	58
185965000	59
185970000	60
185975000	61
185980000	62
185985000	63
185990000	64
185995000	65
186000000	66
186005000	67
186010000	68
186015000	69
186020000	70
186025000	71
186030000	72
186035000	73
186040000	74
186045000	75
186050000	76
186055000	77
186060000	78
186065000	79
186070000	80
186075000	81
186080000	82
186085000	83
186090000	84
186095000	85
186100000	86
186105000	87
186110000	88
186115000	89
186120000	90
186125000	91
186130000	92
186135000	93
186140000	94
186145000	95
186150000	96
186155000	97
186160000	98
186165000	99
186170000	100
186175000	101
186180000	102
186185000	103
186190000	104
186195000	105
186200000	106
186205000	107
186210000	108
186215000	109
186220000	110
186225000	111
