85291000	0
85292000	1
85293000	2
85294000	3
85295000	4
85296000	5
85297000	6
85298000	7
85299000	8
85300000	9
85301000	10
85302000	11
85303000	12
85304000	13
85305000	14
85306000	15
85307000	16
85308000	17
85309000	18
85310000	19
85311000	20
85312000	21
85313000	22
85314000	23
85315000	24
85316000	25
85317000	26
85318000	27
85319000	28
85320000	29
85321000	30
85322000	31
85323000	32
85324000	33
85325000	34
85326000	35
85327000	36
85328000	37
85329000	38
85330000	39
85331000	40
85332000	41
85333000	42
85334000	43
85335000	44
85336000	45
85337000	46
85338000	47
85339000	48
85340000	49
85341000	50
85342000	51
85343000	52
85344000	53
85345000	54
85346000	55
85347000	56
85348000	57
85349000	58
85350000	59
85351000	60
85352000	61
85353000	62
85354000	63
85355000	64
85356000	65
85357000	66
85358000	67
85359000	68
85360000	69
85361000	70
85362000	71
85363000	72
85364000	73
85365000	74
85366000	75
85367000	76
85368000	77
85369000	78
85370000	79
85371000	80
85372000	81
85373000	82
85374000	83
85375000	84
85376000	85
85377000	86
85378000	87
85379000	88
85380000	89
85381000	90
85382000	91
85383000	92
85384000	93
85385000	94
85386000	95
85387000	96
85388000	97
85389000	98
85390000	99
85391000	100
85392000	101
85393000	102
85394000	103
85395000	104
85396000	105
85397000	106
85398000	107
85399000	108
85400000	109
85401000	110
85402000	111
85403000	112
85404000	113
85405000	114
85406000	115
85407000	116
85408000	117
85409000	118
85410000	119
85411000	120
85412000	121
85413000	122
85414000	123
85415000	124
85416000	125
85417000	126
85418000	127
85419000	128
85420000	129
85421000	130
85422000	131
85423000	132
85424000	133
85425000	134
85426000	135
85427000	136
85428000	137
85429000	138
85430000	139
85431000	140
85432000	141
85433000	142
85434000	143
85435000	144
85436000	145
85437000	146
85438000	147
85439000	148
85440000	149
85441000	150
85442000	151
85443000	152
85444000	153
85445000	154
85446000	155
85447000	156
85448000	157
85449000	158
85450000	159
85451000	160
85452000	161
85453000	162
85454000	163
85455000	164
85456000	165
85457000	166
85458000	167
85459000	168
85460000	169
85461000	170
85462000	171
85463000	172
85464000	173
85465000	174
85466000	175
85467000	176
85468000	177
85469000	178
85470000	179
85471000	180
85472000	181
85473000	182
85474000	183
85475000	184
85476000	185
85477000	186
85478000	187
85479000	188
85480000	189
85481000	190
85482000	191
85483000	192
85484000	193
85485000	194
85486000	195
85487000	196
85488000	197
85489000	198
85490000	199
85491000	200
85492000	201
85493000	202
85494000	203
85495000	204
85496000	205
85497000	206
85498000	207
85499000	208
85500000	209
85501000	210
85502000	211
85503000	212
85504000	213
85505000	214
85506000	215
85507000	216
85508000	217
85509000	218
85510000	219
85511000	220
85512000	221
85513000	222
85514000	223
85515000	224
85516000	225
85517000	226
85518000	227
85519000	228
85520000	229
85521000	230
85522000	231
85523000	232
85524000	233
85525000	234
85526000	235
85527000	236
85528000	237
85529000	238
85530000	239
85531000	240
85532000	241
85533000	242
85534000	243
85535000	244
85536000	245
85537000	246
85538000	247
85539000	248
85540000	249
85541000	250
85542000	251
85543000	252
85544000	253
85545000	254
85546000	255
85547000	256
85548000	257
85549000	258
85550000	259
85551000	260
85552000	261
85553000	262
85554000	263
85555000	264
85556000	265
85557000	266
85558000	267
85559000	268
85560000	269
85561000	270
85562000	271
85563000	272
85564000	273
85565000	274
85566000	275
85567000	276
85568000	277
85569000	278
85570000	279
85571000	280
85572000	281
85573000	282
85574000	283
85575000	284
85576000	285
85577000	286
85578000	287
85579000	288
85580000	289
85581000	290
85582000	291
85583000	292
85584000	293
85585000	294
85586000	295
85587000	296
85588000	297
85589000	298
85590000	299
85591000	300
85592000	301
85593000	302
85594000	303
85595000	304
85596000	305
85597000	306
85598000	307
85599000	308
85600000	309
85601000	310
85602000	311
85603000	312
85604000	313
85605000	314
85606000	315
85607000	316
85608000	317
85609000	318
85610000	319
85611000	320
85612000	321
85613000	322
85614000	323
85615000	324
85616000	325
85617000	326
85618000	327
85619000	328
85620000	329
85621000	330
85622000	331
85623000	332
85624000	333
85625000	334
85626000	335
85627000	336
85628000	337
85629000	338
85630000	339
85631000	340
85632000	341
85633000	342
85634000	343
85635000	344
85636000	345
85637000	346
85638000	347
85639000	348
85640000	349
85641000	350
85642000	351
85643000	352
85644000	353
85645000	354
