47495000	0
47500000	1
47505000	2
47510000	3
47515000	4
47520000	5
47525000	6
47530000	7
47535000	8
47540000	9
47545000	10
47550000	11
47555000	12
47560000	13
47565000	14
47570000	15
47575000	16
47580000	17
47585000	18
47590000	19
47595000	20
47600000	21
47605000	22
47610000	23
47615000	24
47620000	25
47625000	26
47630000	27
47635000	28
47640000	29
47645000	30
47650000	31
47655000	32
47660000	33
47665000	34
47670000	35
47675000	36
47680000	37
47685000	38
47690000	39
47695000	40
47700000	41
47705000	42
47710000	43
47715000	44
47720000	45
47725000	46
47730000	47
47735000	48
47740000	49
47745000	50
47750000	51
47755000	52
47760000	53
47765000	54
47770000	55
47775000	56
47780000	57
47785000	58
47790000	59
47795000	60
47800000	61
47805000	62
47810000	63
47815000	64
47820000	65
47825000	66
47830000	67
47835000	68
47840000	69
47845000	70
47850000	71
47855000	72
47860000	73
47865000	74
47870000	75
47875000	76
47880000	77
47885000	78
47890000	79
47895000	80
47900000	81
47905000	82
47910000	83
47915000	84
47920000	85
