66660000	0
66665000	1
66670000	2
66675000	3
66680000	4
66685000	5
66690000	6
66695000	7
66700000	8
66705000	9
66710000	10
66715000	11
66720000	12
66725000	13
66730000	14
66735000	15
66740000	16
66745000	17
66750000	18
66755000	19
66760000	20
66765000	21
66770000	22
66775000	23
66780000	24
66785000	25
66790000	26
66795000	27
66800000	28
66805000	29
66810000	30
66815000	31
66820000	32
66825000	33
66830000	34
66835000	35
66840000	36
66845000	37
66850000	38
66855000	39
66860000	40
66865000	41
66870000	42
66875000	43
66880000	44
66885000	45
66890000	46
66895000	47
66900000	48
66905000	49
66910000	50
66915000	51
66920000	52
66925000	53
66930000	54
66935000	55
66940000	56
66945000	57
66950000	58
66955000	59
66960000	60
