18370000	0
18375000	1
18380000	2
18385000	3
18390000	4
18395000	5
18400000	6
18405000	7
18410000	8
18415000	9
18420000	10
18425000	11
18430000	12
18435000	13
18440000	14
18445000	15
18450000	16
18455000	17
18460000	18
18465000	19
18470000	20
18475000	21
18480000	22
18485000	23
18490000	24
18495000	25
18500000	26
18505000	27
18510000	28
18515000	29
18520000	30
18525000	31
18530000	32
18535000	33
18540000	34
18545000	35
18550000	36
18555000	37
18560000	38
18565000	39
18570000	40
18575000	41
18580000	42
18585000	43
18590000	44
18595000	45
18600000	46
18605000	47
18610000	48
18615000	49
18620000	50
18625000	51
18630000	52
18635000	53
18640000	54
18645000	55
18650000	56
18655000	57
18660000	58
18665000	59
18670000	60
18675000	61
18680000	62
18685000	63
18690000	64
18695000	65
18700000	66
18705000	67
18710000	68
18715000	69
18720000	70
18725000	71
18730000	72
18735000	73
18740000	74
18745000	75
18750000	76
18755000	77
18760000	78
18765000	79
18770000	80
18775000	81
18780000	82
18785000	83
18790000	84
18795000	85
18800000	86
18805000	87
18810000	88
18815000	89
18820000	90
18825000	91
18830000	92
18835000	93
18840000	94
18845000	95
18850000	96
18855000	97
18860000	98
18865000	99
18870000	100
18875000	101
18880000	102
18885000	103
18890000	104
18895000	105
18900000	106
18905000	107
18910000	108
18915000	109
18920000	110
18925000	111
18930000	112
18935000	113
18940000	114
18945000	115
18950000	116
18955000	117
18960000	118
18965000	119
18970000	120
18975000	121
18980000	122
18985000	123
18990000	124
