210840000	0
210845000	1
210850000	2
210855000	3
210860000	4
210865000	5
210870000	6
210875000	7
210880000	8
210885000	9
210890000	10
210895000	11
210900000	12
210905000	13
210910000	14
210915000	15
210920000	16
210925000	17
210930000	18
210935000	19
210940000	20
210945000	21
210950000	22
210955000	23
210960000	24
210965000	25
210970000	26
210975000	27
210980000	28
210985000	29
210990000	30
210995000	31
211000000	32
211005000	33
211010000	34
211015000	35
211020000	36
211025000	37
211030000	38
211035000	39
211040000	40
211045000	41
211050000	42
211055000	43
211060000	44
211065000	45
211070000	46
211075000	47
211080000	48
211085000	49
211090000	50
211095000	51
211100000	52
211105000	53
211110000	54
211115000	55
211120000	56
211125000	57
211130000	58
211135000	59
211140000	60
211145000	61
211150000	62
211155000	63
211160000	64
211165000	65
211170000	66
211175000	67
211180000	68
211185000	69
211190000	70
211195000	71
211200000	72
211205000	73
211210000	74
211215000	75
211220000	76
211225000	77
211230000	78
211235000	79
211240000	80
211245000	81
211250000	82
211255000	83
211260000	84
211265000	85
211270000	86
211275000	87
