238000000	0
238005000	1
238010000	2
238015000	3
238020000	4
238025000	5
238030000	6
238035000	7
238040000	8
238045000	9
238050000	10
238055000	11
238060000	12
238065000	13
238070000	14
238075000	15
238080000	16
238085000	17
238090000	18
238095000	19
238100000	20
238105000	21
238110000	22
238115000	23
238120000	24
238125000	25
238130000	26
238135000	27
238140000	28
238145000	29
238150000	30
238155000	31
238160000	32
238165000	33
238170000	34
238175000	35
238180000	36
238185000	37
238190000	38
238195000	39
238200000	40
238205000	41
238210000	42
238215000	43
238220000	44
238225000	45
238230000	46
238235000	47
238240000	48
238245000	49
238250000	50
238255000	51
238260000	52
238265000	53
238270000	54
238275000	55
238280000	56
238285000	57
238290000	58
238295000	59
238300000	60
238305000	61
238310000	62
238315000	63
238320000	64
238325000	65
238330000	66
238335000	67
238340000	68
238345000	69
238350000	70
238355000	71
238360000	72
238365000	73
238370000	74
238375000	75
238380000	76
238385000	77
238390000	78
238395000	79
238400000	80
238405000	81
238410000	82
238415000	83
238420000	84
238425000	85
238430000	86
238435000	87
238440000	88
238445000	89
238450000	90
238455000	91
238460000	92
238465000	93
238470000	94
238475000	95
238480000	96
238485000	97
238490000	98
238495000	99
238500000	100
238505000	101
238510000	102
238515000	103
238520000	104
238525000	105
238530000	106
238535000	107
238540000	108
238545000	109
238550000	110
238555000	111
238560000	112
238565000	113
238570000	114
238575000	115
238580000	116
238585000	117
238590000	118
238595000	119
238600000	120
238605000	121
238610000	122
238615000	123
238620000	124
238625000	125
238630000	126
238635000	127
238640000	128
238645000	129
238650000	130
238655000	131
238660000	132
238665000	133
238670000	134
238675000	135
238680000	136
238685000	137
238690000	138
238695000	139
238700000	140
238705000	141
238710000	142
238715000	143
238720000	144
238725000	145
238730000	146
238735000	147
238740000	148
238745000	149
238750000	150
238755000	151
238760000	152
238765000	153
238770000	154
238775000	155
238780000	156
238785000	157
238790000	158
238795000	159
238800000	160
238805000	161
238810000	162
238815000	163
238820000	164
238825000	165
238830000	166
238835000	167
238840000	168
238845000	169
238850000	170
238855000	171
238860000	172
238865000	173
238870000	174
238875000	175
238880000	176
238885000	177
238890000	178
238895000	179
238900000	180
238905000	181
238910000	182
238915000	183
238920000	184
238925000	185
238930000	186
238935000	187
238940000	188
238945000	189
238950000	190
238955000	191
238960000	192
238965000	193
238970000	194
238975000	195
238980000	196
238985000	197
238990000	198
238995000	199
239000000	200
239005000	201
239010000	202
239015000	203
239020000	204
239025000	205
239030000	206
239035000	207
239040000	208
239045000	209
239050000	210
239055000	211
239060000	212
239065000	213
239070000	214
239075000	215
239080000	216
239085000	217
239090000	218
239095000	219
239100000	220
239105000	221
239110000	222
239115000	223
239120000	224
239125000	225
239130000	226
239135000	227
239140000	228
239145000	229
239150000	230
239155000	231
239160000	232
239165000	233
239170000	234
239175000	235
239180000	236
239185000	237
239190000	238
239195000	239
239200000	240
