219580000	0
219585000	1
219590000	2
219595000	3
219600000	4
219605000	5
219610000	6
219615000	7
219620000	8
219625000	9
219630000	10
219635000	11
219640000	12
219645000	13
219650000	14
219655000	15
219660000	16
219665000	17
219670000	18
219675000	19
219680000	20
219685000	21
219690000	22
219695000	23
219700000	24
219705000	25
219710000	26
219715000	27
219720000	28
219725000	29
219730000	30
219735000	31
219740000	32
219745000	33
219750000	34
219755000	35
219760000	36
219765000	37
219770000	38
219775000	39
219780000	40
219785000	41
219790000	42
219795000	43
219800000	44
219805000	45
219810000	46
219815000	47
219820000	48
219825000	49
219830000	50
219835000	51
219840000	52
219845000	53
219850000	54
219855000	55
219860000	56
219865000	57
219870000	58
219875000	59
