106530000	0
106535000	1
106540000	2
106545000	3
106550000	4
106555000	5
106560000	6
106565000	7
106570000	8
106575000	9
106580000	10
106585000	11
106590000	12
106595000	13
106600000	14
106605000	15
106610000	16
106615000	17
106620000	18
106625000	19
106630000	20
106635000	21
106640000	22
106645000	23
106650000	24
106655000	25
106660000	26
106665000	27
106670000	28
106675000	29
106680000	30
106685000	31
106690000	32
106695000	33
106700000	34
106705000	35
106710000	36
106715000	37
106720000	38
106725000	39
106730000	40
106735000	41
106740000	42
106745000	43
106750000	44
106755000	45
106760000	46
106765000	47
106770000	48
106775000	49
106780000	50
106785000	51
106790000	52
106795000	53
106800000	54
106805000	55
106810000	56
106815000	57
