187355000	0
187360000	1
187365000	2
187370000	3
187375000	4
187380000	5
187385000	6
187390000	7
187395000	8
187400000	9
187405000	10
187410000	11
187415000	12
187420000	13
187425000	14
187430000	15
187435000	16
187440000	17
187445000	18
187450000	19
187455000	20
187460000	21
187465000	22
187470000	23
187475000	24
187480000	25
187485000	26
187490000	27
187495000	28
187500000	29
187505000	30
187510000	31
187515000	32
187520000	33
187525000	34
187530000	35
187535000	36
187540000	37
187545000	38
187550000	39
187555000	40
187560000	41
187565000	42
187570000	43
187575000	44
187580000	45
187585000	46
187590000	47
187595000	48
187600000	49
187605000	50
187610000	51
187615000	52
187620000	53
187625000	54
187630000	55
187635000	56
187640000	57
187645000	58
187650000	59
187655000	60
187660000	61
187665000	62
187670000	63
187675000	64
187680000	65
187685000	66
187690000	67
187695000	68
187700000	69
187705000	70
