80160000	0
80165000	1
80170000	2
80175000	3
80180000	4
80185000	5
80190000	6
80195000	7
80200000	8
80205000	9
80210000	10
80215000	11
80220000	12
80225000	13
80230000	14
80235000	15
80240000	16
80245000	17
80250000	18
80255000	19
80260000	20
80265000	21
80270000	22
80275000	23
80280000	24
80285000	25
80290000	26
80295000	27
80300000	28
80305000	29
80310000	30
80315000	31
80320000	32
80325000	33
80330000	34
80335000	35
80340000	36
80345000	37
80350000	38
80355000	39
80360000	40
80365000	41
80370000	42
80375000	43
80380000	44
80385000	45
80390000	46
80395000	47
80400000	48
80405000	49
80410000	50
80415000	51
80420000	52
80425000	53
80430000	54
80435000	55
80440000	56
80445000	57
80450000	58
80455000	59
80460000	60
80465000	61
80470000	62
80475000	63
80480000	64
80485000	65
80490000	66
80495000	67
80500000	68
80505000	69
80510000	70
80515000	71
80520000	72
80525000	73
80530000	74
80535000	75
80540000	76
80545000	77
80550000	78
80555000	79
80560000	80
80565000	81
80570000	82
80575000	83
80580000	84
80585000	85
80590000	86
80595000	87
80600000	88
80605000	89
80610000	90
80615000	91
80620000	92
80625000	93
80630000	94
80635000	95
80640000	96
80645000	97
80650000	98
80655000	99
80660000	100
80665000	101
80670000	102
80675000	103
80680000	104
80685000	105
80690000	106
80695000	107
80700000	108
80705000	109
80710000	110
80715000	111
80720000	112
80725000	113
80730000	114
80735000	115
80740000	116
80745000	117
80750000	118
