89025000	0
89030000	1
89035000	2
89040000	3
89045000	4
89050000	5
89055000	6
89060000	7
89065000	8
89070000	9
89075000	10
89080000	11
89085000	12
89090000	13
89095000	14
89100000	15
89105000	16
89110000	17
89115000	18
89120000	19
89125000	20
89130000	21
89135000	22
89140000	23
89145000	24
89150000	25
89155000	26
89160000	27
89165000	28
89170000	29
89175000	30
89180000	31
89185000	32
89190000	33
89195000	34
89200000	35
89205000	36
89210000	37
89215000	38
89220000	39
89225000	40
89230000	41
89235000	42
89240000	43
89245000	44
89250000	45
89255000	46
89260000	47
89265000	48
89270000	49
89275000	50
89280000	51
89285000	52
89290000	53
89295000	54
89300000	55
89305000	56
89310000	57
89315000	58
89320000	59
89325000	60
89330000	61
89345000	62
89350000	63
89355000	64
89360000	65
89365000	66
89370000	67
89375000	68
89380000	69
89385000	70
89390000	71
89395000	72
89400000	73
89405000	74
89410000	75
89415000	76
89420000	77
89425000	78
89430000	79
89435000	80
89440000	81
89445000	82
89450000	83
89455000	84
89460000	85
89470000	86
89475000	87
89480000	88
89485000	89
89490000	90
89495000	91
89500000	92
89505000	93
89510000	94
89515000	95
89520000	96
89525000	97
89530000	98
89540000	99
89545000	100
89555000	101
89560000	102
89570000	103
89585000	104
89595000	105
89600000	106
89605000	107
89610000	108
89830000	109
89835000	110
89840000	111
89845000	112
89850000	113
89855000	114
89860000	115
89865000	116
89875000	117
89880000	118
89885000	119
89890000	120
89905000	121
89910000	122
89915000	123
89920000	124
89935000	125
89940000	126
89945000	127
89950000	128
89955000	129
89960000	130
89970000	131
89975000	132
89980000	133
89985000	134
89990000	135
89995000	136
90000000	137
90005000	138
90010000	139
90015000	140
90020000	141
90025000	142
90030000	143
90035000	144
90040000	145
90045000	146
90055000	147
90060000	148
90065000	149
90070000	150
90075000	151
90080000	152
90085000	153
90090000	154
90095000	155
90100000	156
90105000	157
90110000	158
90115000	159
90120000	160
90125000	161
90130000	162
90135000	163
90140000	164
90145000	165
90150000	166
90155000	167
90160000	168
90165000	169
90170000	170
90175000	171
90180000	172
90185000	173
90190000	174
90205000	175
90210000	176
90215000	177
90220000	178
90225000	179
90230000	180
90235000	181
90240000	182
90245000	183
90250000	184
90255000	185
90260000	186
90265000	187
90410000	188
90415000	189
90435000	190
90450000	191
90460000	192
90465000	193
90470000	194
90475000	195
90480000	196
91630000	197
91635000	198
91655000	199
91660000	200
91670000	201
91680000	202
91685000	203
91690000	204
91695000	205
91700000	206
91705000	207
91735000	208
91750000	209
91755000	210
91760000	211
91765000	212
91770000	213
91775000	214
91780000	215
91785000	216
91790000	217
91795000	218
91800000	219
91805000	220
91810000	221
91815000	222
91820000	223
91825000	224
91830000	225
91835000	226
91840000	227
91845000	228
91850000	229
91855000	230
91860000	231
91865000	232
91870000	233
91875000	234
91880000	235
91885000	236
91895000	237
91905000	238
91910000	239
91915000	240
91920000	241
91925000	242
91930000	243
91935000	244
91940000	245
91945000	246
91950000	247
91955000	248
91960000	249
91965000	250
91970000	251
91975000	252
91980000	253
92025000	254
92030000	255
92035000	256
92040000	257
92045000	258
92050000	259
92055000	260
92060000	261
92065000	262
92070000	263
92075000	264
92080000	265
92085000	266
92090000	267
92095000	268
92100000	269
92105000	270
92110000	271
92115000	272
92120000	273
92125000	274
92130000	275
92135000	276
92140000	277
92145000	278
92150000	279
92155000	280
92160000	281
92165000	282
92170000	283
92175000	284
92180000	285
92185000	286
92190000	287
92195000	288
92200000	289
92245000	290
92250000	291
92255000	292
92260000	293
92265000	294
92270000	295
92275000	296
92280000	297
92285000	298
92290000	299
92300000	300
92305000	301
95325000	302
95330000	303
95335000	304
95340000	305
95345000	306
95350000	307
95355000	308
95360000	309
95365000	310
95370000	311
95375000	312
95380000	313
95385000	314
95390000	315
95395000	316
95400000	317
95405000	318
95410000	319
95415000	320
95420000	321
95425000	322
95430000	323
95435000	324
95440000	325
95445000	326
95450000	327
95455000	328
95460000	329
95465000	330
95470000	331
95475000	332
95480000	333
95485000	334
95490000	335
95495000	336
95500000	337
95505000	338
95510000	339
95515000	340
95520000	341
95525000	342
95530000	343
95535000	344
95540000	345
95545000	346
95550000	347
95555000	348
95560000	349
95565000	350
95570000	351
95575000	352
95580000	353
95585000	354
95590000	355
95595000	356
95600000	357
95605000	358
95610000	359
95615000	360
95620000	361
95625000	362
95630000	363
95635000	364
95640000	365
95645000	366
95650000	367
95655000	368
95660000	369
95665000	370
