190520000	0
190525000	1
190530000	2
190535000	3
190540000	4
190545000	5
190550000	6
190555000	7
190560000	8
190565000	9
190570000	10
190575000	11
190580000	12
190585000	13
190590000	14
190595000	15
190600000	16
190605000	17
190610000	18
190615000	19
190620000	20
190625000	21
190630000	22
190635000	23
190640000	24
190645000	25
190650000	26
190655000	27
190660000	28
190665000	29
190670000	30
190675000	31
190680000	32
190685000	33
190690000	34
190695000	35
190700000	36
190705000	37
190710000	38
190715000	39
190720000	40
190725000	41
190730000	42
190735000	43
190740000	44
190745000	45
190750000	46
190755000	47
190760000	48
190765000	49
190770000	50
190775000	51
190780000	52
190785000	53
190790000	54
190795000	55
190800000	56
190805000	57
190810000	58
190815000	59
190820000	60
190825000	61
190830000	62
190835000	63
190840000	64
190845000	65
190850000	66
190855000	67
190860000	68
190865000	69
190870000	70
190875000	71
190880000	72
190885000	73
190890000	74
190895000	75
190900000	76
190905000	77
190910000	78
190915000	79
190920000	80
190925000	81
190930000	82
190935000	83
190940000	84
