158160000	0
158165000	1
158170000	2
158175000	3
158180000	4
158185000	5
158190000	6
158195000	7
158200000	8
158205000	9
158210000	10
158215000	11
158220000	12
158225000	13
158230000	14
158235000	15
158240000	16
158245000	17
158250000	18
158255000	19
158260000	20
158265000	21
158270000	22
158275000	23
158280000	24
158285000	25
158290000	26
158295000	27
158300000	28
158305000	29
158310000	30
158315000	31
158320000	32
158325000	33
158330000	34
158335000	35
158340000	36
158345000	37
158350000	38
158355000	39
158360000	40
158365000	41
158370000	42
158375000	43
158380000	44
158385000	45
158390000	46
158395000	47
158400000	48
158405000	49
158410000	50
158415000	51
158420000	52
158425000	53
158430000	54
158435000	55
158440000	56
158445000	57
158450000	58
158455000	59
158460000	60
158465000	61
158470000	62
158475000	63
158480000	64
158485000	65
158490000	66
158495000	67
158500000	68
158505000	69
158510000	70
158515000	71
158520000	72
158525000	73
158530000	74
158535000	75
158540000	76
158545000	77
158550000	78
158555000	79
158560000	80
158565000	81
158570000	82
158575000	83
158580000	84
158585000	85
158590000	86
158595000	87
158600000	88
158605000	89
158610000	90
158615000	91
158620000	92
158625000	93
158630000	94
158635000	95
158640000	96
158645000	97
158650000	98
158655000	99
158660000	100
158665000	101
158670000	102
158675000	103
158680000	104
158685000	105
158690000	106
158695000	107
158700000	108
158705000	109
158710000	110
158715000	111
158720000	112
158725000	113
158730000	114
158735000	115
158740000	116
158745000	117
158750000	118
158755000	119
158760000	120
158765000	121
158770000	122
158775000	123
158780000	124
158785000	125
158790000	126
158795000	127
158800000	128
158805000	129
158810000	130
158815000	131
158820000	132
158825000	133
158830000	134
158835000	135
158840000	136
158845000	137
158850000	138
158855000	139
158860000	140
158865000	141
158870000	142
158875000	143
158880000	144
158885000	145
158890000	146
158895000	147
158900000	148
158905000	149
158910000	150
158915000	151
158920000	152
158925000	153
158930000	154
158935000	155
158940000	156
158945000	157
158950000	158
158955000	159
158960000	160
158965000	161
158970000	162
158975000	163
158980000	164
158985000	165
158990000	166
158995000	167
159000000	168
159005000	169
159010000	170
159015000	171
159020000	172
159025000	173
159030000	174
159035000	175
159040000	176
159045000	177
159050000	178
159055000	179
159060000	180
159065000	181
159070000	182
159075000	183
159080000	184
159085000	185
159090000	186
159095000	187
159100000	188
159105000	189
159110000	190
159115000	191
159120000	192
159125000	193
159130000	194
159135000	195
159140000	196
159145000	197
159150000	198
159155000	199
159160000	200
159165000	201
159170000	202
159175000	203
159180000	204
159185000	205
159190000	206
159195000	207
159200000	208
159205000	209
159210000	210
159215000	211
159220000	212
159225000	213
159230000	214
159235000	215
159240000	216
159245000	217
159250000	218
159255000	219
159260000	220
159265000	221
159270000	222
159275000	223
159280000	224
159285000	225
159290000	226
159295000	227
159300000	228
159305000	229
