12870000	0
12875000	1
12880000	2
12885000	3
12890000	4
12895000	5
12900000	6
12905000	7
12910000	8
12915000	9
12920000	10
12925000	11
12930000	12
12935000	13
12940000	14
12945000	15
12950000	16
12955000	17
12960000	18
12965000	19
12970000	20
12975000	21
12980000	22
12985000	23
12990000	24
12995000	25
13000000	26
13005000	27
13010000	28
13015000	29
13020000	30
13025000	31
13030000	32
13035000	33
13040000	34
13045000	35
13050000	36
13055000	37
13060000	38
13065000	39
13070000	40
13075000	41
13080000	42
13085000	43
13090000	44
13095000	45
13100000	46
13105000	47
13110000	48
13115000	49
13120000	50
13125000	51
13130000	52
13135000	53
13140000	54
13145000	55
13150000	56
13155000	57
13160000	58
13165000	59
13170000	60
13175000	61
13180000	62
13185000	63
13190000	64
13195000	65
13200000	66
13205000	67
13210000	68
13215000	69
13220000	70
13225000	71
13230000	72
13235000	73
13240000	74
13245000	75
13250000	76
13255000	77
13260000	78
13265000	79
13270000	80
13275000	81
13280000	82
13285000	83
13290000	84
13295000	85
13300000	86
13305000	87
13310000	88
13315000	89
13320000	90
13325000	91
13330000	92
13335000	93
13340000	94
13345000	95
13350000	96
13355000	97
13360000	98
13365000	99
13370000	100
13375000	101
13380000	102
13385000	103
13390000	104
13395000	105
13400000	106
13405000	107
13410000	108
13415000	109
13420000	110
13425000	111
13430000	112
13435000	113
13440000	114
13445000	115
13450000	116
13455000	117
13460000	118
13465000	119
13470000	120
13475000	121
13480000	122
13485000	123
13490000	124
13495000	125
13500000	126
13505000	127
