13510000	0
13515000	1
13520000	2
13525000	3
13530000	4
13535000	5
13540000	6
13545000	7
13550000	8
13555000	9
13560000	10
13565000	11
13570000	12
13575000	13
13580000	14
13585000	15
13590000	16
13595000	17
13600000	18
13605000	19
13610000	20
13615000	21
13620000	22
13625000	23
13630000	24
13635000	25
13640000	26
13645000	27
13650000	28
13655000	29
13660000	30
13665000	31
13670000	32
13675000	33
13680000	34
13685000	35
13690000	36
13695000	37
13700000	38
13705000	39
13710000	40
13715000	41
13720000	42
13725000	43
13730000	44
13735000	45
13740000	46
13745000	47
13750000	48
13755000	49
13760000	50
13765000	51
13770000	52
13775000	53
13780000	54
13785000	55
13790000	56
13795000	57
13800000	58
13805000	59
13810000	60
13815000	61
13820000	62
13825000	63
13830000	64
13835000	65
13840000	66
13845000	67
13850000	68
13855000	69
13860000	70
13865000	71
13870000	72
13875000	73
13880000	74
13885000	75
13890000	76
13895000	77
13900000	78
13905000	79
13910000	80
13915000	81
13920000	82
13925000	83
13930000	84
13935000	85
13940000	86
13945000	87
13950000	88
13955000	89
13960000	90
13965000	91
13970000	92
13975000	93
13980000	94
13985000	95
13990000	96
13995000	97
14000000	98
14005000	99
14010000	100
14015000	101
14020000	102
14025000	103
14030000	104
14035000	105
14040000	106
14045000	107
14050000	108
14055000	109
14060000	110
14065000	111
14070000	112
14075000	113
14080000	114
14085000	115
14090000	116
14095000	117
14100000	118
14105000	119
14110000	120
14115000	121
14120000	122
14125000	123
14130000	124
14135000	125
14140000	126
14145000	127
14150000	128
14155000	129
14160000	130
14165000	131
14170000	132
14175000	133
14180000	134
14185000	135
14190000	136
14195000	137
14200000	138
14205000	139
14210000	140
14215000	141
14220000	142
14225000	143
14230000	144
14235000	145
14240000	146
14245000	147
14250000	148
14255000	149
14260000	150
14265000	151
14270000	152
14275000	153
14280000	154
14285000	155
14290000	156
14295000	157
14300000	158
14305000	159
14310000	160
14315000	161
14320000	162
14325000	163
14330000	164
14335000	165
14340000	166
14345000	167
14350000	168
14355000	169
14360000	170
14365000	171
14370000	172
14375000	173
14380000	174
14385000	175
14390000	176
14395000	177
14400000	178
14405000	179
14410000	180
14415000	181
14420000	182
14425000	183
14430000	184
14435000	185
14440000	186
14445000	187
14450000	188
14455000	189
14460000	190
14465000	191
14470000	192
14475000	193
14480000	194
14485000	195
14490000	196
14495000	197
14500000	198
14505000	199
14510000	200
14515000	201
14520000	202
14525000	203
14530000	204
14535000	205
14540000	206
14545000	207
14550000	208
14555000	209
14560000	210
14565000	211
14570000	212
14575000	213
14580000	214
14585000	215
14590000	216
14595000	217
14600000	218
14605000	219
14610000	220
14615000	221
14620000	222
14625000	223
14630000	224
14635000	225
14640000	226
14645000	227
14650000	228
14655000	229
14660000	230
14665000	231
14670000	232
14675000	233
14680000	234
14685000	235
14690000	236
14695000	237
14700000	238
14705000	239
14710000	240
14715000	241
14720000	242
14725000	243
14730000	244
14735000	245
14740000	246
14745000	247
14750000	248
14755000	249
14760000	250
14765000	251
14770000	252
14775000	253
14780000	254
14785000	255
14790000	256
14795000	257
14800000	258
14805000	259
14810000	260
14815000	261
14820000	262
14825000	263
14830000	264
14835000	265
14840000	266
14845000	267
14850000	268
14855000	269
14860000	270
14865000	271
14870000	272
14875000	273
14880000	274
14885000	275
14890000	276
14895000	277
14900000	278
14905000	279
14910000	280
14915000	281
14920000	282
14925000	283
14930000	284
14935000	285
14940000	286
14945000	287
14950000	288
14955000	289
14960000	290
14965000	291
14970000	292
14975000	293
14980000	294
14985000	295
14990000	296
14995000	297
15000000	298
15005000	299
15010000	300
15015000	301
15020000	302
15025000	303
15030000	304
15035000	305
15040000	306
15045000	307
15050000	308
15055000	309
15060000	310
15065000	311
15070000	312
15075000	313
15080000	314
15085000	315
15090000	316
15095000	317
15100000	318
15105000	319
15110000	320
15115000	321
15120000	322
15125000	323
15130000	324
15135000	325
15140000	326
15145000	327
15150000	328
15155000	329
15160000	330
15165000	331
15170000	332
15175000	333
15180000	334
15185000	335
15190000	336
15195000	337
15200000	338
15205000	339
15210000	340
15215000	341
15220000	342
15225000	343
15230000	344
15235000	345
15240000	346
15245000	347
15250000	348
15255000	349
15260000	350
15265000	351
15270000	352
15275000	353
15280000	354
15285000	355
15290000	356
15295000	357
15300000	358
15305000	359
15310000	360
15315000	361
15320000	362
15325000	363
15330000	364
