187710000	0
187715000	1
187720000	2
187725000	3
187730000	4
187735000	5
187740000	6
187745000	7
187750000	8
187755000	9
187760000	10
187765000	11
187770000	12
187775000	13
187780000	14
187785000	15
187790000	16
187795000	17
187800000	18
187805000	19
187810000	20
187815000	21
187820000	22
187825000	23
187830000	24
187835000	25
187840000	26
187845000	27
187850000	28
187855000	29
187860000	30
187865000	31
187870000	32
187875000	33
187880000	34
187885000	35
187890000	36
187895000	37
187900000	38
187905000	39
187910000	40
187915000	41
187920000	42
187925000	43
187930000	44
187935000	45
187940000	46
187945000	47
187950000	48
187955000	49
187960000	50
187965000	51
187970000	52
187975000	53
187980000	54
187985000	55
187990000	56
187995000	57
188000000	58
188005000	59
188010000	60
188015000	61
188020000	62
188025000	63
188030000	64
188035000	65
188040000	66
188045000	67
188050000	68
188055000	69
188060000	70
188065000	71
188070000	72
188075000	73
188080000	74
188085000	75
188090000	76
188095000	77
188100000	78
188105000	79
188110000	80
188115000	81
188120000	82
188125000	83
188130000	84
188135000	85
188140000	86
188145000	87
188150000	88
188155000	89
188160000	90
188165000	91
188170000	92
188175000	93
188180000	94
188185000	95
188190000	96
188195000	97
188200000	98
188205000	99
188210000	100
188215000	101
188220000	102
188225000	103
188230000	104
188235000	105
188240000	106
188245000	107
188250000	108
188255000	109
188260000	110
188265000	111
188270000	112
188275000	113
188280000	114
188285000	115
188290000	116
188295000	117
188300000	118
188305000	119
188310000	120
188315000	121
188320000	122
188325000	123
188330000	124
188335000	125
188340000	126
188345000	127
188350000	128
188355000	129
188360000	130
188365000	131
188370000	132
188375000	133
188380000	134
188385000	135
188390000	136
188395000	137
188400000	138
188405000	139
188410000	140
188415000	141
188420000	142
188425000	143
188430000	144
188435000	145
188440000	146
188445000	147
188450000	148
188455000	149
188460000	150
188465000	151
188470000	152
188475000	153
188480000	154
188485000	155
188490000	156
188495000	157
188500000	158
188505000	159
188510000	160
188515000	161
188520000	162
188525000	163
188530000	164
188535000	165
188540000	166
188545000	167
188550000	168
188555000	169
188560000	170
188565000	171
188570000	172
188575000	173
188580000	174
188585000	175
188590000	176
188595000	177
188600000	178
188605000	179
188610000	180
188615000	181
188620000	182
188625000	183
188630000	184
188635000	185
188640000	186
188645000	187
188650000	188
188655000	189
188660000	190
188665000	191
188670000	192
188675000	193
188680000	194
188685000	195
188690000	196
188695000	197
188700000	198
188705000	199
188710000	200
188715000	201
188720000	202
188725000	203
188730000	204
188735000	205
188740000	206
