116410000	0
116415000	1
116420000	2
116425000	3
116430000	4
116435000	5
116440000	6
116445000	7
116450000	8
116455000	9
116460000	10
116465000	11
116470000	12
116475000	13
116480000	14
116485000	15
116490000	16
116495000	17
116500000	18
116505000	19
116510000	20
116515000	21
116520000	22
116525000	23
116530000	24
116535000	25
116540000	26
116545000	27
116550000	28
116555000	29
116560000	30
116565000	31
116570000	32
116575000	33
116580000	34
116585000	35
116590000	36
116595000	37
116600000	38
116605000	39
116610000	40
116615000	41
116620000	42
116625000	43
116630000	44
116635000	45
116640000	46
116645000	47
116650000	48
116655000	49
116660000	50
116665000	51
116670000	52
116675000	53
116680000	54
116685000	55
116690000	56
116695000	57
116700000	58
116705000	59
116710000	60
116715000	61
116720000	62
116725000	63
116730000	64
116735000	65
116740000	66
116745000	67
116750000	68
116755000	69
116760000	70
116765000	71
116770000	72
116775000	73
116780000	74
116785000	75
116790000	76
116795000	77
116800000	78
116805000	79
116810000	80
116815000	81
116820000	82
116825000	83
116830000	84
116835000	85
116840000	86
116845000	87
116850000	88
116855000	89
116860000	90
116865000	91
116870000	92
116875000	93
116880000	94
116885000	95
116890000	96
116895000	97
116900000	98
116905000	99
116910000	100
116915000	101
116920000	102
116925000	103
116930000	104
116935000	105
116940000	106
116945000	107
116950000	108
116955000	109
116960000	110
116965000	111
116970000	112
116975000	113
116980000	114
116985000	115
116990000	116
116995000	117
117000000	118
117005000	119
117010000	120
117015000	121
117020000	122
117025000	123
117030000	124
117035000	125
117040000	126
117045000	127
117050000	128
117055000	129
117060000	130
117065000	131
117070000	132
117075000	133
117080000	134
117085000	135
117090000	136
117095000	137
117100000	138
117105000	139
117110000	140
117115000	141
117120000	142
117125000	143
117130000	144
117135000	145
117140000	146
