180841000	0
180842000	1
180843000	2
180844000	3
180845000	4
180846000	5
180847000	6
180848000	7
180849000	8
180850000	9
180851000	10
180852000	11
180853000	12
180854000	13
180855000	14
180856000	15
180857000	16
180858000	17
180859000	18
180860000	19
180861000	20
180862000	21
180863000	22
180864000	23
180865000	24
180866000	25
180867000	26
180868000	27
180869000	28
180870000	29
180871000	30
180872000	31
180873000	32
180874000	33
180875000	34
180876000	35
180877000	36
180878000	37
180879000	38
180880000	39
180881000	40
180882000	41
180883000	42
180884000	43
180885000	44
180886000	45
180887000	46
180888000	47
180889000	48
180890000	49
180891000	50
180892000	51
180893000	52
180894000	53
180895000	54
180896000	55
180897000	56
180898000	57
180899000	58
180900000	59
180901000	60
180902000	61
180903000	62
180904000	63
180905000	64
180906000	65
180907000	66
180908000	67
180909000	68
180910000	69
180911000	70
180912000	71
180913000	72
180914000	73
180915000	74
180916000	75
180917000	76
180918000	77
180919000	78
180920000	79
180921000	80
180922000	81
180923000	82
180924000	83
180925000	84
180926000	85
180927000	86
180928000	87
180929000	88
180930000	89
180931000	90
180932000	91
180933000	92
180934000	93
180935000	94
180936000	95
180937000	96
180938000	97
180939000	98
180940000	99
180941000	100
180942000	101
180943000	102
180944000	103
180945000	104
180946000	105
180947000	106
180948000	107
180949000	108
180950000	109
180951000	110
180952000	111
180953000	112
180954000	113
180955000	114
180956000	115
180957000	116
180958000	117
180959000	118
180960000	119
180961000	120
180962000	121
180963000	122
180964000	123
180965000	124
180966000	125
180967000	126
180968000	127
180969000	128
180970000	129
180971000	130
180972000	131
180973000	132
180974000	133
180975000	134
180976000	135
180977000	136
180978000	137
180979000	138
180980000	139
180981000	140
180982000	141
180983000	142
180984000	143
180985000	144
180986000	145
180987000	146
180988000	147
180989000	148
180990000	149
180991000	150
180992000	151
180993000	152
180994000	153
180995000	154
180996000	155
180997000	156
180998000	157
180999000	158
181000000	159
181001000	160
181002000	161
181003000	162
181004000	163
181005000	164
181006000	165
181007000	166
181008000	167
181009000	168
181010000	169
181011000	170
181012000	171
181013000	172
181014000	173
181015000	174
181016000	175
181017000	176
181018000	177
181019000	178
181020000	179
181021000	180
181022000	181
181023000	182
181024000	183
181025000	184
181026000	185
181027000	186
181028000	187
181029000	188
181030000	189
181031000	190
181032000	191
181033000	192
181034000	193
181035000	194
181036000	195
181037000	196
181038000	197
181039000	198
181040000	199
181041000	200
181042000	201
181043000	202
181044000	203
181045000	204
181046000	205
181047000	206
181048000	207
181049000	208
181050000	209
181051000	210
181052000	211
181053000	212
181054000	213
181055000	214
181056000	215
181057000	216
181058000	217
181059000	218
181060000	219
181061000	220
181062000	221
181063000	222
181064000	223
181065000	224
181066000	225
181067000	226
181068000	227
181069000	228
181070000	229
181071000	230
181072000	231
181073000	232
181074000	233
181075000	234
181076000	235
181077000	236
181078000	237
181079000	238
181080000	239
181081000	240
181082000	241
181083000	242
181084000	243
181085000	244
181086000	245
181087000	246
181088000	247
181089000	248
181090000	249
181091000	250
181092000	251
181093000	252
181094000	253
181095000	254
181096000	255
181097000	256
181098000	257
181099000	258
181100000	259
181101000	260
181102000	261
181103000	262
181104000	263
181105000	264
181106000	265
181107000	266
181108000	267
181109000	268
181110000	269
181111000	270
181112000	271
181113000	272
181114000	273
181115000	274
181116000	275
181117000	276
181118000	277
181119000	278
181120000	279
181121000	280
181122000	281
181123000	282
181124000	283
181125000	284
181126000	285
181127000	286
181128000	287
181129000	288
181130000	289
181131000	290
181132000	291
181133000	292
181134000	293
181135000	294
181136000	295
181137000	296
181138000	297
181139000	298
181140000	299
