79160000	0
79165000	1
79170000	2
79175000	3
79180000	4
79185000	5
79190000	6
79195000	7
79200000	8
79205000	9
79210000	10
79215000	11
79220000	12
79225000	13
79230000	14
79235000	15
79240000	16
79245000	17
79250000	18
79255000	19
79260000	20
79265000	21
79270000	22
79275000	23
79280000	24
79285000	25
79290000	26
79295000	27
79300000	28
79305000	29
79310000	30
79315000	31
79320000	32
79325000	33
79330000	34
79335000	35
79340000	36
79345000	37
79350000	38
79355000	39
79360000	40
79365000	41
79370000	42
79375000	43
79380000	44
