6665000	0
6670000	1
6675000	2
6680000	3
6685000	4
6690000	5
6695000	6
6700000	7
6705000	8
6710000	9
6715000	10
6720000	11
6725000	12
6730000	13
6735000	14
6740000	15
6745000	16
6750000	17
6755000	18
6760000	19
6765000	20
6770000	21
6775000	22
6780000	23
6785000	24
6790000	25
6795000	26
6800000	27
6805000	28
6810000	29
6815000	30
6820000	31
6825000	32
6830000	33
6835000	34
6840000	35
6845000	36
6850000	37
6855000	38
6860000	39
6865000	40
6870000	41
6875000	42
6880000	43
6885000	44
6890000	45
6895000	46
6900000	47
6905000	48
6910000	49
6915000	50
6920000	51
6925000	52
6930000	53
6935000	54
6940000	55
6945000	56
6950000	57
6955000	58
6960000	59
6965000	60
