14795000	0
14800000	1
14805000	2
14810000	3
14815000	4
14820000	5
14825000	6
14830000	7
14835000	8
14840000	9
14845000	10
14850000	11
14855000	12
14860000	13
14865000	14
14870000	15
14875000	16
14880000	17
14885000	18
14890000	19
14895000	20
14900000	21
14905000	22
14910000	23
14915000	24
14920000	25
14925000	26
14930000	27
14935000	28
14940000	29
14945000	30
14950000	31
14955000	32
14960000	33
14965000	34
14970000	35
14975000	36
14980000	37
14985000	38
14990000	39
14995000	40
15000000	41
15005000	42
15010000	43
15015000	44
15020000	45
15025000	46
15030000	47
15035000	48
15040000	49
15045000	50
15050000	51
15055000	52
15060000	53
15065000	54
15070000	55
15075000	56
15080000	57
15085000	58
15090000	59
15095000	60
15100000	61
15105000	62
15110000	63
15115000	64
15120000	65
15125000	66
15130000	67
15135000	68
15140000	69
15145000	70
15150000	71
15155000	72
15160000	73
15165000	74
15170000	75
15175000	76
15180000	77
15185000	78
15190000	79
15195000	80
15200000	81
15205000	82
