120150000	0
120151000	1
120152000	2
120153000	3
120154000	4
120155000	5
120156000	6
120157000	7
120158000	8
120159000	9
120160000	10
120161000	11
120162000	12
120163000	13
120164000	14
120165000	15
120166000	16
120167000	17
120168000	18
120169000	19
120170000	20
120171000	21
120172000	22
120173000	23
120174000	24
120175000	25
120176000	26
120177000	27
120178000	28
120179000	29
120180000	30
120181000	31
120182000	32
120183000	33
120184000	34
120185000	35
120186000	36
120187000	37
120188000	38
120189000	39
120190000	40
120191000	41
120192000	42
120193000	43
120194000	44
120195000	45
120196000	46
120197000	47
120198000	48
120199000	49
120200000	50
120201000	51
120202000	52
120203000	53
120204000	54
120205000	55
120206000	56
120207000	57
120208000	58
120209000	59
120210000	60
120211000	61
120212000	62
120213000	63
120214000	64
120215000	65
120216000	66
120217000	67
120218000	68
120219000	69
120220000	70
120221000	71
120222000	72
120223000	73
120224000	74
120225000	75
