86225000	0
86230000	1
86235000	2
86240000	3
86245000	4
86250000	5
86255000	6
86260000	7
86265000	8
86270000	9
86275000	10
86280000	11
86285000	12
86290000	13
86295000	14
86300000	15
86305000	16
86310000	17
86315000	18
86320000	19
86325000	20
86330000	21
86335000	22
86340000	23
86345000	24
86350000	25
86355000	26
86360000	27
86365000	28
86370000	29
86375000	30
86380000	31
86385000	32
86390000	33
86395000	34
86400000	35
86405000	36
86410000	37
86415000	38
86420000	39
86425000	40
86430000	41
86435000	42
86440000	43
86445000	44
86450000	45
86455000	46
86460000	47
86465000	48
86470000	49
86475000	50
86480000	51
86485000	52
86490000	53
86495000	54
86500000	55
86505000	56
86510000	57
86515000	58
86520000	59
86525000	60
86530000	61
86535000	62
86540000	63
86545000	64
86550000	65
86555000	66
86560000	67
86565000	68
86570000	69
86575000	70
86580000	71
86585000	72
86590000	73
86595000	74
86600000	75
86605000	76
86610000	77
86615000	78
86620000	79
86625000	80
86630000	81
86635000	82
86640000	83
86645000	84
86650000	85
86655000	86
86660000	87
86665000	88
86670000	89
86675000	90
86680000	91
86685000	92
86690000	93
86695000	94
86700000	95
86705000	96
86710000	97
86715000	98
86720000	99
86725000	100
86730000	101
86735000	102
86740000	103
86745000	104
86750000	105
86755000	106
86760000	107
86765000	108
86770000	109
86775000	110
86780000	111
86785000	112
86790000	113
86795000	114
86800000	115
86805000	116
86810000	117
86815000	118
86820000	119
86825000	120
86830000	121
86835000	122
86840000	123
86845000	124
86850000	125
86855000	126
86860000	127
86865000	128
86870000	129
86875000	130
86880000	131
86885000	132
86890000	133
86895000	134
86900000	135
86905000	136
86910000	137
86915000	138
86920000	139
86925000	140
86930000	141
