67280000	0
67285000	1
67290000	2
67295000	3
67300000	4
67305000	5
67310000	6
67315000	7
67320000	8
67325000	9
67330000	10
67335000	11
67340000	12
67345000	13
67350000	14
67355000	15
67360000	16
67365000	17
67370000	18
67375000	19
67380000	20
67385000	21
67390000	22
67395000	23
67400000	24
67405000	25
67410000	26
67415000	27
67420000	28
67425000	29
67430000	30
67435000	31
67440000	32
67445000	33
67450000	34
67455000	35
67460000	36
67465000	37
67470000	38
67475000	39
67480000	40
67485000	41
67490000	42
67495000	43
67500000	44
67505000	45
67510000	46
67515000	47
67520000	48
67525000	49
67530000	50
67535000	51
67540000	52
67545000	53
67550000	54
67555000	55
67560000	56
67565000	57
67570000	58
67575000	59
67580000	60
67585000	61
67590000	62
67595000	63
67600000	64
67605000	65
67610000	66
67615000	67
67620000	68
67625000	69
67630000	70
67635000	71
67640000	72
67645000	73
67650000	74
67655000	75
67660000	76
67665000	77
67670000	78
67675000	79
67680000	80
67685000	81
67690000	82
67695000	83
67700000	84
67705000	85
67710000	86
67715000	87
67720000	88
67725000	89
67730000	90
67735000	91
67740000	92
67745000	93
67750000	94
67755000	95
67760000	96
67765000	97
