170780000	0
170785000	1
170790000	2
170795000	3
170800000	4
170805000	5
170810000	6
170815000	7
170820000	8
170825000	9
170830000	10
170835000	11
170840000	12
170845000	13
170850000	14
170855000	15
170860000	16
170865000	17
170870000	18
170875000	19
170880000	20
170885000	21
170890000	22
170895000	23
170900000	24
170905000	25
170910000	26
170915000	27
170920000	28
170925000	29
170930000	30
170935000	31
170940000	32
170945000	33
170950000	34
170955000	35
170960000	36
170965000	37
170970000	38
170975000	39
170980000	40
170985000	41
170990000	42
170995000	43
171000000	44
171005000	45
171010000	46
171015000	47
171020000	48
171025000	49
171030000	50
171035000	51
171040000	52
171045000	53
171050000	54
171055000	55
171060000	56
171065000	57
171070000	58
171075000	59
171080000	60
171085000	61
171090000	62
171095000	63
171100000	64
171105000	65
171110000	66
171115000	67
171120000	68
171125000	69
171130000	70
171135000	71
171140000	72
171145000	73
171150000	74
171155000	75
171160000	76
171165000	77
171170000	78
171175000	79
171180000	80
171185000	81
171190000	82
171195000	83
171200000	84
171205000	85
171210000	86
171215000	87
171220000	88
171225000	89
171230000	90
171235000	91
171240000	92
171245000	93
171250000	94
171255000	95
171260000	96
171265000	97
171270000	98
171275000	99
171280000	100
171285000	101
171290000	102
