171295000	0
171300000	1
171305000	2
171310000	3
171315000	4
171320000	5
171325000	6
171330000	7
171335000	8
171340000	9
171345000	10
171350000	11
171355000	12
171360000	13
171365000	14
171370000	15
171375000	16
171380000	17
171385000	18
171390000	19
171395000	20
171400000	21
171405000	22
171410000	23
171415000	24
171420000	25
171425000	26
171430000	27
171435000	28
171440000	29
171445000	30
171450000	31
171455000	32
171460000	33
171465000	34
171470000	35
171475000	36
171480000	37
171485000	38
171490000	39
171495000	40
171500000	41
171505000	42
171510000	43
171515000	44
171520000	45
171525000	46
171530000	47
171535000	48
171540000	49
171545000	50
171550000	51
171555000	52
171560000	53
171565000	54
171570000	55
171575000	56
171580000	57
171585000	58
171590000	59
171595000	60
171600000	61
171605000	62
171610000	63
171615000	64
171620000	65
171625000	66
171630000	67
171635000	68
171640000	69
171645000	70
171650000	71
171655000	72
171660000	73
171665000	74
171670000	75
171675000	76
171680000	77
171685000	78
171690000	79
171695000	80
171700000	81
171705000	82
171710000	83
171715000	84
171720000	85
171725000	86
171730000	87
171735000	88
171740000	89
171745000	90
171750000	91
171755000	92
171760000	93
171765000	94
171770000	95
171775000	96
171780000	97
171785000	98
171790000	99
171795000	100
171800000	101
171805000	102
171810000	103
171815000	104
171820000	105
171825000	106
171830000	107
171835000	108
171840000	109
171845000	110
171850000	111
171855000	112
171860000	113
171865000	114
171870000	115
171875000	116
171880000	117
171885000	118
171890000	119
171895000	120
171900000	121
171905000	122
171910000	123
171915000	124
171920000	125
171925000	126
171930000	127
171935000	128
171940000	129
171945000	130
171950000	131
171955000	132
171960000	133
171965000	134
171970000	135
171975000	136
171980000	137
171985000	138
171990000	139
171995000	140
172000000	141
172005000	142
172010000	143
172015000	144
172020000	145
172025000	146
172030000	147
172035000	148
172040000	149
172045000	150
172050000	151
172055000	152
172060000	153
172065000	154
172070000	155
172075000	156
