201510000	0
201515000	1
201520000	2
201525000	3
201530000	4
201535000	5
201540000	6
201545000	7
201550000	8
201555000	9
201560000	10
201565000	11
201570000	12
201575000	13
201580000	14
201585000	15
201590000	16
201595000	17
201600000	18
201605000	19
201610000	20
201615000	21
201620000	22
201625000	23
201630000	24
201635000	25
201640000	26
201645000	27
201650000	28
201655000	29
201660000	30
201665000	31
201670000	32
201675000	33
201680000	34
201685000	35
201690000	36
201695000	37
201700000	38
201705000	39
201710000	40
201715000	41
201720000	42
201725000	43
201730000	44
201735000	45
201740000	46
201745000	47
201750000	48
201755000	49
201760000	50
201765000	51
201770000	52
201775000	53
201780000	54
201785000	55
201790000	56
201795000	57
201800000	58
201805000	59
201810000	60
201815000	61
201820000	62
201825000	63
201830000	64
201835000	65
201840000	66
201845000	67
201850000	68
201855000	69
201860000	70
201865000	71
201870000	72
201875000	73
201880000	74
201885000	75
201890000	76
201895000	77
201900000	78
201905000	79
201910000	80
201915000	81
201920000	82
201925000	83
201930000	84
201935000	85
201940000	86
201945000	87
201950000	88
201955000	89
201960000	90
201965000	91
201970000	92
201975000	93
201980000	94
201985000	95
201990000	96
201995000	97
202000000	98
202005000	99
202010000	100
202015000	101
202020000	102
202025000	103
202030000	104
202035000	105
202040000	106
202045000	107
202050000	108
202055000	109
202060000	110
202065000	111
202070000	112
202075000	113
202080000	114
202085000	115
202090000	116
202095000	117
202100000	118
202105000	119
202110000	120
202115000	121
202120000	122
202125000	123
