140400000	0
140405000	1
140410000	2
140415000	3
140420000	4
140425000	5
140430000	6
140435000	7
140440000	8
140445000	9
140450000	10
140455000	11
140460000	12
140465000	13
140470000	14
140475000	15
140480000	16
140485000	17
140490000	18
140495000	19
140500000	20
140505000	21
140510000	22
140515000	23
140520000	24
140525000	25
140530000	26
140535000	27
140540000	28
140545000	29
140550000	30
140555000	31
140560000	32
140565000	33
140570000	34
140575000	35
140580000	36
140585000	37
140590000	38
140595000	39
140600000	40
140605000	41
140610000	42
140615000	43
140620000	44
140625000	45
140630000	46
140635000	47
140640000	48
140645000	49
140650000	50
140655000	51
140660000	52
140665000	53
