103230000	0
103235000	1
103240000	2
103245000	3
103250000	4
103255000	5
103260000	6
103265000	7
103270000	8
103275000	9
103280000	10
103285000	11
103290000	12
103295000	13
103300000	14
103305000	15
103310000	16
103315000	17
103320000	18
103325000	19
103330000	20
103335000	21
103340000	22
103345000	23
103350000	24
103355000	25
103360000	26
103365000	27
103370000	28
103375000	29
103380000	30
103385000	31
103390000	32
103395000	33
103400000	34
103405000	35
103410000	36
103415000	37
103420000	38
103425000	39
103430000	40
103435000	41
103440000	42
103445000	43
103450000	44
103455000	45
103460000	46
103465000	47
103470000	48
103475000	49
103480000	50
103485000	51
103490000	52
103495000	53
103500000	54
103505000	55
103510000	56
103515000	57
103520000	58
103525000	59
103530000	60
103535000	61
103540000	62
103545000	63
103550000	64
103555000	65
103560000	66
103565000	67
103570000	68
103575000	69
103580000	70
103585000	71
103590000	72
103595000	73
103600000	74
103605000	75
103610000	76
103615000	77
103620000	78
103625000	79
103630000	80
103635000	81
103640000	82
103645000	83
103650000	84
103655000	85
103660000	86
103665000	87
103670000	88
103675000	89
103680000	90
103685000	91
103690000	92
103695000	93
103700000	94
103705000	95
103710000	96
103715000	97
103720000	98
103725000	99
103730000	100
103735000	101
103740000	102
103745000	103
103750000	104
103755000	105
103760000	106
103765000	107
103770000	108
103775000	109
103780000	110
103785000	111
103790000	112
103795000	113
103800000	114
103805000	115
103810000	116
103815000	117
103820000	118
103825000	119
103830000	120
103835000	121
103840000	122
103845000	123
