206070000	0
206080000	1
206085000	2
206090000	3
206095000	4
206100000	5
206105000	6
206110000	7
206115000	8
206120000	9
206125000	10
206130000	11
206135000	12
206140000	13
206145000	14
206150000	15
206155000	16
206160000	17
206165000	18
206175000	19
206180000	20
206185000	21
206190000	22
206195000	23
206200000	24
206205000	25
206210000	26
206215000	27
206220000	28
206225000	29
206230000	30
206235000	31
206240000	32
206245000	33
206250000	34
206255000	35
206260000	36
206265000	37
206270000	38
206275000	39
206280000	40
206285000	41
206290000	42
206295000	43
206300000	44
206305000	45
206310000	46
206315000	47
206320000	48
206325000	49
206330000	50
206480000	51
206485000	52
206495000	53
206500000	54
206505000	55
206510000	56
206515000	57
206520000	58
206525000	59
206530000	60
206535000	61
206540000	62
206545000	63
206550000	64
206555000	65
206560000	66
206565000	67
206570000	68
206575000	69
206580000	70
206585000	71
206590000	72
206595000	73
206600000	74
206605000	75
206610000	76
206615000	77
206620000	78
206625000	79
206630000	80
206635000	81
206640000	82
206645000	83
206650000	84
206655000	85
206660000	86
206665000	87
206670000	88
206675000	89
206680000	90
206685000	91
206690000	92
206695000	93
206700000	94
206705000	95
206710000	96
206715000	97
206720000	98
206725000	99
206730000	100
206735000	101
206740000	102
206745000	103
206750000	104
206755000	105
206760000	106
206765000	107
206770000	108
206775000	109
206780000	110
206785000	111
206790000	112
206795000	113
206800000	114
206805000	115
206810000	116
206815000	117
206820000	118
206825000	119
206830000	120
206835000	121
206840000	122
206845000	123
206850000	124
206855000	125
206860000	126
206865000	127
206870000	128
206875000	129
