175875000	0
175880000	1
175885000	2
175890000	3
175895000	4
175900000	5
175905000	6
175910000	7
175915000	8
175920000	9
175925000	10
175930000	11
175935000	12
175940000	13
175945000	14
175950000	15
175955000	16
175960000	17
175965000	18
175970000	19
175975000	20
175980000	21
175985000	22
175990000	23
175995000	24
176000000	25
176005000	26
176010000	27
176015000	28
176020000	29
176025000	30
176030000	31
176035000	32
176040000	33
176045000	34
176050000	35
176055000	36
176060000	37
176065000	38
176070000	39
176075000	40
176080000	41
176085000	42
176090000	43
176095000	44
176100000	45
176105000	46
176110000	47
176115000	48
176120000	49
176125000	50
176130000	51
176135000	52
176140000	53
176145000	54
176150000	55
176155000	56
176160000	57
176165000	58
176170000	59
176175000	60
176180000	61
176185000	62
176190000	63
176195000	64
176200000	65
176205000	66
176210000	67
176215000	68
176220000	69
176225000	70
176230000	71
176235000	72
176240000	73
176245000	74
176250000	75
176255000	76
176260000	77
176265000	78
176270000	79
176275000	80
176280000	81
176285000	82
176290000	83
176295000	84
176300000	85
176305000	86
176310000	87
176315000	88
176320000	89
176325000	90
