234865000	0
234870000	1
234875000	2
234880000	3
234885000	4
234890000	5
234895000	6
234900000	7
234905000	8
234910000	9
234915000	10
234920000	11
234925000	12
234930000	13
234935000	14
234940000	15
234945000	16
234950000	17
234955000	18
234960000	19
234965000	20
234970000	21
234975000	22
234980000	23
234985000	24
234990000	25
234995000	26
235000000	27
235005000	28
235010000	29
235015000	30
235020000	31
235025000	32
235030000	33
235035000	34
235040000	35
235045000	36
235050000	37
235055000	38
235060000	39
235065000	40
235070000	41
235075000	42
235080000	43
235085000	44
235090000	45
235095000	46
235100000	47
235105000	48
235110000	49
235115000	50
235120000	51
235125000	52
235130000	53
235135000	54
235140000	55
235145000	56
235150000	57
235155000	58
235160000	59
235165000	60
235170000	61
235175000	62
235180000	63
235185000	64
235190000	65
235240000	66
235245000	67
235250000	68
235255000	69
235260000	70
235265000	71
235270000	72
235275000	73
235280000	74
235285000	75
235290000	76
235295000	77
235300000	78
235305000	79
235310000	80
235315000	81
235320000	82
235325000	83
235330000	84
235335000	85
235340000	86
235345000	87
235350000	88
235355000	89
235360000	90
235365000	91
235370000	92
235375000	93
235380000	94
235385000	95
235390000	96
235395000	97
235400000	98
235405000	99
235410000	100
235415000	101
235420000	102
235425000	103
235430000	104
235435000	105
235440000	106
235445000	107
235450000	108
235455000	109
235460000	110
235465000	111
235470000	112
235475000	113
235480000	114
235485000	115
235490000	116
235495000	117
235500000	118
235505000	119
235510000	120
235515000	121
235520000	122
235525000	123
235530000	124
235535000	125
235540000	126
235545000	127
235550000	128
235555000	129
235560000	130
235565000	131
235570000	132
235575000	133
235580000	134
235585000	135
235590000	136
235595000	137
235600000	138
235605000	139
235610000	140
235615000	141
235620000	142
235625000	143
235630000	144
235635000	145
235640000	146
235645000	147
235650000	148
235655000	149
235660000	150
