184670000	0
184675000	1
184680000	2
184685000	3
184690000	4
184695000	5
184700000	6
184705000	7
184710000	8
184715000	9
184720000	10
184725000	11
184730000	12
184735000	13
184740000	14
184745000	15
184750000	16
184755000	17
184760000	18
184765000	19
184770000	20
184775000	21
184780000	22
184785000	23
184790000	24
184795000	25
184800000	26
184805000	27
184810000	28
184820000	29
184825000	30
184830000	31
184835000	32
184840000	33
184845000	34
184850000	35
184855000	36
184860000	37
184865000	38
184870000	39
184875000	40
184880000	41
184885000	42
184890000	43
184895000	44
184900000	45
184905000	46
184910000	47
184915000	48
184920000	49
184925000	50
184930000	51
184935000	52
184940000	53
184945000	54
184950000	55
184955000	56
184960000	57
184965000	58
184970000	59
184975000	60
184980000	61
184985000	62
184990000	63
184995000	64
185000000	65
185005000	66
185010000	67
185015000	68
185020000	69
185025000	70
185030000	71
185035000	72
185040000	73
185045000	74
185050000	75
185055000	76
185060000	77
185065000	78
185070000	79
185075000	80
185080000	81
185085000	82
185090000	83
185095000	84
185100000	85
185105000	86
185110000	87
185115000	88
185120000	89
185125000	90
185130000	91
185135000	92
185140000	93
185145000	94
185150000	95
185155000	96
185160000	97
185165000	98
185170000	99
185175000	100
185180000	101
185185000	102
185190000	103
185195000	104
185200000	105
185205000	106
185210000	107
185215000	108
185220000	109
185225000	110
185230000	111
185235000	112
185240000	113
185245000	114
185250000	115
185255000	116
185260000	117
185265000	118
185270000	119
185275000	120
185280000	121
185285000	122
185290000	123
185295000	124
185300000	125
185305000	126
185310000	127
185315000	128
185320000	129
185325000	130
185330000	131
185335000	132
185340000	133
185345000	134
185350000	135
185355000	136
185360000	137
185365000	138
185370000	139
185375000	140
185380000	141
185385000	142
185390000	143
185395000	144
185400000	145
185405000	146
185410000	147
185415000	148
185420000	149
185425000	150
185430000	151
185435000	152
185440000	153
185445000	154
185450000	155
185455000	156
185460000	157
185465000	158
185470000	159
185475000	160
185480000	161
185485000	162
185490000	163
185495000	164
185500000	165
185505000	166
185510000	167
185515000	168
185520000	169
185525000	170
185530000	171
185535000	172
185540000	173
185545000	174
185550000	175
185555000	176
185560000	177
185565000	178
185570000	179
185575000	180
185580000	181
185585000	182
185590000	183
185595000	184
185600000	185
185605000	186
185610000	187
185615000	188
185620000	189
185625000	190
185630000	191
185635000	192
185640000	193
185645000	194
185650000	195
185655000	196
185660000	197
