182045000	0
182050000	1
182055000	2
182060000	3
182065000	4
182070000	5
182075000	6
182080000	7
182085000	8
182090000	9
182095000	10
182100000	11
182105000	12
182110000	13
182115000	14
182120000	15
182125000	16
182130000	17
182135000	18
182140000	19
182145000	20
182150000	21
182155000	22
182160000	23
182165000	24
182170000	25
182175000	26
182180000	27
182185000	28
182190000	29
182195000	30
182200000	31
182205000	32
182210000	33
182215000	34
182220000	35
182225000	36
182230000	37
182235000	38
182240000	39
182245000	40
182250000	41
182255000	42
182260000	43
182265000	44
182270000	45
182275000	46
182280000	47
182285000	48
182290000	49
182295000	50
182300000	51
182305000	52
182310000	53
182315000	54
182320000	55
182325000	56
182330000	57
182335000	58
182340000	59
182345000	60
182350000	61
182355000	62
182360000	63
182365000	64
182370000	65
182375000	66
182380000	67
182385000	68
182390000	69
182395000	70
182400000	71
182405000	72
182410000	73
182415000	74
182420000	75
182425000	76
182430000	77
182435000	78
182440000	79
182445000	80
182450000	81
182455000	82
182460000	83
182465000	84
182470000	85
182475000	86
182480000	87
182485000	88
182490000	89
182495000	90
182500000	91
182505000	92
182510000	93
182515000	94
182520000	95
182525000	96
182530000	97
182535000	98
182540000	99
182545000	100
182550000	101
182555000	102
182560000	103
