180480000	0
180485000	1
180490000	2
180495000	3
180500000	4
180505000	5
180510000	6
180515000	7
180520000	8
180525000	9
180530000	10
180535000	11
180540000	12
180545000	13
180550000	14
180555000	15
180560000	16
180565000	17
180570000	18
180575000	19
180580000	20
180585000	21
180590000	22
180595000	23
180600000	24
180605000	25
180610000	26
180615000	27
180620000	28
180625000	29
180630000	30
180635000	31
180640000	32
180645000	33
180650000	34
180655000	35
180660000	36
180665000	37
180670000	38
180675000	39
180680000	40
180685000	41
180690000	42
180695000	43
180700000	44
180705000	45
180710000	46
180715000	47
180720000	48
180725000	49
180730000	50
180735000	51
180740000	52
180745000	53
180750000	54
180755000	55
180760000	56
180765000	57
180770000	58
180775000	59
180780000	60
180785000	61
180790000	62
180795000	63
180800000	64
180805000	65
180810000	66
180815000	67
180820000	68
180825000	69
180830000	70
180835000	71
180840000	72
180845000	73
180850000	74
180855000	75
180860000	76
180865000	77
180870000	78
180875000	79
180880000	80
180885000	81
180890000	82
180895000	83
180900000	84
180905000	85
180910000	86
180915000	87
180920000	88
180925000	89
180930000	90
180935000	91
180940000	92
180945000	93
180950000	94
180955000	95
180960000	96
180965000	97
180970000	98
180975000	99
180980000	100
180985000	101
180990000	102
180995000	103
181000000	104
181005000	105
181010000	106
181015000	107
181020000	108
181025000	109
181030000	110
181035000	111
181040000	112
181045000	113
181050000	114
181055000	115
181060000	116
181065000	117
181070000	118
181075000	119
181080000	120
181085000	121
181090000	122
181095000	123
181100000	124
181105000	125
181110000	126
181115000	127
181120000	128
181125000	129
181130000	130
181135000	131
181140000	132
181145000	133
