11845000	0
11850000	1
11855000	2
11860000	3
11865000	4
11870000	5
11875000	6
11880000	7
11885000	8
11890000	9
11895000	10
11900000	11
11905000	12
11910000	13
11915000	14
11920000	15
11925000	16
11930000	17
11935000	18
11940000	19
11945000	20
11950000	21
11955000	22
11960000	23
11965000	24
11970000	25
11975000	26
11980000	27
11985000	28
11990000	29
11995000	30
12000000	31
12005000	32
12010000	33
12015000	34
12020000	35
12025000	36
12030000	37
12035000	38
12040000	39
12045000	40
12050000	41
12055000	42
12060000	43
12065000	44
12070000	45
12075000	46
12080000	47
12085000	48
12090000	49
12095000	50
12100000	51
12105000	52
12110000	53
12115000	54
12120000	55
12125000	56
12130000	57
12135000	58
12140000	59
12145000	60
12150000	61
12155000	62
12160000	63
12165000	64
12170000	65
12175000	66
12180000	67
12185000	68
12190000	69
12195000	70
12200000	71
12205000	72
12210000	73
12215000	74
12220000	75
12225000	76
12230000	77
12235000	78
12240000	79
12245000	80
12250000	81
12255000	82
12260000	83
12265000	84
12270000	85
12275000	86
12280000	87
12285000	88
12290000	89
12295000	90
12300000	91
12305000	92
12310000	93
12315000	94
12320000	95
