53310000	0
53315000	1
53320000	2
53325000	3
53330000	4
53335000	5
53340000	6
53345000	7
53350000	8
53355000	9
53360000	10
53365000	11
53370000	12
53375000	13
53380000	14
53385000	15
53390000	16
53395000	17
53400000	18
53405000	19
53410000	20
53415000	21
53420000	22
53425000	23
53430000	24
53435000	25
53440000	26
53445000	27
53450000	28
53455000	29
53460000	30
53465000	31
53470000	32
53475000	33
53480000	34
53485000	35
53490000	36
53495000	37
53500000	38
53505000	39
53510000	40
53515000	41
53520000	42
53525000	43
53530000	44
53535000	45
53540000	46
53545000	47
53550000	48
53555000	49
53560000	50
53565000	51
53570000	52
53575000	53
53580000	54
53585000	55
53590000	56
53595000	57
53600000	58
53605000	59
53610000	60
53615000	61
53620000	62
53625000	63
53630000	64
53635000	65
53640000	66
53645000	67
53650000	68
53655000	69
53660000	70
53665000	71
53670000	72
53675000	73
53680000	74
53685000	75
53690000	76
53695000	77
53700000	78
53705000	79
53710000	80
53715000	81
53720000	82
53725000	83
53730000	84
53735000	85
53740000	86
53745000	87
53750000	88
53755000	89
53760000	90
53765000	91
53770000	92
53775000	93
53780000	94
53785000	95
53790000	96
53795000	97
53800000	98
53805000	99
53810000	100
53815000	101
53820000	102
53825000	103
53830000	104
53835000	105
53840000	106
53845000	107
53850000	108
53855000	109
53860000	110
53865000	111
53870000	112
53875000	113
53880000	114
53885000	115
53890000	116
53895000	117
53900000	118
53905000	119
53910000	120
53915000	121
53920000	122
53925000	123
53930000	124
53935000	125
53940000	126
53945000	127
53950000	128
53955000	129
53960000	130
53965000	131
53970000	132
53975000	133
53980000	134
53985000	135
53990000	136
53995000	137
54000000	138
54005000	139
54010000	140
54015000	141
54020000	142
54025000	143
54030000	144
54035000	145
54040000	146
54045000	147
54050000	148
54055000	149
54060000	150
54065000	151
54070000	152
54075000	153
54080000	154
54085000	155
54090000	156
54095000	157
54100000	158
54105000	159
54110000	160
54115000	161
54120000	162
54125000	163
54130000	164
54135000	165
54140000	166
54145000	167
54150000	168
54155000	169
54160000	170
54165000	171
54170000	172
54175000	173
54180000	174
54185000	175
54190000	176
54195000	177
54200000	178
54205000	179
54210000	180
54215000	181
54220000	182
54225000	183
54230000	184
54235000	185
54240000	186
54245000	187
54250000	188
54255000	189
54260000	190
54265000	191
54270000	192
54275000	193
54280000	194
54285000	195
54290000	196
54295000	197
54300000	198
54305000	199
54310000	200
54315000	201
54320000	202
54325000	203
54330000	204
54335000	205
54340000	206
54345000	207
54350000	208
54355000	209
54360000	210
54365000	211
54370000	212
54375000	213
54380000	214
54385000	215
54390000	216
54395000	217
54400000	218
54405000	219
54410000	220
54415000	221
54420000	222
54425000	223
54430000	224
54435000	225
54440000	226
54445000	227
54450000	228
54455000	229
54460000	230
54465000	231
54470000	232
54475000	233
54480000	234
54485000	235
54490000	236
54495000	237
54500000	238
54505000	239
54510000	240
54515000	241
54520000	242
54525000	243
54530000	244
54535000	245
54540000	246
54545000	247
54550000	248
54555000	249
54560000	250
54565000	251
54570000	252
54575000	253
54580000	254
54585000	255
54590000	256
54595000	257
54600000	258
54605000	259
54610000	260
54615000	261
54620000	262
54625000	263
54630000	264
54635000	265
54640000	266
54645000	267
54650000	268
54655000	269
54660000	270
54665000	271
54670000	272
54675000	273
54680000	274
54685000	275
54690000	276
54695000	277
54700000	278
54705000	279
54710000	280
54715000	281
54720000	282
54725000	283
54730000	284
54735000	285
54740000	286
54745000	287
54750000	288
54755000	289
54760000	290
54765000	291
54770000	292
54775000	293
54780000	294
54785000	295
54790000	296
54795000	297
54800000	298
54805000	299
54810000	300
54815000	301
54820000	302
54825000	303
54830000	304
54835000	305
54840000	306
54845000	307
54850000	308
54855000	309
54860000	310
54865000	311
54870000	312
54875000	313
54880000	314
54885000	315
54890000	316
54895000	317
54900000	318
54905000	319
54910000	320
54915000	321
54920000	322
54925000	323
54930000	324
54935000	325
54940000	326
54945000	327
54950000	328
54955000	329
54960000	330
54965000	331
54970000	332
54975000	333
54980000	334
54985000	335
54990000	336
54995000	337
55000000	338
55005000	339
55010000	340
55015000	341
55020000	342
55025000	343
55030000	344
55035000	345
55040000	346
55045000	347
55050000	348
55055000	349
55060000	350
55065000	351
55070000	352
55075000	353
55080000	354
55085000	355
55090000	356
55095000	357
55100000	358
55105000	359
55110000	360
55115000	361
55120000	362
55125000	363
55130000	364
55135000	365
55140000	366
55145000	367
55150000	368
55155000	369
55160000	370
55165000	371
55170000	372
55175000	373
55180000	374
55185000	375
55190000	376
55195000	377
55200000	378
55205000	379
55210000	380
55215000	381
55220000	382
55225000	383
55230000	384
55235000	385
55240000	386
55245000	387
55250000	388
55255000	389
55260000	390
55265000	391
55270000	392
55275000	393
55280000	394
55285000	395
55290000	396
55295000	397
55300000	398
55305000	399
55310000	400
55315000	401
55320000	402
55325000	403
55330000	404
55335000	405
