167685000	0
167690000	1
167695000	2
167700000	3
167705000	4
167710000	5
167715000	6
167720000	7
167725000	8
167730000	9
167735000	10
167740000	11
167745000	12
167750000	13
167755000	14
167760000	15
167765000	16
167770000	17
167775000	18
167780000	19
167785000	20
167790000	21
167795000	22
167800000	23
167805000	24
167810000	25
167815000	26
167820000	27
167825000	28
167830000	29
167835000	30
167840000	31
167845000	32
167850000	33
167855000	34
167860000	35
167865000	36
167870000	37
167875000	38
167880000	39
167885000	40
167890000	41
167895000	42
167900000	43
167905000	44
167910000	45
167915000	46
167920000	47
167925000	48
167930000	49
167935000	50
167940000	51
167945000	52
167950000	53
167955000	54
167960000	55
167965000	56
167970000	57
167975000	58
167980000	59
167985000	60
167990000	61
167995000	62
168000000	63
168005000	64
168010000	65
168015000	66
168020000	67
168025000	68
168030000	69
168035000	70
168040000	71
168045000	72
168050000	73
168055000	74
168060000	75
168065000	76
168070000	77
168075000	78
168080000	79
168085000	80
168090000	81
168095000	82
168100000	83
168105000	84
168110000	85
168115000	86
168120000	87
168125000	88
168130000	89
168135000	90
168140000	91
168145000	92
168150000	93
168155000	94
168160000	95
168165000	96
168170000	97
168175000	98
168180000	99
168185000	100
168190000	101
168195000	102
168200000	103
168205000	104
168210000	105
168215000	106
168220000	107
168225000	108
168230000	109
168235000	110
168240000	111
168245000	112
168250000	113
168255000	114
168260000	115
168265000	116
168270000	117
168275000	118
168280000	119
168285000	120
168290000	121
168295000	122
168300000	123
168305000	124
168310000	125
168315000	126
168320000	127
168325000	128
168330000	129
168335000	130
168340000	131
168345000	132
168350000	133
168355000	134
168360000	135
168365000	136
168370000	137
168375000	138
168380000	139
168385000	140
168390000	141
168395000	142
168400000	143
