61940000	0
61945000	1
61950000	2
61955000	3
61960000	4
61965000	5
61970000	6
61975000	7
61980000	8
61985000	9
61990000	10
61995000	11
62000000	12
62005000	13
62010000	14
62015000	15
62020000	16
62025000	17
62030000	18
62035000	19
62040000	20
62045000	21
62050000	22
62055000	23
62060000	24
62065000	25
62070000	26
62075000	27
62080000	28
62085000	29
62090000	30
62095000	31
62100000	32
62105000	33
62110000	34
62115000	35
62120000	36
62125000	37
62130000	38
62135000	39
62140000	40
62145000	41
62150000	42
62155000	43
62160000	44
62165000	45
62170000	46
62175000	47
62180000	48
62185000	49
62190000	50
62195000	51
62200000	52
62205000	53
62210000	54
62215000	55
62220000	56
62225000	57
62230000	58
62235000	59
62240000	60
62245000	61
62250000	62
62255000	63
62260000	64
62265000	65
62270000	66
62275000	67
62280000	68
62285000	69
62290000	70
62295000	71
62300000	72
62305000	73
62310000	74
62315000	75
