120230000	0
120235000	1
120240000	2
120245000	3
120250000	4
120255000	5
120260000	6
120265000	7
120270000	8
120275000	9
120280000	10
120285000	11
120290000	12
120295000	13
120300000	14
120305000	15
120310000	16
120315000	17
120320000	18
120325000	19
120330000	20
120335000	21
120340000	22
120345000	23
120350000	24
120355000	25
120360000	26
120365000	27
120370000	28
120375000	29
120380000	30
120385000	31
120390000	32
120395000	33
120400000	34
120405000	35
120410000	36
120415000	37
120420000	38
120425000	39
120430000	40
120435000	41
120440000	42
120445000	43
120450000	44
120455000	45
120460000	46
120465000	47
120470000	48
120475000	49
120480000	50
120485000	51
120490000	52
120495000	53
120500000	54
120505000	55
120510000	56
120515000	57
120520000	58
120525000	59
120530000	60
120535000	61
120540000	62
120545000	63
120550000	64
120555000	65
120560000	66
120565000	67
120570000	68
120575000	69
120580000	70
120585000	71
120590000	72
120595000	73
120600000	74
120605000	75
120610000	76
120615000	77
120620000	78
120625000	79
120630000	80
120635000	81
120640000	82
120645000	83
120650000	84
120655000	85
120660000	86
120665000	87
120670000	88
120675000	89
120680000	90
120685000	91
120690000	92
120695000	93
120745000	94
120750000	95
120755000	96
120760000	97
120765000	98
120780000	99
120785000	100
120790000	101
120795000	102
120800000	103
120810000	104
120820000	105
120825000	106
120830000	107
120835000	108
120840000	109
120845000	110
120850000	111
120860000	112
120870000	113
120875000	114
120885000	115
120890000	116
120895000	117
120900000	118
120905000	119
120910000	120
120915000	121
120920000	122
120925000	123
120930000	124
121085000	125
121090000	126
121095000	127
121100000	128
121105000	129
121110000	130
121115000	131
121120000	132
121125000	133
121130000	134
121135000	135
121140000	136
121145000	137
121150000	138
121155000	139
121160000	140
121165000	141
121170000	142
121175000	143
121180000	144
121185000	145
121190000	146
121195000	147
121200000	148
121205000	149
121210000	150
121215000	151
121220000	152
121225000	153
121230000	154
121235000	155
121240000	156
121245000	157
121250000	158
121255000	159
121260000	160
121265000	161
121270000	162
121280000	163
121285000	164
121290000	165
121295000	166
121300000	167
121305000	168
121310000	169
121315000	170
121320000	171
121325000	172
121330000	173
121335000	174
121340000	175
121345000	176
121350000	177
121355000	178
121365000	179
121370000	180
121385000	181
121425000	182
121475000	183
121480000	184
121485000	185
142535000	186
142540000	187
142545000	188
142550000	189
142555000	190
142560000	191
142565000	192
142570000	193
142575000	194
142580000	195
142585000	196
142590000	197
142595000	198
142600000	199
142605000	200
142610000	201
142615000	202
142620000	203
142625000	204
142630000	205
142635000	206
142640000	207
142645000	208
142650000	209
142655000	210
142660000	211
142665000	212
142670000	213
142675000	214
142680000	215
142685000	216
142690000	217
142695000	218
142700000	219
142705000	220
142710000	221
142715000	222
142720000	223
142725000	224
142730000	225
142780000	226
142785000	227
142790000	228
142795000	229
142800000	230
142805000	231
142850000	232
142910000	233
142915000	234
142955000	235
142960000	236
143115000	237
143120000	238
143125000	239
143130000	240
143135000	241
143140000	242
143145000	243
143150000	244
143155000	245
143160000	246
143165000	247
143170000	248
143175000	249
143180000	250
143185000	251
143190000	252
143195000	253
143200000	254
143205000	255
143210000	256
143215000	257
143220000	258
143235000	259
143240000	260
143245000	261
143250000	262
143255000	263
143260000	264
143265000	265
143270000	266
143275000	267
143280000	268
143285000	269
143290000	270
143385000	271
143390000	272
143395000	273
143400000	274
143405000	275
143415000	276
143420000	277
143425000	278
143465000	279
143470000	280
143475000	281
143480000	282
143490000	283
143495000	284
143500000	285
143505000	286
143510000	287
143515000	288
143525000	289
143530000	290
143535000	291
143540000	292
143650000	293
143660000	294
143665000	295
143670000	296
143740000	297
143745000	298
143750000	299
143755000	300
143760000	301
143765000	302
143870000	303
143875000	304
143900000	305
143905000	306
143910000	307
143915000	308
143920000	309
143925000	310
143935000	311
143940000	312
143950000	313
143955000	314
143960000	315
143965000	316
143970000	317
143980000	318
143985000	319
143990000	320
143995000	321
144000000	322
144005000	323
144010000	324
144015000	325
144020000	326
144025000	327
144030000	328
144035000	329
144040000	330
144045000	331
144050000	332
144055000	333
144060000	334
144065000	335
144070000	336
144075000	337
144080000	338
144085000	339
144090000	340
144095000	341
144310000	342
144360000	343
144450000	344
144465000	345
144470000	346
144475000	347
144480000	348
144520000	349
144525000	350
144530000	351
144535000	352
144545000	353
144550000	354
144555000	355
144565000	356
144570000	357
144575000	358
144585000	359
144590000	360
144595000	361
144600000	362
144605000	363
144610000	364
144615000	365
144620000	366
144670000	367
144675000	368
144680000	369
144685000	370
144690000	371
144695000	372
144700000	373
144705000	374
144810000	375
144815000	376
144820000	377
144825000	378
144830000	379
144835000	380
144840000	381
144845000	382
144850000	383
144855000	384
144860000	385
144865000	386
144870000	387
144875000	388
144880000	389
144885000	390
144890000	391
144895000	392
144900000	393
144905000	394
144910000	395
144915000	396
144920000	397
144925000	398
144930000	399
144935000	400
144940000	401
144945000	402
144950000	403
144955000	404
144960000	405
144965000	406
144970000	407
144975000	408
144980000	409
144985000	410
144990000	411
144995000	412
145000000	413
145005000	414
145010000	415
145015000	416
145020000	417
145025000	418
145030000	419
145035000	420
145040000	421
145045000	422
145050000	423
145055000	424
145060000	425
145065000	426
145070000	427
145075000	428
145080000	429
145085000	430
145090000	431
145095000	432
145100000	433
145105000	434
145110000	435
145115000	436
145120000	437
145125000	438
145130000	439
145135000	440
145140000	441
145145000	442
145150000	443
145155000	444
145160000	445
145165000	446
145170000	447
145175000	448
145180000	449
145185000	450
145190000	451
145195000	452
145200000	453
145205000	454
145210000	455
145215000	456
145220000	457
145225000	458
145230000	459
145235000	460
145240000	461
145245000	462
145250000	463
145255000	464
145260000	465
145265000	466
145270000	467
145275000	468
145280000	469
145285000	470
145290000	471
145295000	472
145300000	473
145310000	474
145320000	475
145325000	476
145330000	477
145350000	478
145365000	479
145370000	480
145375000	481
145380000	482
145385000	483
145390000	484
145395000	485
145400000	486
145405000	487
145410000	488
145415000	489
145420000	490
145425000	491
145430000	492
145435000	493
145440000	494
145445000	495
145450000	496
145455000	497
145460000	498
145465000	499
145470000	500
145475000	501
145480000	502
145485000	503
145490000	504
145495000	505
145500000	506
145505000	507
145510000	508
145515000	509
145520000	510
145525000	511
145530000	512
145535000	513
145540000	514
145545000	515
145550000	516
145555000	517
145560000	518
145565000	519
145570000	520
145575000	521
145580000	522
145585000	523
145590000	524
145595000	525
145600000	526
145605000	527
145610000	528
145615000	529
145620000	530
145625000	531
145630000	532
145635000	533
145640000	534
145645000	535
145650000	536
145655000	537
145660000	538
145665000	539
145670000	540
145675000	541
145680000	542
145685000	543
145690000	544
145695000	545
145700000	546
145705000	547
145710000	548
145715000	549
145720000	550
145725000	551
145730000	552
145735000	553
145740000	554
145745000	555
145750000	556
145755000	557
145760000	558
145765000	559
145770000	560
145775000	561
145780000	562
145785000	563
145790000	564
145795000	565
145800000	566
145805000	567
145810000	568
145815000	569
145820000	570
145825000	571
145830000	572
