176195000	0
176200000	1
176205000	2
176210000	3
176215000	4
176220000	5
176225000	6
176230000	7
176235000	8
176240000	9
176245000	10
176250000	11
176255000	12
176260000	13
176265000	14
176270000	15
176275000	16
176280000	17
176285000	18
176290000	19
176295000	20
176300000	21
176305000	22
176310000	23
176315000	24
176320000	25
176325000	26
176330000	27
176335000	28
176340000	29
176345000	30
176350000	31
176355000	32
176360000	33
176365000	34
176370000	35
176375000	36
176380000	37
176385000	38
176390000	39
176395000	40
176400000	41
176405000	42
176410000	43
176415000	44
176420000	45
176425000	46
176430000	47
176435000	48
176440000	49
176445000	50
176450000	51
176455000	52
176460000	53
176465000	54
176470000	55
176475000	56
176480000	57
176485000	58
176490000	59
176495000	60
176500000	61
176505000	62
176510000	63
176515000	64
176520000	65
176525000	66
176530000	67
176535000	68
176540000	69
176545000	70
176550000	71
176555000	72
176560000	73
176565000	74
176570000	75
176575000	76
176580000	77
176585000	78
176590000	79
176595000	80
176600000	81
176605000	82
176610000	83
176615000	84
176620000	85
176625000	86
176630000	87
176635000	88
176640000	89
176645000	90
176650000	91
176655000	92
176660000	93
176665000	94
176670000	95
176675000	96
176680000	97
176685000	98
176690000	99
176695000	100
176700000	101
176705000	102
176710000	103
176715000	104
176720000	105
176725000	106
176730000	107
176735000	108
176740000	109
176745000	110
176750000	111
176755000	112
176760000	113
176765000	114
176770000	115
176775000	116
176780000	117
176785000	118
176790000	119
176795000	120
176800000	121
176805000	122
176810000	123
176815000	124
176820000	125
176825000	126
176830000	127
176835000	128
176840000	129
176845000	130
176850000	131
176855000	132
176860000	133
176865000	134
176870000	135
176875000	136
176880000	137
176885000	138
176890000	139
176895000	140
176900000	141
176905000	142
176910000	143
176915000	144
176920000	145
176925000	146
176930000	147
176935000	148
176940000	149
176945000	150
176950000	151
176955000	152
176960000	153
176965000	154
176970000	155
176975000	156
176980000	157
176985000	158
176990000	159
176995000	160
177000000	161
177005000	162
177010000	163
177015000	164
177020000	165
177025000	166
177030000	167
177035000	168
177040000	169
177045000	170
177050000	171
177055000	172
177060000	173
177065000	174
177070000	175
177075000	176
177080000	177
177085000	178
177090000	179
177095000	180
177100000	181
177105000	182
177110000	183
177115000	184
177120000	185
177125000	186
177130000	187
177135000	188
177140000	189
177145000	190
177150000	191
177155000	192
177160000	193
177165000	194
177170000	195
177175000	196
177180000	197
177185000	198
177190000	199
177195000	200
177200000	201
177205000	202
177210000	203
177215000	204
177220000	205
177225000	206
177230000	207
177235000	208
177240000	209
177245000	210
177250000	211
177255000	212
177260000	213
177265000	214
177270000	215
177275000	216
177280000	217
177285000	218
177290000	219
177295000	220
177300000	221
177305000	222
177310000	223
177315000	224
177320000	225
177325000	226
177330000	227
177335000	228
177340000	229
177345000	230
177350000	231
177355000	232
177360000	233
177365000	234
177370000	235
177375000	236
177380000	237
177385000	238
177390000	239
177395000	240
177400000	241
177405000	242
177410000	243
177415000	244
177420000	245
177425000	246
177430000	247
177435000	248
177440000	249
177445000	250
177450000	251
177455000	252
177460000	253
177465000	254
177470000	255
177475000	256
177480000	257
177485000	258
177490000	259
177495000	260
177500000	261
177505000	262
177510000	263
177515000	264
177520000	265
177525000	266
177530000	267
177535000	268
177540000	269
177545000	270
177550000	271
177555000	272
177560000	273
177565000	274
177570000	275
177575000	276
177580000	277
177585000	278
177590000	279
177595000	280
177600000	281
177605000	282
177610000	283
177615000	284
177620000	285
177625000	286
177630000	287
177635000	288
177640000	289
177645000	290
177650000	291
177655000	292
177660000	293
177665000	294
177670000	295
177675000	296
177680000	297
177685000	298
177690000	299
177695000	300
177700000	301
177705000	302
177710000	303
177715000	304
177720000	305
177725000	306
177730000	307
177735000	308
177740000	309
177745000	310
177750000	311
177755000	312
177760000	313
177765000	314
177770000	315
177775000	316
177780000	317
177785000	318
177790000	319
177795000	320
177800000	321
177805000	322
177810000	323
177815000	324
177820000	325
177825000	326
177830000	327
177835000	328
177840000	329
177845000	330
177850000	331
177855000	332
177860000	333
177865000	334
177870000	335
177875000	336
177880000	337
177885000	338
177890000	339
177895000	340
177900000	341
177905000	342
177910000	343
177915000	344
177920000	345
177925000	346
177930000	347
177935000	348
177940000	349
