209230000	0
209235000	1
209240000	2
209245000	3
209250000	4
209255000	5
209260000	6
209265000	7
209270000	8
209275000	9
209280000	10
209285000	11
209290000	12
209295000	13
209300000	14
209305000	15
209310000	16
209315000	17
209320000	18
209325000	19
209330000	20
209335000	21
209340000	22
209345000	23
209350000	24
209355000	25
209360000	26
209365000	27
209370000	28
209375000	29
209380000	30
209385000	31
209390000	32
209395000	33
209400000	34
209405000	35
209410000	36
209415000	37
209420000	38
209425000	39
209430000	40
209435000	41
209440000	42
209445000	43
209450000	44
209455000	45
209460000	46
209465000	47
209470000	48
209475000	49
209480000	50
209485000	51
209490000	52
209495000	53
209500000	54
209505000	55
209510000	56
209515000	57
209520000	58
209525000	59
209530000	60
209535000	61
209540000	62
209545000	63
209550000	64
209555000	65
209560000	66
209565000	67
209570000	68
209575000	69
209580000	70
209585000	71
209590000	72
209595000	73
209600000	74
209605000	75
209610000	76
209615000	77
209620000	78
209625000	79
209630000	80
209635000	81
209640000	82
209645000	83
209650000	84
209655000	85
209660000	86
209665000	87
209670000	88
209675000	89
209680000	90
209685000	91
209690000	92
209695000	93
209700000	94
209705000	95
209710000	96
209715000	97
209720000	98
209725000	99
209730000	100
209735000	101
209740000	102
209745000	103
209750000	104
209755000	105
209760000	106
209765000	107
