51230000	0
51235000	1
51240000	2
51245000	3
51250000	4
51255000	5
51260000	6
51265000	7
51270000	8
51275000	9
51280000	10
51285000	11
51290000	12
51295000	13
51300000	14
51305000	15
51310000	16
51315000	17
51320000	18
51325000	19
51330000	20
51335000	21
51340000	22
51345000	23
51350000	24
51355000	25
51360000	26
51365000	27
51370000	28
51375000	29
51380000	30
51385000	31
51390000	32
51395000	33
51400000	34
51405000	35
51410000	36
51415000	37
51420000	38
51425000	39
51430000	40
51435000	41
51440000	42
51445000	43
51450000	44
51455000	45
51460000	46
51465000	47
51470000	48
51475000	49
51480000	50
51485000	51
51490000	52
51495000	53
51500000	54
51505000	55
51510000	56
51515000	57
51520000	58
51525000	59
51530000	60
51535000	61
51540000	62
51545000	63
51550000	64
51555000	65
51560000	66
51565000	67
51570000	68
51575000	69
51580000	70
51585000	71
51590000	72
51595000	73
51600000	74
51605000	75
51610000	76
51615000	77
51620000	78
51625000	79
51630000	80
51635000	81
51640000	82
51645000	83
51650000	84
51655000	85
51660000	86
51665000	87
51670000	88
51675000	89
51680000	90
51685000	91
51690000	92
51695000	93
51700000	94
51705000	95
51710000	96
51715000	97
51720000	98
51725000	99
51730000	100
51735000	101
51740000	102
51745000	103
51750000	104
51755000	105
51760000	106
51765000	107
51770000	108
51775000	109
51780000	110
51785000	111
51790000	112
51795000	113
51800000	114
51805000	115
51810000	116
51815000	117
51820000	118
51825000	119
51830000	120
51835000	121
51840000	122
51845000	123
51850000	124
51855000	125
51860000	126
51865000	127
51870000	128
51875000	129
51880000	130
51885000	131
51890000	132
51895000	133
51900000	134
51905000	135
51910000	136
51915000	137
51920000	138
51925000	139
51930000	140
51935000	141
51940000	142
51945000	143
51950000	144
51955000	145
51960000	146
51965000	147
51970000	148
51975000	149
51980000	150
51985000	151
51990000	152
51995000	153
52000000	154
52005000	155
52010000	156
52015000	157
52020000	158
52025000	159
52030000	160
52035000	161
52040000	162
52045000	163
52050000	164
52055000	165
52060000	166
52065000	167
52070000	168
52075000	169
52080000	170
52085000	171
52090000	172
52095000	173
52100000	174
52105000	175
52110000	176
52115000	177
52120000	178
52125000	179
52130000	180
52135000	181
52140000	182
52145000	183
52150000	184
52155000	185
52160000	186
52165000	187
52170000	188
52175000	189
52180000	190
52185000	191
52190000	192
52195000	193
52200000	194
52205000	195
52210000	196
52215000	197
52220000	198
52225000	199
52230000	200
52235000	201
52240000	202
52245000	203
52250000	204
52255000	205
52260000	206
52265000	207
52270000	208
52275000	209
52280000	210
52285000	211
52290000	212
52295000	213
52300000	214
52305000	215
