243510000	0
243515000	1
243520000	2
243525000	3
243530000	4
243535000	5
243540000	6
243545000	7
243550000	8
243555000	9
243560000	10
243565000	11
243570000	12
243575000	13
243580000	14
243585000	15
243590000	16
243595000	17
243600000	18
243605000	19
243610000	20
243615000	21
243620000	22
243625000	23
243630000	24
243635000	25
243640000	26
243645000	27
243650000	28
243655000	29
243660000	30
243665000	31
243670000	32
243675000	33
243680000	34
243685000	35
243690000	36
243695000	37
243700000	38
243705000	39
243710000	40
243715000	41
243720000	42
243725000	43
243730000	44
243735000	45
243740000	46
243745000	47
243750000	48
243755000	49
243760000	50
243765000	51
243770000	52
243775000	53
243780000	54
243785000	55
243790000	56
243795000	57
243800000	58
243805000	59
243810000	60
243815000	61
243820000	62
243825000	63
243830000	64
243835000	65
243840000	66
243845000	67
243850000	68
243855000	69
243860000	70
243865000	71
243870000	72
243875000	73
243880000	74
243885000	75
243890000	76
243895000	77
243900000	78
243905000	79
243910000	80
243915000	81
243920000	82
243925000	83
243930000	84
243935000	85
243940000	86
243945000	87
243950000	88
243955000	89
243960000	90
243965000	91
243970000	92
243975000	93
243980000	94
243985000	95
243990000	96
243995000	97
244000000	98
244005000	99
244010000	100
244015000	101
244020000	102
244025000	103
244030000	104
244035000	105
244040000	106
244045000	107
244050000	108
244055000	109
244060000	110
244065000	111
244070000	112
244075000	113
244080000	114
244085000	115
244090000	116
244095000	117
244100000	118
244105000	119
244110000	120
244115000	121
244120000	122
244125000	123
244130000	124
244135000	125
244140000	126
244145000	127
244150000	128
244155000	129
244160000	130
244165000	131
244170000	132
244175000	133
244180000	134
244185000	135
244190000	136
244195000	137
244200000	138
244205000	139
244210000	140
244215000	141
244220000	142
244225000	143
244230000	144
244235000	145
244240000	146
244245000	147
244250000	148
244255000	149
244260000	150
244265000	151
244270000	152
244275000	153
244280000	154
244285000	155
244290000	156
244295000	157
244300000	158
244305000	159
244310000	160
244315000	161
244320000	162
244325000	163
244330000	164
244335000	165
244340000	166
244345000	167
244350000	168
244355000	169
244360000	170
244365000	171
244370000	172
244375000	173
244380000	174
244385000	175
244390000	176
244395000	177
244400000	178
244405000	179
244410000	180
244415000	181
244420000	182
244425000	183
244430000	184
244435000	185
244440000	186
244445000	187
244450000	188
244455000	189
244460000	190
