57080000	0
57085000	1
57090000	2
57095000	3
57100000	4
57105000	5
57110000	6
57115000	7
57120000	8
57125000	9
57130000	10
57135000	11
57140000	12
57145000	13
57150000	14
57155000	15
57160000	16
57165000	17
57170000	18
57175000	19
57180000	20
57185000	21
57190000	22
57195000	23
57200000	24
57205000	25
57210000	26
57215000	27
57220000	28
57225000	29
57230000	30
57235000	31
57240000	32
57245000	33
57250000	34
57255000	35
57260000	36
57265000	37
57270000	38
57275000	39
57280000	40
57285000	41
57290000	42
57295000	43
57300000	44
57305000	45
57310000	46
57315000	47
57320000	48
57325000	49
57330000	50
57335000	51
57340000	52
57345000	53
57350000	54
57355000	55
57360000	56
57365000	57
57370000	58
57375000	59
57380000	60
57385000	61
57390000	62
57395000	63
57400000	64
57405000	65
57410000	66
57415000	67
57420000	68
57425000	69
57430000	70
57435000	71
57440000	72
57445000	73
57450000	74
57455000	75
57460000	76
57465000	77
57470000	78
57475000	79
57480000	80
57485000	81
57490000	82
57495000	83
57500000	84
57505000	85
57510000	86
57515000	87
57520000	88
57525000	89
57530000	90
57535000	91
57540000	92
57545000	93
57550000	94
57555000	95
57560000	96
57565000	97
57570000	98
57575000	99
57580000	100
57585000	101
57590000	102
57595000	103
57600000	104
57605000	105
57610000	106
57615000	107
57620000	108
57625000	109
57630000	110
57635000	111
57640000	112
57645000	113
57650000	114
57655000	115
57660000	116
57665000	117
57670000	118
57675000	119
57680000	120
57685000	121
57690000	122
57695000	123
57700000	124
57705000	125
57710000	126
57715000	127
57720000	128
57725000	129
57730000	130
57735000	131
57740000	132
57745000	133
57750000	134
57755000	135
57760000	136
57765000	137
57770000	138
57775000	139
57780000	140
57785000	141
57790000	142
57795000	143
57800000	144
57805000	145
57810000	146
57815000	147
57820000	148
57825000	149
57830000	150
57835000	151
57840000	152
57845000	153
57850000	154
57855000	155
57860000	156
57865000	157
57870000	158
57875000	159
57880000	160
57885000	161
57890000	162
57895000	163
57900000	164
57905000	165
57910000	166
57915000	167
57920000	168
57925000	169
57930000	170
57935000	171
57940000	172
57945000	173
57950000	174
57955000	175
57960000	176
57965000	177
57970000	178
57975000	179
57980000	180
57985000	181
57990000	182
57995000	183
58000000	184
58005000	185
58010000	186
58015000	187
58020000	188
58025000	189
58030000	190
58035000	191
58040000	192
58045000	193
58050000	194
58055000	195
58060000	196
58065000	197
58070000	198
58075000	199
58080000	200
58085000	201
58090000	202
58095000	203
58100000	204
58105000	205
58110000	206
58115000	207
58120000	208
58125000	209
58130000	210
58135000	211
58140000	212
58145000	213
58150000	214
58155000	215
58160000	216
58165000	217
58170000	218
58175000	219
58180000	220
58185000	221
58190000	222
58195000	223
58200000	224
58205000	225
58210000	226
58215000	227
58220000	228
58225000	229
58230000	230
58235000	231
58240000	232
58245000	233
58250000	234
58255000	235
58260000	236
58265000	237
58270000	238
58275000	239
58280000	240
58285000	241
58290000	242
58295000	243
58300000	244
58305000	245
58310000	246
58315000	247
58320000	248
58325000	249
58330000	250
58335000	251
58340000	252
58345000	253
58350000	254
58355000	255
58360000	256
58365000	257
58370000	258
58375000	259
58380000	260
58385000	261
58390000	262
58395000	263
58400000	264
58405000	265
58410000	266
58415000	267
58420000	268
58425000	269
58430000	270
58435000	271
58440000	272
58445000	273
58450000	274
58455000	275
58460000	276
58465000	277
58470000	278
58475000	279
58480000	280
58485000	281
58490000	282
58495000	283
58500000	284
58505000	285
58510000	286
