97185000	0
97190000	1
97195000	2
97200000	3
97205000	4
97210000	5
97215000	6
97220000	7
97225000	8
97230000	9
97235000	10
97240000	11
97245000	12
97250000	13
97255000	14
97260000	15
97265000	16
97270000	17
97275000	18
97280000	19
97285000	20
97290000	21
97295000	22
97300000	23
97305000	24
97310000	25
97315000	26
97320000	27
97325000	28
97330000	29
97335000	30
97340000	31
97345000	32
97350000	33
97355000	34
97360000	35
97365000	36
97370000	37
97375000	38
97380000	39
97385000	40
97390000	41
97395000	42
97400000	43
97405000	44
97410000	45
97415000	46
97420000	47
