235270000	0
235275000	1
235280000	2
235285000	3
235290000	4
235295000	5
235300000	6
235305000	7
235310000	8
235315000	9
235320000	10
235325000	11
235330000	12
235335000	13
235340000	14
235345000	15
235350000	16
235355000	17
235360000	18
235365000	19
235370000	20
235375000	21
235380000	22
235385000	23
235390000	24
235395000	25
235400000	26
235405000	27
235410000	28
235415000	29
235420000	30
235425000	31
235430000	32
235435000	33
235440000	34
235445000	35
235450000	36
235455000	37
235460000	38
235465000	39
235470000	40
235475000	41
235480000	42
235485000	43
235490000	44
235495000	45
235500000	46
235505000	47
235510000	48
235515000	49
235520000	50
235525000	51
235530000	52
235535000	53
235540000	54
235545000	55
235550000	56
235555000	57
235560000	58
235565000	59
235570000	60
235575000	61
235580000	62
235585000	63
235590000	64
235595000	65
235600000	66
235605000	67
235610000	68
235615000	69
235620000	70
235625000	71
235630000	72
235635000	73
235640000	74
235645000	75
235650000	76
235655000	77
235660000	78
235665000	79
235670000	80
235675000	81
235680000	82
235685000	83
235690000	84
235695000	85
235700000	86
235705000	87
235710000	88
235715000	89
235720000	90
235725000	91
235730000	92
235735000	93
235740000	94
235745000	95
235750000	96
235755000	97
235760000	98
235765000	99
235770000	100
235775000	101
235780000	102
235785000	103
235790000	104
235795000	105
235800000	106
235805000	107
235810000	108
235815000	109
235820000	110
235825000	111
235830000	112
235835000	113
235840000	114
235845000	115
235850000	116
235855000	117
235860000	118
235865000	119
235870000	120
235875000	121
235880000	122
235885000	123
235890000	124
235895000	125
235900000	126
235905000	127
235910000	128
235915000	129
235920000	130
235925000	131
235930000	132
235935000	133
235940000	134
235945000	135
235950000	136
235955000	137
235960000	138
235965000	139
235970000	140
235975000	141
235980000	142
235985000	143
235990000	144
235995000	145
236000000	146
236005000	147
236010000	148
236015000	149
236020000	150
236025000	151
236030000	152
236035000	153
236040000	154
236045000	155
236050000	156
236055000	157
236060000	158
236065000	159
236070000	160
236075000	161
236080000	162
236085000	163
236090000	164
236095000	165
236100000	166
236105000	167
236110000	168
236115000	169
236120000	170
236125000	171
236130000	172
236135000	173
236140000	174
236145000	175
236150000	176
236155000	177
236160000	178
236165000	179
236170000	180
236175000	181
236180000	182
236185000	183
236190000	184
236195000	185
236200000	186
236205000	187
236210000	188
236215000	189
236220000	190
236225000	191
236230000	192
236235000	193
236240000	194
236245000	195
236250000	196
236255000	197
236260000	198
236265000	199
236270000	200
236275000	201
236280000	202
236285000	203
236290000	204
236295000	205
236300000	206
236305000	207
236310000	208
236315000	209
236320000	210
236325000	211
236330000	212
236335000	213
236340000	214
236345000	215
236350000	216
236355000	217
236360000	218
236365000	219
236370000	220
236375000	221
236380000	222
236385000	223
236390000	224
236395000	225
236400000	226
236405000	227
236410000	228
236415000	229
236420000	230
236425000	231
236430000	232
236435000	233
236440000	234
236445000	235
236450000	236
236455000	237
236460000	238
236465000	239
236470000	240
236475000	241
236480000	242
236485000	243
236490000	244
236495000	245
236500000	246
236505000	247
236510000	248
236515000	249
236520000	250
236525000	251
236530000	252
236535000	253
236540000	254
236545000	255
236550000	256
236555000	257
236560000	258
236565000	259
236570000	260
236575000	261
236580000	262
236585000	263
236590000	264
236595000	265
236600000	266
236605000	267
236610000	268
236615000	269
236620000	270
236625000	271
236630000	272
236635000	273
236640000	274
236645000	275
236650000	276
236655000	277
236660000	278
236665000	279
236670000	280
236675000	281
236680000	282
236685000	283
236690000	284
236695000	285
236700000	286
236705000	287
236710000	288
236715000	289
236720000	290
236725000	291
236730000	292
236735000	293
236740000	294
236745000	295
236750000	296
236755000	297
236760000	298
236765000	299
236770000	300
236775000	301
236780000	302
236785000	303
236790000	304
236795000	305
236800000	306
236805000	307
236810000	308
236815000	309
236820000	310
236825000	311
236830000	312
236835000	313
236840000	314
236845000	315
236850000	316
236855000	317
236860000	318
236865000	319
236870000	320
236875000	321
236880000	322
236885000	323
236890000	324
236895000	325
236900000	326
236905000	327
236910000	328
236915000	329
236920000	330
236925000	331
236930000	332
236935000	333
236940000	334
236945000	335
236950000	336
236955000	337
236960000	338
236965000	339
236970000	340
236975000	341
236980000	342
236985000	343
236990000	344
236995000	345
237000000	346
237005000	347
237010000	348
237015000	349
237020000	350
237025000	351
237030000	352
237035000	353
237040000	354
237045000	355
237050000	356
237055000	357
237060000	358
237065000	359
