87590000	0
87595000	1
87600000	2
87605000	3
87610000	4
87615000	5
87620000	6
87625000	7
87630000	8
87635000	9
87640000	10
87645000	11
87650000	12
87655000	13
87660000	14
87665000	15
87670000	16
87675000	17
87680000	18
87685000	19
87690000	20
87695000	21
87700000	22
87705000	23
87710000	24
87715000	25
87720000	26
87725000	27
87730000	28
87735000	29
87740000	30
87745000	31
87750000	32
87755000	33
87760000	34
87765000	35
87770000	36
87775000	37
87780000	38
87785000	39
87790000	40
87795000	41
87800000	42
87805000	43
87810000	44
87815000	45
87820000	46
87825000	47
87830000	48
87835000	49
87840000	50
87845000	51
87850000	52
87855000	53
87860000	54
87865000	55
87870000	56
87875000	57
87880000	58
87885000	59
87890000	60
87895000	61
87900000	62
87905000	63
87910000	64
87915000	65
87920000	66
87925000	67
87930000	68
87935000	69
87940000	70
87945000	71
87950000	72
87955000	73
87960000	74
87965000	75
87970000	76
87975000	77
87980000	78
87985000	79
87990000	80
87995000	81
88000000	82
88005000	83
88010000	84
88015000	85
88020000	86
88025000	87
88030000	88
88035000	89
88040000	90
88045000	91
88050000	92
88055000	93
88060000	94
88065000	95
88070000	96
88075000	97
88080000	98
88085000	99
88090000	100
88095000	101
88100000	102
88105000	103
88110000	104
88115000	105
88120000	106
88125000	107
88130000	108
88135000	109
88140000	110
88145000	111
88150000	112
88155000	113
88160000	114
88165000	115
88170000	116
88175000	117
88180000	118
88185000	119
88190000	120
88195000	121
88200000	122
88205000	123
88210000	124
88215000	125
88220000	126
88225000	127
88230000	128
88235000	129
88240000	130
88245000	131
88250000	132
88255000	133
88260000	134
88265000	135
88270000	136
88275000	137
88280000	138
88285000	139
88290000	140
88295000	141
88300000	142
88305000	143
88310000	144
88315000	145
88320000	146
88325000	147
88330000	148
88335000	149
88340000	150
88345000	151
88350000	152
88355000	153
88360000	154
88365000	155
88370000	156
88375000	157
88380000	158
88385000	159
88390000	160
88395000	161
88400000	162
88405000	163
88410000	164
88415000	165
88420000	166
88425000	167
88430000	168
88435000	169
