118070000	0
118075000	1
118080000	2
118085000	3
118090000	4
118095000	5
118100000	6
118105000	7
118110000	8
118115000	9
118120000	10
118125000	11
118130000	12
118135000	13
118140000	14
118145000	15
118150000	16
118155000	17
118160000	18
118165000	19
118170000	20
118175000	21
118180000	22
118185000	23
118190000	24
118195000	25
118200000	26
118205000	27
118210000	28
118215000	29
118220000	30
118225000	31
118230000	32
118235000	33
118240000	34
118245000	35
118250000	36
118255000	37
118260000	38
118265000	39
118270000	40
118275000	41
118280000	42
118285000	43
118290000	44
118295000	45
118300000	46
118305000	47
118310000	48
118315000	49
118320000	50
118325000	51
118330000	52
118335000	53
118340000	54
118345000	55
118350000	56
118355000	57
118360000	58
118365000	59
118370000	60
118375000	61
118380000	62
118385000	63
118390000	64
118395000	65
118400000	66
118405000	67
118410000	68
118415000	69
118420000	70
118425000	71
118430000	72
118435000	73
118440000	74
118445000	75
118450000	76
118455000	77
118460000	78
118465000	79
118470000	80
118475000	81
118480000	82
118485000	83
118490000	84
118495000	85
118500000	86
118505000	87
118510000	88
118515000	89
118520000	90
118525000	91
118530000	92
118535000	93
118540000	94
118545000	95
118550000	96
118555000	97
118560000	98
118565000	99
118570000	100
118575000	101
118580000	102
118585000	103
118590000	104
118595000	105
118600000	106
118605000	107
118610000	108
118615000	109
118620000	110
118625000	111
118630000	112
118635000	113
118640000	114
118645000	115
118650000	116
118655000	117
118660000	118
118665000	119
118670000	120
118675000	121
118680000	122
118685000	123
118690000	124
118695000	125
118700000	126
118705000	127
118710000	128
118715000	129
118720000	130
118725000	131
118730000	132
118735000	133
118740000	134
118745000	135
118750000	136
118755000	137
118760000	138
118765000	139
118770000	140
118775000	141
118780000	142
118785000	143
118790000	144
118795000	145
118800000	146
118805000	147
118810000	148
118815000	149
118820000	150
118825000	151
118830000	152
118835000	153
118840000	154
118845000	155
118850000	156
118855000	157
118860000	158
118865000	159
118870000	160
118875000	161
118880000	162
118885000	163
118890000	164
118895000	165
118900000	166
118905000	167
118910000	168
118915000	169
118920000	170
118925000	171
118930000	172
118935000	173
118940000	174
118945000	175
118950000	176
118955000	177
118960000	178
118965000	179
118970000	180
118975000	181
118980000	182
118985000	183
118990000	184
118995000	185
119000000	186
119005000	187
119010000	188
119015000	189
119020000	190
119025000	191
119030000	192
119035000	193
119040000	194
119045000	195
119050000	196
119055000	197
119060000	198
119065000	199
119070000	200
119075000	201
119080000	202
119085000	203
119090000	204
119095000	205
119100000	206
119105000	207
119110000	208
119115000	209
119120000	210
119125000	211
119130000	212
119135000	213
119140000	214
119145000	215
119150000	216
119155000	217
119160000	218
119165000	219
119170000	220
119175000	221
119180000	222
119185000	223
119190000	224
119195000	225
119200000	226
119205000	227
119210000	228
119215000	229
119220000	230
119225000	231
119230000	232
119235000	233
119240000	234
119245000	235
119250000	236
119255000	237
119260000	238
119265000	239
119270000	240
119275000	241
119280000	242
119285000	243
119290000	244
119295000	245
119300000	246
119305000	247
119310000	248
119315000	249
119320000	250
119325000	251
119330000	252
119335000	253
119340000	254
119345000	255
119350000	256
119355000	257
119360000	258
119365000	259
119370000	260
119375000	261
119380000	262
119385000	263
119390000	264
119395000	265
119400000	266
119405000	267
119410000	268
119415000	269
119420000	270
119425000	271
119430000	272
119435000	273
119440000	274
119445000	275
119450000	276
