114420000	0
114425000	1
114430000	2
114435000	3
114440000	4
114445000	5
114450000	6
114455000	7
114460000	8
114465000	9
114470000	10
114475000	11
114480000	12
114485000	13
114490000	14
114495000	15
114500000	16
114505000	17
114510000	18
114515000	19
114520000	20
114525000	21
114530000	22
114535000	23
114540000	24
114545000	25
114550000	26
114555000	27
114560000	28
114565000	29
114570000	30
114575000	31
114580000	32
114585000	33
114590000	34
114595000	35
114600000	36
114605000	37
114610000	38
114615000	39
114620000	40
114625000	41
114630000	42
114635000	43
114640000	44
114645000	45
114650000	46
114655000	47
114660000	48
114665000	49
114670000	50
114675000	51
114680000	52
114685000	53
114690000	54
114695000	55
114700000	56
114705000	57
114710000	58
114715000	59
114720000	60
114725000	61
114730000	62
114735000	63
114740000	64
114745000	65
114750000	66
114755000	67
114760000	68
114765000	69
114770000	70
114775000	71
114780000	72
114785000	73
114790000	74
114795000	75
114800000	76
114805000	77
114810000	78
114815000	79
114820000	80
114825000	81
114830000	82
114835000	83
114840000	84
114845000	85
114850000	86
114855000	87
114860000	88
114865000	89
114870000	90
114875000	91
114880000	92
114885000	93
114890000	94
114895000	95
114900000	96
114905000	97
114910000	98
114915000	99
114920000	100
114925000	101
114930000	102
114935000	103
114940000	104
114945000	105
114950000	106
114955000	107
114960000	108
