149900000	0
149905000	1
149910000	2
149915000	3
149920000	4
149925000	5
149930000	6
149935000	7
149940000	8
149945000	9
149950000	10
149955000	11
149960000	12
149965000	13
149970000	14
149975000	15
149980000	16
149985000	17
149990000	18
149995000	19
150000000	20
150005000	21
150010000	22
150015000	23
150020000	24
150025000	25
150030000	26
150035000	27
150040000	28
150045000	29
150050000	30
150055000	31
150060000	32
150065000	33
150070000	34
150075000	35
150080000	36
150085000	37
150090000	38
150095000	39
150100000	40
150105000	41
150110000	42
150115000	43
150120000	44
150125000	45
150130000	46
150135000	47
150140000	48
150145000	49
150150000	50
150155000	51
150160000	52
150165000	53
150170000	54
150175000	55
150180000	56
150185000	57
150190000	58
150195000	59
150200000	60
150205000	61
150210000	62
150215000	63
150220000	64
150225000	65
150230000	66
150235000	67
150240000	68
150245000	69
150250000	70
150255000	71
150260000	72
150265000	73
150270000	74
150275000	75
150280000	76
150285000	77
150290000	78
150295000	79
