60175000	0
60180000	1
60185000	2
60190000	3
60195000	4
60200000	5
60205000	6
60210000	7
60215000	8
60220000	9
60225000	10
60230000	11
60235000	12
60240000	13
60245000	14
60250000	15
60255000	16
60260000	17
60265000	18
60270000	19
60275000	20
60280000	21
60285000	22
60290000	23
60295000	24
60300000	25
60305000	26
60310000	27
60315000	28
60320000	29
60325000	30
60330000	31
60335000	32
60340000	33
60345000	34
60350000	35
60355000	36
60360000	37
60365000	38
60370000	39
60375000	40
60380000	41
60385000	42
60390000	43
60395000	44
60400000	45
60405000	46
60410000	47
60415000	48
60420000	49
60425000	50
60430000	51
60435000	52
60440000	53
60445000	54
60450000	55
60455000	56
60460000	57
60465000	58
60470000	59
60475000	60
60480000	61
60485000	62
60490000	63
60495000	64
60500000	65
60505000	66
60510000	67
60515000	68
60520000	69
60525000	70
60530000	71
60535000	72
60540000	73
60545000	74
60550000	75
60555000	76
60560000	77
60565000	78
60570000	79
60575000	80
60580000	81
60585000	82
60590000	83
60595000	84
60600000	85
60605000	86
60610000	87
60615000	88
60620000	89
60625000	90
60630000	91
60635000	92
60640000	93
60645000	94
60650000	95
60655000	96
60660000	97
60665000	98
60670000	99
60675000	100
60680000	101
60685000	102
60690000	103
60695000	104
60700000	105
60705000	106
