24750000	0
24755000	1
24760000	2
24765000	3
24770000	4
24775000	5
24780000	6
24785000	7
24790000	8
24795000	9
24800000	10
24805000	11
24810000	12
24815000	13
24820000	14
24825000	15
24830000	16
24835000	17
24840000	18
24845000	19
24850000	20
24855000	21
24860000	22
24865000	23
24870000	24
24875000	25
24880000	26
24885000	27
24890000	28
24895000	29
24900000	30
24905000	31
24910000	32
24915000	33
24920000	34
24925000	35
24930000	36
24935000	37
24940000	38
24945000	39
24950000	40
24955000	41
24960000	42
24965000	43
24970000	44
24975000	45
24980000	46
24985000	47
24990000	48
24995000	49
25000000	50
25005000	51
25010000	52
25015000	53
25020000	54
25025000	55
25030000	56
25035000	57
25040000	58
25045000	59
25050000	60
25055000	61
25060000	62
25065000	63
25070000	64
25075000	65
25080000	66
25085000	67
25090000	68
25095000	69
25100000	70
25105000	71
25110000	72
25115000	73
25120000	74
25125000	75
25130000	76
25135000	77
25140000	78
25145000	79
25150000	80
25155000	81
25160000	82
