124295000	0
124300000	1
124305000	2
124310000	3
124315000	4
124320000	5
124325000	6
124330000	7
124335000	8
124340000	9
124345000	10
124350000	11
124355000	12
124360000	13
124365000	14
124370000	15
124375000	16
124380000	17
124385000	18
124390000	19
124395000	20
124400000	21
124405000	22
124410000	23
124415000	24
124420000	25
124425000	26
124430000	27
124435000	28
124440000	29
124445000	30
124450000	31
124455000	32
124460000	33
124465000	34
124470000	35
124475000	36
124480000	37
124485000	38
124490000	39
124495000	40
124500000	41
124505000	42
124510000	43
124515000	44
124520000	45
124525000	46
124530000	47
124535000	48
124540000	49
124545000	50
124550000	51
124555000	52
124560000	53
124565000	54
124570000	55
124575000	56
124580000	57
124585000	58
124590000	59
124595000	60
124600000	61
124605000	62
124610000	63
124615000	64
124620000	65
124625000	66
124630000	67
124635000	68
124640000	69
124645000	70
124650000	71
124655000	72
124660000	73
124665000	74
124670000	75
124675000	76
124680000	77
124685000	78
124690000	79
124695000	80
124700000	81
124705000	82
124710000	83
124715000	84
124720000	85
124725000	86
124730000	87
124735000	88
124740000	89
124745000	90
124750000	91
124755000	92
124760000	93
124765000	94
124770000	95
124775000	96
124780000	97
124785000	98
124790000	99
124795000	100
124800000	101
124805000	102
124810000	103
124815000	104
124820000	105
124825000	106
124830000	107
124835000	108
124840000	109
124845000	110
124850000	111
124855000	112
124860000	113
124865000	114
124870000	115
124875000	116
124880000	117
124885000	118
124890000	119
124895000	120
124900000	121
124905000	122
124910000	123
124915000	124
124920000	125
124925000	126
124930000	127
124935000	128
124940000	129
124945000	130
124950000	131
124955000	132
124960000	133
124965000	134
124970000	135
124975000	136
124980000	137
124985000	138
124990000	139
124995000	140
125000000	141
125005000	142
125010000	143
125015000	144
125020000	145
125025000	146
125030000	147
125035000	148
125040000	149
125045000	150
125050000	151
125055000	152
125060000	153
125065000	154
125070000	155
125075000	156
125080000	157
125085000	158
125090000	159
125095000	160
125100000	161
125105000	162
125110000	163
125115000	164
125120000	165
125125000	166
125130000	167
125135000	168
125140000	169
125145000	170
125150000	171
125155000	172
125160000	173
125165000	174
125170000	175
125175000	176
125180000	177
125185000	178
125190000	179
125195000	180
125200000	181
125205000	182
125210000	183
125215000	184
125220000	185
125225000	186
125230000	187
125235000	188
125240000	189
125245000	190
125250000	191
