73240000	0
73245000	1
73250000	2
73255000	3
73260000	4
73265000	5
73270000	6
73275000	7
73280000	8
73285000	9
73290000	10
73295000	11
73300000	12
73305000	13
73310000	14
73315000	15
73350000	16
73355000	17
73360000	18
73365000	19
73370000	20
73375000	21
73380000	22
73385000	23
73390000	24
73395000	25
73400000	26
73405000	27
73410000	28
73415000	29
73420000	30
73425000	31
73430000	32
73435000	33
73440000	34
73445000	35
73450000	36
73455000	37
73460000	38
73465000	39
73470000	40
73475000	41
73480000	42
73485000	43
73490000	44
73495000	45
73500000	46
73505000	47
73510000	48
73515000	49
73520000	50
73525000	51
73530000	52
73535000	53
73540000	54
73545000	55
73550000	56
73555000	57
73560000	58
73565000	59
73570000	60
73575000	61
73580000	62
73585000	63
73590000	64
73595000	65
73600000	66
73605000	67
73610000	68
73615000	69
73620000	70
73625000	71
73630000	72
73635000	73
73640000	74
73645000	75
73650000	76
73655000	77
73660000	78
73665000	79
73670000	80
73675000	81
73680000	82
73685000	83
73690000	84
73695000	85
73700000	86
73705000	87
73710000	88
73715000	89
73720000	90
73725000	91
73730000	92
73735000	93
73740000	94
73745000	95
73750000	96
73755000	97
73760000	98
73765000	99
73770000	100
73775000	101
73780000	102
73785000	103
73790000	104
73795000	105
73800000	106
73805000	107
73810000	108
73815000	109
73820000	110
73825000	111
73830000	112
73835000	113
73840000	114
73845000	115
73850000	116
73855000	117
73860000	118
73865000	119
73870000	120
73875000	121
73880000	122
73885000	123
73890000	124
73895000	125
73900000	126
73905000	127
73910000	128
73915000	129
73920000	130
73925000	131
73930000	132
73935000	133
73940000	134
73945000	135
73950000	136
73955000	137
73960000	138
73965000	139
73970000	140
73975000	141
73980000	142
73985000	143
73990000	144
73995000	145
74000000	146
74005000	147
74010000	148
74015000	149
74020000	150
74025000	151
74030000	152
74035000	153
74040000	154
74045000	155
74050000	156
74055000	157
74060000	158
74065000	159
74070000	160
74075000	161
74080000	162
74085000	163
74090000	164
74095000	165
74100000	166
74105000	167
74110000	168
74115000	169
74120000	170
74125000	171
74130000	172
74135000	173
74140000	174
74145000	175
74150000	176
74155000	177
74160000	178
74165000	179
74170000	180
74175000	181
74180000	182
74185000	183
74190000	184
74195000	185
74200000	186
74205000	187
74210000	188
74215000	189
74220000	190
74225000	191
74230000	192
74235000	193
74240000	194
74245000	195
74250000	196
74255000	197
74260000	198
74265000	199
74270000	200
74275000	201
74280000	202
74285000	203
74290000	204
74295000	205
74300000	206
74305000	207
74310000	208
74315000	209
74320000	210
74325000	211
74330000	212
74335000	213
74340000	214
74345000	215
74350000	216
74355000	217
74360000	218
74365000	219
74370000	220
74375000	221
74380000	222
74385000	223
74390000	224
74395000	225
74400000	226
74405000	227
74410000	228
