129360000	0
129365000	1
129370000	2
129375000	3
129380000	4
129385000	5
129390000	6
129395000	7
129400000	8
129405000	9
129410000	10
129415000	11
129420000	12
129425000	13
129430000	14
129435000	15
129440000	16
129445000	17
129450000	18
129455000	19
129460000	20
129465000	21
129470000	22
129475000	23
129480000	24
129485000	25
129490000	26
129495000	27
129500000	28
129505000	29
129510000	30
129515000	31
129520000	32
129525000	33
129530000	34
129535000	35
129540000	36
129545000	37
129550000	38
129555000	39
129560000	40
129565000	41
129570000	42
129575000	43
129580000	44
129585000	45
129590000	46
129595000	47
129600000	48
129605000	49
129610000	50
129615000	51
129620000	52
129625000	53
129630000	54
129635000	55
129640000	56
129645000	57
129650000	58
129655000	59
129660000	60
129665000	61
129670000	62
129675000	63
129680000	64
129685000	65
129690000	66
129695000	67
129700000	68
129705000	69
129710000	70
129715000	71
129720000	72
129725000	73
129730000	74
129735000	75
129740000	76
129745000	77
129750000	78
129755000	79
129760000	80
129765000	81
129770000	82
129775000	83
129780000	84
129785000	85
129790000	86
129795000	87
129800000	88
129805000	89
129810000	90
129815000	91
129820000	92
129825000	93
129830000	94
129835000	95
129840000	96
129845000	97
129850000	98
129855000	99
129860000	100
129865000	101
129870000	102
129875000	103
129880000	104
129885000	105
129890000	106
129895000	107
129900000	108
129905000	109
129910000	110
129915000	111
129920000	112
129925000	113
129930000	114
129935000	115
129940000	116
129945000	117
129950000	118
129955000	119
129960000	120
129965000	121
129970000	122
129975000	123
129980000	124
129985000	125
129990000	126
129995000	127
130000000	128
130005000	129
130010000	130
130015000	131
130020000	132
130025000	133
130030000	134
130035000	135
130040000	136
130045000	137
130050000	138
130055000	139
130060000	140
130065000	141
130070000	142
130075000	143
130080000	144
130085000	145
130090000	146
130095000	147
130100000	148
130105000	149
130110000	150
130115000	151
130120000	152
130125000	153
130130000	154
130135000	155
130140000	156
130145000	157
130150000	158
130155000	159
130160000	160
130165000	161
130170000	162
130175000	163
130180000	164
130185000	165
130190000	166
130195000	167
130200000	168
130205000	169
