91205000	0
91210000	1
91215000	2
91220000	3
91225000	4
91230000	5
91235000	6
91240000	7
91245000	8
91250000	9
91255000	10
91260000	11
91265000	12
91270000	13
91275000	14
91280000	15
91285000	16
91290000	17
91295000	18
91300000	19
91305000	20
91310000	21
91315000	22
91320000	23
91325000	24
91330000	25
91335000	26
91340000	27
91345000	28
91350000	29
91355000	30
91360000	31
91365000	32
91370000	33
91375000	34
91380000	35
91385000	36
91390000	37
91395000	38
91400000	39
91405000	40
91410000	41
91415000	42
91420000	43
91425000	44
91430000	45
91435000	46
91440000	47
91445000	48
91450000	49
91455000	50
91460000	51
91465000	52
91470000	53
91475000	54
91480000	55
91485000	56
91490000	57
91495000	58
91500000	59
91505000	60
91510000	61
91515000	62
91520000	63
91525000	64
91530000	65
91535000	66
91540000	67
91545000	68
91550000	69
91555000	70
91560000	71
91565000	72
91570000	73
91575000	74
91580000	75
91585000	76
91590000	77
91595000	78
91600000	79
91605000	80
91610000	81
91615000	82
91620000	83
91625000	84
91630000	85
91635000	86
91640000	87
91645000	88
91650000	89
91655000	90
91660000	91
91665000	92
91670000	93
91675000	94
91680000	95
91685000	96
91690000	97
91695000	98
91700000	99
91705000	100
91710000	101
91715000	102
91720000	103
91725000	104
91730000	105
91735000	106
91740000	107
91745000	108
91750000	109
91755000	110
91760000	111
91765000	112
91770000	113
91775000	114
91780000	115
91785000	116
91790000	117
91795000	118
91800000	119
91805000	120
91810000	121
91815000	122
91820000	123
91825000	124
91830000	125
91835000	126
91840000	127
91845000	128
91850000	129
91855000	130
91860000	131
91865000	132
91870000	133
91875000	134
91880000	135
91885000	136
91890000	137
91895000	138
91900000	139
91905000	140
91910000	141
91915000	142
91920000	143
