91640000	0
91645000	1
91650000	2
91655000	3
91660000	4
91665000	5
91670000	6
91675000	7
91680000	8
91685000	9
91690000	10
91695000	11
91700000	12
91705000	13
91710000	14
91715000	15
91720000	16
91725000	17
91730000	18
91735000	19
91740000	20
91745000	21
91750000	22
91755000	23
91760000	24
91765000	25
91770000	26
91775000	27
91780000	28
91785000	29
91790000	30
91795000	31
91800000	32
91805000	33
91810000	34
91815000	35
91820000	36
91825000	37
91830000	38
91835000	39
91840000	40
91845000	41
91850000	42
91855000	43
91860000	44
91865000	45
91870000	46
91875000	47
91880000	48
91885000	49
91890000	50
91895000	51
91900000	52
91905000	53
91910000	54
91915000	55
91920000	56
91925000	57
91930000	58
91935000	59
91940000	60
91945000	61
91950000	62
91955000	63
91960000	64
91965000	65
91970000	66
91975000	67
91980000	68
91985000	69
91990000	70
91995000	71
92000000	72
92005000	73
92010000	74
92015000	75
92020000	76
92025000	77
92030000	78
92035000	79
92040000	80
92045000	81
92050000	82
92055000	83
92060000	84
92065000	85
92070000	86
92075000	87
92080000	88
92085000	89
92090000	90
92095000	91
92100000	92
92105000	93
92110000	94
92115000	95
92120000	96
92125000	97
92130000	98
92135000	99
92140000	100
92145000	101
92150000	102
92155000	103
92160000	104
92165000	105
92170000	106
92175000	107
92180000	108
