139650000	0
139655000	1
139660000	2
139665000	3
139670000	4
139675000	5
139680000	6
139685000	7
139690000	8
139695000	9
139700000	10
139705000	11
139710000	12
139715000	13
139720000	14
139725000	15
139730000	16
139735000	17
139740000	18
139745000	19
139750000	20
139755000	21
139760000	22
139765000	23
139770000	24
139775000	25
139780000	26
139785000	27
139790000	28
139795000	29
139800000	30
139805000	31
139810000	32
139815000	33
139820000	34
139825000	35
139830000	36
139835000	37
139840000	38
139845000	39
139850000	40
139855000	41
139860000	42
139865000	43
139870000	44
139875000	45
139880000	46
139885000	47
139890000	48
139895000	49
139900000	50
139905000	51
139910000	52
139915000	53
139920000	54
139925000	55
139930000	56
139935000	57
139940000	58
139945000	59
139950000	60
139955000	61
139960000	62
139965000	63
139970000	64
139975000	65
139980000	66
139985000	67
139990000	68
139995000	69
140000000	70
140005000	71
140010000	72
140015000	73
140020000	74
140025000	75
140030000	76
140035000	77
140040000	78
140045000	79
140050000	80
140055000	81
140060000	82
140065000	83
140070000	84
140075000	85
140080000	86
140085000	87
140090000	88
140095000	89
140100000	90
140105000	91
140110000	92
140115000	93
140120000	94
140125000	95
140130000	96
140135000	97
140140000	98
140145000	99
140150000	100
140155000	101
140160000	102
140165000	103
140170000	104
140175000	105
140180000	106
140185000	107
140190000	108
140195000	109
140200000	110
140205000	111
140210000	112
140215000	113
140220000	114
140225000	115
140230000	116
140235000	117
140240000	118
140245000	119
140250000	120
140255000	121
140260000	122
140265000	123
140270000	124
140275000	125
140280000	126
140285000	127
140290000	128
140295000	129
140300000	130
140305000	131
140310000	132
140315000	133
140320000	134
140325000	135
140330000	136
140335000	137
140340000	138
140345000	139
140350000	140
140355000	141
140360000	142
140365000	143
140370000	144
140375000	145
140380000	146
140385000	147
140390000	148
140395000	149
140400000	150
140405000	151
140410000	152
140415000	153
140420000	154
140425000	155
140430000	156
140435000	157
140440000	158
