96790000	0
96795000	1
96800000	2
96805000	3
96810000	4
96815000	5
96820000	6
96825000	7
96830000	8
96835000	9
96840000	10
96845000	11
96850000	12
96855000	13
96860000	14
96865000	15
96870000	16
96875000	17
96880000	18
96885000	19
96890000	20
96895000	21
96900000	22
96905000	23
96910000	24
96915000	25
96920000	26
96925000	27
96930000	28
96935000	29
96940000	30
96945000	31
96950000	32
96955000	33
96960000	34
96965000	35
96970000	36
96975000	37
96980000	38
96985000	39
96990000	40
96995000	41
97000000	42
97005000	43
97010000	44
97015000	45
97020000	46
97025000	47
97030000	48
97035000	49
97040000	50
97045000	51
97050000	52
97055000	53
97060000	54
97065000	55
97070000	56
97075000	57
97080000	58
97085000	59
97090000	60
97095000	61
97100000	62
97105000	63
97115000	64
97120000	65
97125000	66
97130000	67
97135000	68
97140000	69
97145000	70
97150000	71
97155000	72
97160000	73
97165000	74
97170000	75
97175000	76
97180000	77
97185000	78
97190000	79
97195000	80
97200000	81
97205000	82
97210000	83
97215000	84
97220000	85
97225000	86
97230000	87
97235000	88
97240000	89
97245000	90
97250000	91
97255000	92
97260000	93
97265000	94
97270000	95
97275000	96
97280000	97
97285000	98
97290000	99
97295000	100
97300000	101
97305000	102
97310000	103
97315000	104
97320000	105
97325000	106
97330000	107
97335000	108
97340000	109
97345000	110
97350000	111
97355000	112
97360000	113
97365000	114
97370000	115
97375000	116
97380000	117
97385000	118
97390000	119
97395000	120
97400000	121
97405000	122
97410000	123
97415000	124
97420000	125
97425000	126
