86230000	0
86235000	1
86240000	2
86245000	3
86250000	4
86255000	5
86260000	6
86265000	7
86270000	8
86275000	9
86280000	10
86285000	11
86290000	12
86295000	13
86300000	14
86305000	15
86310000	16
86315000	17
86320000	18
86325000	19
86330000	20
86335000	21
86340000	22
86345000	23
86350000	24
86355000	25
86360000	26
86365000	27
86370000	28
86375000	29
86380000	30
86385000	31
86390000	32
86395000	33
86400000	34
86405000	35
86410000	36
86415000	37
86420000	38
86425000	39
86430000	40
86435000	41
86440000	42
86445000	43
86450000	44
86455000	45
86460000	46
86465000	47
86470000	48
86475000	49
86480000	50
86485000	51
86490000	52
86495000	53
86500000	54
86505000	55
86510000	56
86515000	57
86520000	58
86525000	59
86530000	60
86535000	61
86540000	62
86545000	63
86550000	64
86555000	65
86560000	66
86565000	67
86570000	68
86575000	69
86580000	70
86585000	71
86590000	72
86595000	73
86600000	74
86605000	75
86610000	76
86615000	77
86620000	78
86625000	79
86630000	80
86635000	81
86640000	82
86645000	83
86650000	84
86655000	85
86660000	86
86665000	87
86670000	88
86675000	89
86680000	90
86685000	91
86690000	92
86695000	93
86700000	94
86705000	95
86710000	96
86715000	97
86720000	98
86725000	99
86730000	100
86735000	101
86740000	102
86745000	103
86750000	104
86755000	105
86760000	106
86765000	107
86770000	108
86775000	109
86780000	110
86785000	111
86790000	112
86795000	113
86800000	114
86805000	115
86810000	116
86815000	117
86820000	118
86825000	119
86830000	120
86835000	121
86840000	122
86845000	123
86850000	124
86855000	125
86860000	126
86865000	127
86870000	128
86875000	129
86880000	130
86885000	131
86890000	132
86895000	133
86900000	134
86905000	135
86910000	136
86915000	137
86920000	138
86925000	139
86930000	140
86935000	141
86940000	142
86945000	143
86950000	144
86955000	145
86960000	146
86965000	147
86970000	148
86975000	149
86980000	150
86985000	151
86990000	152
