97915000	0
97920000	1
97925000	2
97930000	3
97935000	4
97940000	5
97945000	6
97950000	7
97955000	8
97960000	9
97965000	10
97970000	11
97975000	12
97980000	13
97985000	14
97990000	15
97995000	16
98000000	17
98005000	18
98010000	19
98015000	20
98020000	21
98025000	22
98030000	23
98035000	24
98040000	25
98045000	26
98050000	27
98055000	28
98060000	29
98065000	30
98070000	31
98075000	32
98080000	33
98085000	34
98090000	35
98095000	36
98100000	37
98105000	38
98110000	39
98115000	40
98120000	41
98125000	42
98130000	43
98135000	44
98140000	45
98145000	46
98150000	47
98155000	48
98160000	49
98165000	50
98170000	51
98175000	52
98180000	53
98185000	54
98190000	55
98195000	56
98200000	57
98205000	58
98210000	59
98215000	60
98220000	61
98225000	62
98230000	63
98235000	64
98240000	65
98245000	66
98250000	67
98255000	68
98260000	69
98265000	70
98270000	71
98275000	72
98280000	73
98285000	74
98290000	75
