109935000	0
109940000	1
109945000	2
109950000	3
109955000	4
109960000	5
109965000	6
109970000	7
109975000	8
109980000	9
109985000	10
109990000	11
109995000	12
110000000	13
110005000	14
110010000	15
110015000	16
110020000	17
110025000	18
110030000	19
110035000	20
110040000	21
110045000	22
110050000	23
110055000	24
110060000	25
110065000	26
110070000	27
110075000	28
110080000	29
110085000	30
110090000	31
110095000	32
110100000	33
110105000	34
110110000	35
110115000	36
110120000	37
110125000	38
110130000	39
110135000	40
110140000	41
110145000	42
110150000	43
110155000	44
110160000	45
110165000	46
110170000	47
110175000	48
110180000	49
110185000	50
110190000	51
110195000	52
110200000	53
110205000	54
110210000	55
110215000	56
110220000	57
110225000	58
110230000	59
110235000	60
110240000	61
110245000	62
110250000	63
110255000	64
110260000	65
110265000	66
110270000	67
110275000	68
110280000	69
110285000	70
110290000	71
110295000	72
110300000	73
110305000	74
110310000	75
110315000	76
110320000	77
110325000	78
110330000	79
110335000	80
110340000	81
110345000	82
110350000	83
110355000	84
110360000	85
110365000	86
110370000	87
110375000	88
110380000	89
110385000	90
110390000	91
110395000	92
110400000	93
110405000	94
110410000	95
110415000	96
110420000	97
110425000	98
110430000	99
110435000	100
110440000	101
110445000	102
110450000	103
110455000	104
110460000	105
110465000	106
110470000	107
110475000	108
110480000	109
110485000	110
110490000	111
110495000	112
110500000	113
110505000	114
110510000	115
110515000	116
110520000	117
110525000	118
110530000	119
110535000	120
110540000	121
110545000	122
110550000	123
110555000	124
110560000	125
110565000	126
110570000	127
110575000	128
110580000	129
110585000	130
110590000	131
110595000	132
110600000	133
110605000	134
110610000	135
110615000	136
110620000	137
110625000	138
110630000	139
110635000	140
110640000	141
110645000	142
110650000	143
110655000	144
110660000	145
110665000	146
110670000	147
110675000	148
110680000	149
110685000	150
110690000	151
110695000	152
110700000	153
110705000	154
110710000	155
110715000	156
110720000	157
110725000	158
110730000	159
110735000	160
110740000	161
110745000	162
110750000	163
110755000	164
110760000	165
110765000	166
110770000	167
110775000	168
110780000	169
110785000	170
110790000	171
110795000	172
110800000	173
110805000	174
110810000	175
110815000	176
110820000	177
110825000	178
110830000	179
110835000	180
110840000	181
110845000	182
110850000	183
110855000	184
110860000	185
110865000	186
110870000	187
110875000	188
110880000	189
110885000	190
110890000	191
110895000	192
110900000	193
110905000	194
110910000	195
110915000	196
110920000	197
110925000	198
110930000	199
110935000	200
110940000	201
110945000	202
110950000	203
110955000	204
110960000	205
110965000	206
110970000	207
110975000	208
110980000	209
110985000	210
110990000	211
110995000	212
111000000	213
111005000	214
111010000	215
111015000	216
111020000	217
111025000	218
111030000	219
111035000	220
111040000	221
111045000	222
111050000	223
111055000	224
111060000	225
111065000	226
111070000	227
111075000	228
111080000	229
111085000	230
111090000	231
111095000	232
111100000	233
111105000	234
111110000	235
111115000	236
111120000	237
111125000	238
111130000	239
111135000	240
111140000	241
111145000	242
111150000	243
111155000	244
111160000	245
111165000	246
111170000	247
111175000	248
111180000	249
111185000	250
111190000	251
111195000	252
111200000	253
111205000	254
111210000	255
111215000	256
111220000	257
111225000	258
111230000	259
111235000	260
111240000	261
111245000	262
111250000	263
111255000	264
111260000	265
111265000	266
111270000	267
111275000	268
111280000	269
111285000	270
111290000	271
111295000	272
111300000	273
111305000	274
111310000	275
111315000	276
111320000	277
111325000	278
111330000	279
111335000	280
111340000	281
111345000	282
111350000	283
111355000	284
111360000	285
111365000	286
111370000	287
111375000	288
111380000	289
111385000	290
111390000	291
111395000	292
111400000	293
111405000	294
111410000	295
111415000	296
111420000	297
111425000	298
111430000	299
111435000	300
111440000	301
111445000	302
111450000	303
111455000	304
111460000	305
111465000	306
111470000	307
111475000	308
111480000	309
111485000	310
111490000	311
111495000	312
111500000	313
111505000	314
111510000	315
111515000	316
111520000	317
111525000	318
111530000	319
111535000	320
111540000	321
111545000	322
