127630000	0
127635000	1
127640000	2
127645000	3
127650000	4
127655000	5
127660000	6
127665000	7
127670000	8
127675000	9
127680000	10
127685000	11
127690000	12
127695000	13
127700000	14
127705000	15
127710000	16
127715000	17
127720000	18
127725000	19
127730000	20
127735000	21
127740000	22
127745000	23
127750000	24
127755000	25
127760000	26
127765000	27
127770000	28
127775000	29
127780000	30
127785000	31
127790000	32
127795000	33
127800000	34
127805000	35
127810000	36
127815000	37
127820000	38
127825000	39
127830000	40
127835000	41
127840000	42
127845000	43
127850000	44
127855000	45
127860000	46
127865000	47
127870000	48
127875000	49
127880000	50
127885000	51
127890000	52
127895000	53
127900000	54
127905000	55
127910000	56
127915000	57
127920000	58
127925000	59
127930000	60
127935000	61
127940000	62
127945000	63
127950000	64
127955000	65
127960000	66
127965000	67
127970000	68
127975000	69
127980000	70
127985000	71
127990000	72
127995000	73
128000000	74
128005000	75
128010000	76
128015000	77
128020000	78
128025000	79
128030000	80
128035000	81
128040000	82
128045000	83
128050000	84
128055000	85
128060000	86
128065000	87
128070000	88
128075000	89
128080000	90
128085000	91
128090000	92
128095000	93
128100000	94
128105000	95
128110000	96
128115000	97
128120000	98
128125000	99
128130000	100
128135000	101
128140000	102
128145000	103
128150000	104
128155000	105
128160000	106
128165000	107
128170000	108
128175000	109
128180000	110
128185000	111
128190000	112
128195000	113
128200000	114
128205000	115
128210000	116
128215000	117
128220000	118
128225000	119
128230000	120
128235000	121
128240000	122
128245000	123
128250000	124
128255000	125
128260000	126
128265000	127
128270000	128
128275000	129
128280000	130
128285000	131
128290000	132
128295000	133
128300000	134
128305000	135
128310000	136
128315000	137
128320000	138
128325000	139
128330000	140
128335000	141
128340000	142
128345000	143
128350000	144
128355000	145
128360000	146
128365000	147
128370000	148
128375000	149
128380000	150
128385000	151
128390000	152
128395000	153
128400000	154
128405000	155
128410000	156
128415000	157
128420000	158
128425000	159
128430000	160
128435000	161
128440000	162
128445000	163
128450000	164
128455000	165
128460000	166
128465000	167
128470000	168
128475000	169
128480000	170
128485000	171
128490000	172
128495000	173
128500000	174
128505000	175
128510000	176
128515000	177
128520000	178
128525000	179
128530000	180
128535000	181
128540000	182
128545000	183
128550000	184
128555000	185
128560000	186
128565000	187
128570000	188
128575000	189
128580000	190
128585000	191
128590000	192
128595000	193
128600000	194
128605000	195
128610000	196
128615000	197
128620000	198
128625000	199
128630000	200
128635000	201
128640000	202
128645000	203
128650000	204
128655000	205
128660000	206
128665000	207
128670000	208
128675000	209
128680000	210
128685000	211
128690000	212
