135775000	0
135780000	1
135785000	2
135790000	3
135795000	4
135800000	5
135805000	6
135810000	7
135815000	8
135820000	9
135825000	10
135830000	11
135835000	12
135840000	13
135845000	14
135850000	15
135855000	16
135860000	17
135865000	18
135870000	19
135875000	20
135880000	21
135885000	22
135890000	23
135895000	24
135900000	25
135905000	26
135910000	27
135915000	28
135920000	29
135925000	30
135930000	31
135935000	32
135940000	33
135945000	34
135950000	35
135955000	36
135960000	37
135965000	38
135970000	39
135975000	40
135980000	41
135985000	42
135990000	43
135995000	44
136000000	45
136005000	46
136010000	47
136015000	48
136020000	49
136025000	50
136030000	51
136035000	52
136040000	53
136045000	54
136050000	55
136055000	56
136060000	57
136065000	58
136070000	59
136075000	60
136080000	61
136085000	62
136090000	63
136095000	64
136100000	65
136105000	66
136110000	67
136115000	68
136120000	69
136125000	70
136130000	71
136135000	72
136140000	73
136145000	74
136150000	75
136155000	76
136160000	77
136165000	78
136170000	79
136175000	80
136180000	81
136185000	82
136190000	83
136195000	84
136200000	85
136205000	86
136210000	87
136215000	88
136220000	89
136225000	90
136230000	91
136235000	92
136240000	93
136245000	94
136250000	95
136255000	96
136260000	97
136265000	98
136270000	99
136275000	100
136280000	101
136285000	102
136290000	103
136295000	104
136300000	105
136305000	106
136310000	107
136315000	108
136320000	109
136325000	110
136330000	111
136335000	112
136340000	113
136345000	114
136350000	115
136355000	116
136360000	117
136365000	118
136370000	119
136375000	120
136380000	121
136385000	122
136390000	123
136395000	124
136400000	125
136405000	126
136410000	127
136415000	128
136420000	129
136425000	130
136430000	131
136435000	132
136440000	133
136445000	134
136450000	135
136455000	136
136460000	137
136465000	138
136470000	139
136475000	140
136480000	141
136485000	142
136490000	143
136495000	144
136500000	145
136505000	146
136510000	147
136515000	148
136520000	149
136525000	150
136530000	151
136535000	152
136540000	153
136545000	154
136550000	155
136555000	156
136560000	157
136565000	158
136570000	159
136575000	160
136580000	161
136585000	162
136590000	163
136595000	164
136600000	165
136605000	166
136610000	167
136615000	168
136620000	169
136625000	170
136630000	171
136635000	172
136640000	173
136645000	174
136650000	175
136655000	176
136660000	177
136665000	178
136670000	179
136675000	180
136680000	181
136685000	182
136690000	183
136695000	184
136700000	185
136705000	186
136710000	187
136715000	188
136720000	189
136725000	190
136730000	191
136735000	192
136740000	193
136745000	194
136750000	195
136755000	196
136760000	197
136765000	198
136770000	199
136775000	200
136780000	201
136785000	202
136790000	203
136795000	204
136800000	205
136805000	206
136810000	207
136815000	208
136820000	209
136825000	210
