14245000	0
14250000	1
14255000	2
14260000	3
14265000	4
14270000	5
14275000	6
14280000	7
14285000	8
14290000	9
14295000	10
14300000	11
14305000	12
14310000	13
14315000	14
14320000	15
14325000	16
14330000	17
14335000	18
14340000	19
14345000	20
14350000	21
14355000	22
14360000	23
14365000	24
14370000	25
14375000	26
14380000	27
14385000	28
14390000	29
14395000	30
14400000	31
14405000	32
14410000	33
14415000	34
14420000	35
14425000	36
14430000	37
14435000	38
14440000	39
14445000	40
14450000	41
14455000	42
14460000	43
14465000	44
14470000	45
14475000	46
14480000	47
14485000	48
14490000	49
14495000	50
14500000	51
14505000	52
14510000	53
14515000	54
14520000	55
14525000	56
14530000	57
14535000	58
14540000	59
14545000	60
14550000	61
14555000	62
14560000	63
14565000	64
14570000	65
14575000	66
14580000	67
14585000	68
14590000	69
14595000	70
14600000	71
14605000	72
14610000	73
14615000	74
14620000	75
14625000	76
14630000	77
14635000	78
14640000	79
14645000	80
14650000	81
14655000	82
14660000	83
14665000	84
14670000	85
