26675000	0
26680000	1
26685000	2
26690000	3
26695000	4
26700000	5
26705000	6
26710000	7
26715000	8
26720000	9
26725000	10
26730000	11
26735000	12
26740000	13
26745000	14
26750000	15
26755000	16
26760000	17
26765000	18
26770000	19
26775000	20
26780000	21
26785000	22
26790000	23
26795000	24
26800000	25
26805000	26
26810000	27
26815000	28
26820000	29
26825000	30
26830000	31
26835000	32
26840000	33
26845000	34
26850000	35
26855000	36
26860000	37
26865000	38
26870000	39
26875000	40
26880000	41
26885000	42
26890000	43
26895000	44
26900000	45
26905000	46
26910000	47
26915000	48
26920000	49
26925000	50
26930000	51
26935000	52
26940000	53
26945000	54
26950000	55
26955000	56
26960000	57
26965000	58
26970000	59
26975000	60
26980000	61
26985000	62
26990000	63
26995000	64
