112315000	0
112320000	1
112325000	2
112330000	3
112335000	4
112340000	5
112345000	6
112350000	7
112355000	8
112360000	9
112365000	10
112370000	11
112375000	12
112380000	13
112385000	14
112390000	15
112395000	16
112400000	17
112405000	18
112410000	19
112415000	20
112420000	21
112425000	22
112430000	23
112435000	24
112440000	25
112445000	26
112450000	27
112455000	28
112460000	29
112465000	30
112470000	31
112475000	32
112480000	33
112485000	34
112490000	35
112495000	36
112500000	37
112505000	38
112510000	39
112515000	40
112520000	41
112525000	42
112530000	43
112535000	44
112540000	45
112545000	46
112550000	47
112555000	48
112560000	49
112565000	50
112570000	51
112575000	52
112580000	53
112585000	54
112590000	55
112595000	56
112600000	57
112605000	58
112610000	59
112615000	60
112620000	61
112625000	62
112630000	63
112635000	64
112640000	65
112645000	66
112650000	67
112655000	68
112660000	69
112665000	70
112670000	71
112675000	72
112680000	73
112685000	74
112690000	75
112695000	76
112700000	77
112705000	78
112710000	79
112715000	80
112720000	81
112725000	82
112730000	83
112735000	84
112740000	85
112750000	86
