111575000	0
111576000	1
111577000	2
111578000	3
111579000	4
111580000	5
111581000	6
111582000	7
111583000	8
111584000	9
111585000	10
111586000	11
111587000	12
111588000	13
111589000	14
111590000	15
111591000	16
111592000	17
111593000	18
111594000	19
111595000	20
111596000	21
111597000	22
111598000	23
111599000	24
111601000	25
111602000	26
111603000	27
111604000	28
111605000	29
111606000	30
111607000	31
111608000	32
111609000	33
111610000	34
111611000	35
111612000	36
111613000	37
111614000	38
111615000	39
111616000	40
111617000	41
111618000	42
111619000	43
111620000	44
111621000	45
111622000	46
111623000	47
111624000	48
111625000	49
111626000	50
111627000	51
111628000	52
111629000	53
111630000	54
111631000	55
111632000	56
111633000	57
111634000	58
111635000	59
111636000	60
111637000	61
111638000	62
111639000	63
111640000	64
111641000	65
111642000	66
111643000	67
111644000	68
111645000	69
111646000	70
111647000	71
111648000	72
111649000	73
111650000	74
111651000	75
111652000	76
111653000	77
111654000	78
111655000	79
111656000	80
111657000	81
111658000	82
111659000	83
111660000	84
111661000	85
111662000	86
111663000	87
111664000	88
111665000	89
111666000	90
111667000	91
111668000	92
111669000	93
111670000	94
111671000	95
111672000	96
111673000	97
111674000	98
111675000	99
111676000	100
111677000	101
111678000	102
111679000	103
111680000	104
111681000	105
111682000	106
111683000	107
111684000	108
111685000	109
111686000	110
111687000	111
111688000	112
111689000	113
111690000	114
111691000	115
111692000	116
111693000	117
111694000	118
111695000	119
111696000	120
111697000	121
111698000	122
111699000	123
111700000	124
111701000	125
111702000	126
111703000	127
111704000	128
111705000	129
111706000	130
111707000	131
111708000	132
111709000	133
111710000	134
111711000	135
111712000	136
111713000	137
111714000	138
111715000	139
111716000	140
111717000	141
111718000	142
111719000	143
111720000	144
111721000	145
111722000	146
111723000	147
111724000	148
111725000	149
111726000	150
111727000	151
111728000	152
111729000	153
111730000	154
111731000	155
111732000	156
111733000	157
111734000	158
111735000	159
111736000	160
111737000	161
111738000	162
111739000	163
111740000	164
111741000	165
111742000	166
111743000	167
111744000	168
111745000	169
111746000	170
111747000	171
111748000	172
111749000	173
111750000	174
111751000	175
111752000	176
111753000	177
111754000	178
111755000	179
111756000	180
111757000	181
111758000	182
111759000	183
111760000	184
111761000	185
111762000	186
111763000	187
111764000	188
111765000	189
111766000	190
111767000	191
111768000	192
111769000	193
111770000	194
111771000	195
111772000	196
111773000	197
111774000	198
111775000	199
111776000	200
111777000	201
111778000	202
111779000	203
111780000	204
111781000	205
111782000	206
111783000	207
111784000	208
111785000	209
111786000	210
111787000	211
111788000	212
111789000	213
111790000	214
111791000	215
111792000	216
111793000	217
111794000	218
111795000	219
111796000	220
111797000	221
111798000	222
111799000	223
111800000	224
111801000	225
111802000	226
111803000	227
111804000	228
111805000	229
111806000	230
111807000	231
111808000	232
111809000	233
111810000	234
111811000	235
111812000	236
111813000	237
111814000	238
111815000	239
111816000	240
111817000	241
111818000	242
111819000	243
111820000	244
111821000	245
111822000	246
111823000	247
111824000	248
111825000	249
111826000	250
111827000	251
111828000	252
111829000	253
111830000	254
111831000	255
111832000	256
111833000	257
111834000	258
111835000	259
111836000	260
111837000	261
111838000	262
111839000	263
111840000	264
111841000	265
111842000	266
111843000	267
111844000	268
111845000	269
111846000	270
111847000	271
111848000	272
111849000	273
111850000	274
111851000	275
111852000	276
111853000	277
111854000	278
111855000	279
111856000	280
111857000	281
111858000	282
111859000	283
111860000	284
111861000	285
111862000	286
111863000	287
111864000	288
111865000	289
111866000	290
111867000	291
111868000	292
111869000	293
111870000	294
111871000	295
111872000	296
111873000	297
111874000	298
111875000	299
111876000	300
111877000	301
111878000	302
111879000	303
111880000	304
111881000	305
111882000	306
111883000	307
111884000	308
111885000	309
111886000	310
111887000	311
111888000	312
111889000	313
111890000	314
111891000	315
111892000	316
111893000	317
111894000	318
111895000	319
111896000	320
111897000	321
111898000	322
111899000	323
111900000	324
111901000	325
111902000	326
111903000	327
111904000	328
111905000	329
111906000	330
111907000	331
111908000	332
111909000	333
111910000	334
111911000	335
111912000	336
111913000	337
111914000	338
111915000	339
111916000	340
111917000	341
111918000	342
111919000	343
111920000	344
111921000	345
111922000	346
111923000	347
111924000	348
111925000	349
111926000	350
111927000	351
111928000	352
111929000	353
111930000	354
111931000	355
111932000	356
111933000	357
111934000	358
111935000	359
111936000	360
111937000	361
111938000	362
111939000	363
111940000	364
111941000	365
111942000	366
111943000	367
111944000	368
111945000	369
111946000	370
111947000	371
111948000	372
111949000	373
111950000	374
111951000	375
111952000	376
111953000	377
111954000	378
111955000	379
111956000	380
111957000	381
111958000	382
111959000	383
111960000	384
111961000	385
111962000	386
111963000	387
111964000	388
111965000	389
111966000	390
111967000	391
111968000	392
111969000	393
111970000	394
111971000	395
111972000	396
111973000	397
111974000	398
111975000	399
111976000	400
111977000	401
111978000	402
111979000	403
111980000	404
