110065000	0
110070000	1
110075000	2
110080000	3
110085000	4
110090000	5
110095000	6
110100000	7
110105000	8
110110000	9
110115000	10
110120000	11
110125000	12
110130000	13
110135000	14
110140000	15
110145000	16
110150000	17
110155000	18
110160000	19
110165000	20
110170000	21
110175000	22
110180000	23
110185000	24
110190000	25
110195000	26
110200000	27
110205000	28
110210000	29
110215000	30
110220000	31
110225000	32
110230000	33
110235000	34
110240000	35
110245000	36
110250000	37
110255000	38
110260000	39
110265000	40
110270000	41
110275000	42
110280000	43
110285000	44
110290000	45
110295000	46
110300000	47
110305000	48
110310000	49
110315000	50
110320000	51
110325000	52
110330000	53
110335000	54
110340000	55
110345000	56
110350000	57
110355000	58
110360000	59
110365000	60
110370000	61
110375000	62
110380000	63
110385000	64
110390000	65
110395000	66
110400000	67
110405000	68
110410000	69
110415000	70
110420000	71
110425000	72
110430000	73
110435000	74
110440000	75
110445000	76
110450000	77
110455000	78
110460000	79
110465000	80
110470000	81
110475000	82
110480000	83
110485000	84
110490000	85
110495000	86
110500000	87
110505000	88
110510000	89
110515000	90
110520000	91
110525000	92
110530000	93
110535000	94
110540000	95
110545000	96
110550000	97
110555000	98
110560000	99
110565000	100
110570000	101
110575000	102
110580000	103
110585000	104
110590000	105
110595000	106
110600000	107
110605000	108
110610000	109
110615000	110
110620000	111
110625000	112
110630000	113
110635000	114
110640000	115
110645000	116
110650000	117
110655000	118
110660000	119
110665000	120
110670000	121
110675000	122
110680000	123
110685000	124
110690000	125
110695000	126
110700000	127
110705000	128
110710000	129
110715000	130
110720000	131
110725000	132
110730000	133
110735000	134
110740000	135
110745000	136
110750000	137
110755000	138
110760000	139
110765000	140
110770000	141
110775000	142
110780000	143
110785000	144
110790000	145
110795000	146
110800000	147
110805000	148
110810000	149
110815000	150
110820000	151
110825000	152
110830000	153
110835000	154
110840000	155
110845000	156
110850000	157
110855000	158
110860000	159
110865000	160
110870000	161
110875000	162
110880000	163
110885000	164
110890000	165
110895000	166
110900000	167
110905000	168
110910000	169
110915000	170
110920000	171
110925000	172
110930000	173
110935000	174
110940000	175
110945000	176
110950000	177
110955000	178
110960000	179
110965000	180
110970000	181
110975000	182
110980000	183
110985000	184
110990000	185
110995000	186
111000000	187
111005000	188
111010000	189
111015000	190
111020000	191
111025000	192
111030000	193
111035000	194
111040000	195
111045000	196
111050000	197
111055000	198
111060000	199
111065000	200
111070000	201
111075000	202
111080000	203
111085000	204
111090000	205
111095000	206
111100000	207
111105000	208
111110000	209
111115000	210
111120000	211
111125000	212
111130000	213
