146360000	0
146365000	1
146370000	2
146375000	3
146380000	4
146385000	5
146390000	6
146395000	7
146400000	8
146405000	9
146410000	10
146415000	11
146420000	12
146425000	13
146430000	14
146435000	15
146440000	16
146445000	17
146450000	18
146455000	19
146460000	20
146465000	21
146470000	22
146475000	23
146480000	24
146485000	25
146490000	26
146495000	27
146500000	28
146505000	29
146510000	30
146515000	31
146520000	32
146525000	33
146530000	34
146535000	35
146540000	36
146545000	37
146550000	38
146555000	39
146560000	40
146565000	41
146570000	42
146575000	43
146580000	44
146585000	45
146590000	46
146595000	47
146600000	48
146605000	49
146610000	50
146615000	51
146620000	52
146625000	53
146630000	54
146635000	55
146640000	56
146645000	57
146650000	58
146655000	59
146660000	60
146665000	61
146670000	62
146675000	63
146680000	64
146685000	65
146690000	66
146695000	67
146700000	68
146705000	69
146710000	70
146715000	71
146720000	72
146725000	73
146730000	74
146735000	75
146740000	76
146745000	77
146750000	78
146755000	79
146760000	80
146765000	81
146770000	82
146775000	83
146780000	84
146785000	85
146790000	86
146795000	87
146800000	88
146805000	89
146810000	90
146815000	91
146820000	92
146825000	93
146830000	94
146835000	95
146840000	96
146845000	97
146850000	98
146855000	99
146860000	100
146865000	101
146870000	102
146875000	103
146880000	104
146885000	105
146890000	106
146895000	107
146900000	108
146905000	109
146910000	110
146915000	111
146920000	112
146925000	113
146930000	114
146935000	115
146940000	116
146945000	117
146950000	118
146955000	119
146960000	120
146965000	121
146970000	122
146975000	123
146980000	124
146985000	125
146990000	126
146995000	127
147000000	128
147005000	129
147010000	130
147015000	131
147020000	132
147025000	133
147030000	134
147035000	135
147040000	136
147045000	137
147050000	138
147055000	139
147060000	140
147065000	141
147070000	142
147075000	143
147080000	144
147085000	145
147090000	146
147095000	147
147100000	148
147105000	149
147110000	150
147115000	151
147120000	152
147125000	153
147130000	154
147135000	155
147140000	156
147145000	157
147150000	158
147155000	159
147160000	160
147165000	161
147170000	162
147175000	163
147180000	164
147185000	165
147190000	166
147195000	167
147200000	168
147205000	169
147210000	170
147215000	171
147220000	172
147225000	173
147230000	174
147235000	175
147240000	176
147245000	177
147250000	178
147255000	179
147260000	180
147265000	181
147270000	182
147275000	183
147280000	184
147285000	185
147290000	186
147295000	187
147300000	188
147305000	189
147310000	190
147315000	191
147320000	192
147325000	193
147330000	194
147335000	195
147340000	196
147345000	197
147350000	198
147355000	199
147360000	200
147365000	201
147370000	202
147375000	203
147380000	204
147385000	205
147390000	206
147395000	207
147400000	208
147405000	209
147410000	210
147415000	211
147420000	212
147425000	213
147430000	214
147435000	215
147440000	216
147445000	217
147450000	218
147455000	219
147460000	220
147465000	221
147470000	222
147475000	223
147480000	224
147485000	225
147490000	226
147495000	227
147500000	228
147505000	229
147510000	230
147515000	231
147520000	232
147525000	233
147530000	234
147535000	235
147540000	236
147545000	237
147550000	238
147555000	239
147560000	240
147565000	241
147570000	242
147575000	243
147580000	244
147585000	245
147590000	246
147595000	247
147600000	248
147605000	249
147610000	250
147615000	251
147620000	252
147625000	253
147630000	254
147635000	255
147640000	256
147645000	257
147650000	258
147655000	259
147660000	260
147665000	261
147670000	262
147675000	263
147680000	264
147685000	265
147690000	266
147695000	267
147700000	268
147705000	269
147710000	270
147715000	271
147720000	272
147725000	273
147730000	274
147735000	275
147740000	276
147745000	277
147750000	278
147755000	279
147760000	280
147765000	281
147770000	282
147775000	283
147780000	284
147785000	285
147790000	286
147795000	287
147800000	288
147805000	289
147810000	290
147815000	291
147820000	292
147825000	293
147830000	294
147835000	295
147840000	296
147845000	297
147850000	298
147855000	299
147860000	300
147865000	301
147870000	302
147875000	303
147880000	304
147885000	305
147890000	306
147895000	307
147900000	308
147905000	309
147910000	310
147915000	311
147920000	312
147925000	313
147930000	314
147935000	315
147940000	316
147945000	317
147950000	318
147955000	319
147960000	320
147965000	321
147970000	322
147975000	323
147980000	324
147985000	325
147990000	326
147995000	327
148000000	328
148005000	329
148010000	330
148015000	331
148020000	332
148025000	333
148030000	334
148035000	335
148040000	336
148045000	337
148050000	338
148055000	339
148060000	340
148065000	341
148070000	342
148075000	343
148080000	344
148085000	345
