70555000	0
70560000	1
70565000	2
70570000	3
70575000	4
70580000	5
70585000	6
70590000	7
70595000	8
70600000	9
70605000	10
70610000	11
70615000	12
70620000	13
70625000	14
70630000	15
70635000	16
70640000	17
70645000	18
70650000	19
70655000	20
70660000	21
70665000	22
70670000	23
70675000	24
70680000	25
70685000	26
70690000	27
70695000	28
70700000	29
70705000	30
70710000	31
70715000	32
70720000	33
70725000	34
70730000	35
70735000	36
70740000	37
70745000	38
70750000	39
70755000	40
70760000	41
70765000	42
70770000	43
70775000	44
70780000	45
70785000	46
70790000	47
70795000	48
70800000	49
70805000	50
70810000	51
70815000	52
70820000	53
70825000	54
70830000	55
70835000	56
70840000	57
70845000	58
70850000	59
70855000	60
70860000	61
70865000	62
70870000	63
70875000	64
70880000	65
70885000	66
70890000	67
70895000	68
70900000	69
70905000	70
70910000	71
70915000	72
70920000	73
70925000	74
70930000	75
70935000	76
70940000	77
70945000	78
70950000	79
70955000	80
70960000	81
70965000	82
70970000	83
70975000	84
70980000	85
70985000	86
70990000	87
70995000	88
71000000	89
71005000	90
71010000	91
71015000	92
71020000	93
