224521000	0
224522000	1
224523000	2
224524000	3
224525000	4
224526000	5
224527000	6
224528000	7
224529000	8
224530000	9
224531000	10
224532000	11
224533000	12
224534000	13
224535000	14
224536000	15
224537000	16
224538000	17
224539000	18
224540000	19
224541000	20
224542000	21
224543000	22
224544000	23
224545000	24
224546000	25
224547000	26
224548000	27
224549000	28
224550000	29
224551000	30
224552000	31
224553000	32
224554000	33
224555000	34
224556000	35
224557000	36
224558000	37
224559000	38
224560000	39
224561000	40
224562000	41
224563000	42
224564000	43
224565000	44
224566000	45
224567000	46
224568000	47
224569000	48
224570000	49
224571000	50
224572000	51
224573000	52
224574000	53
224575000	54
224576000	55
224577000	56
224578000	57
224579000	58
224580000	59
224581000	60
224582000	61
224583000	62
224584000	63
224585000	64
224586000	65
224587000	66
224588000	67
224589000	68
224590000	69
224591000	70
224592000	71
224593000	72
224594000	73
224595000	74
224596000	75
224597000	76
224598000	77
224599000	78
224600000	79
224601000	80
224602000	81
224603000	82
224604000	83
224605000	84
224606000	85
224607000	86
224608000	87
224609000	88
224610000	89
224611000	90
224612000	91
224613000	92
224614000	93
224615000	94
224616000	95
224617000	96
224618000	97
224619000	98
224620000	99
224621000	100
224622000	101
224623000	102
224624000	103
224625000	104
224626000	105
224627000	106
224628000	107
224629000	108
224630000	109
224631000	110
224632000	111
224633000	112
224634000	113
224635000	114
224636000	115
224637000	116
224638000	117
224639000	118
224640000	119
224641000	120
224642000	121
224643000	122
224644000	123
224645000	124
224646000	125
224647000	126
224648000	127
224649000	128
224650000	129
224651000	130
224652000	131
224653000	132
224654000	133
224655000	134
