5515000	0
5520000	1
5525000	2
5530000	3
5535000	4
5540000	5
5545000	6
5550000	7
5555000	8
5560000	9
5565000	10
5570000	11
5575000	12
5580000	13
5585000	14
5590000	15
5595000	16
5600000	17
5605000	18
5610000	19
5615000	20
5620000	21
5625000	22
5630000	23
5635000	24
5640000	25
5645000	26
5650000	27
5655000	28
5660000	29
5665000	30
5670000	31
5675000	32
5680000	33
5685000	34
5690000	35
5695000	36
5700000	37
5705000	38
5710000	39
5715000	40
5720000	41
5725000	42
5730000	43
5735000	44
5740000	45
5745000	46
5750000	47
5755000	48
5760000	49
5765000	50
5770000	51
5775000	52
5780000	53
5785000	54
5790000	55
5795000	56
5800000	57
5805000	58
5810000	59
5815000	60
5820000	61
5825000	62
5830000	63
5835000	64
5840000	65
5845000	66
5850000	67
5855000	68
5860000	69
5865000	70
5870000	71
5875000	72
5880000	73
5885000	74
5890000	75
5895000	76
5900000	77
5905000	78
5910000	79
5915000	80
5920000	81
5925000	82
5930000	83
5935000	84
5940000	85
