71430000	0
71435000	1
71440000	2
71445000	3
71450000	4
71455000	5
71460000	6
71465000	7
71470000	8
71475000	9
71480000	10
71485000	11
71490000	12
71495000	13
71500000	14
71505000	15
71510000	16
71515000	17
71520000	18
71525000	19
71530000	20
71535000	21
71540000	22
71545000	23
71550000	24
71555000	25
71560000	26
71565000	27
71570000	28
71575000	29
71580000	30
71585000	31
71590000	32
71595000	33
71600000	34
71605000	35
71610000	36
71615000	37
71620000	38
71625000	39
71630000	40
71635000	41
71640000	42
71645000	43
71650000	44
71655000	45
71660000	46
71665000	47
71670000	48
71675000	49
71680000	50
71685000	51
71690000	52
71695000	53
71700000	54
71705000	55
71710000	56
71715000	57
71720000	58
71725000	59
71730000	60
71735000	61
71740000	62
71745000	63
