250000	0
255000	1
260000	2
265000	3
270000	4
275000	5
280000	6
285000	7
290000	8
295000	9
300000	10
305000	11
310000	12
315000	13
320000	14
325000	15
330000	16
335000	17
340000	18
345000	19
350000	20
355000	21
360000	22
365000	23
370000	24
375000	25
380000	26
385000	27
390000	28
395000	29
400000	30
405000	31
410000	32
415000	33
420000	34
425000	35
430000	36
435000	37
440000	38
445000	39
450000	40
455000	41
460000	42
465000	43
470000	44
475000	45
480000	46
485000	47
490000	48
495000	49
500000	50
505000	51
510000	52
515000	53
520000	54
525000	55
530000	56
535000	57
540000	58
545000	59
550000	60
555000	61
560000	62
565000	63
570000	64
575000	65
580000	66
