4470000	0
4475000	1
4480000	2
4485000	3
4490000	4
4495000	5
4500000	6
4505000	7
4510000	8
4515000	9
4520000	10
4525000	11
4530000	12
4535000	13
4540000	14
4545000	15
4550000	16
4555000	17
4560000	18
4565000	19
4570000	20
4575000	21
4580000	22
4585000	23
4590000	24
4595000	25
4600000	26
4605000	27
4610000	28
4615000	29
4620000	30
4625000	31
4630000	32
4635000	33
4640000	34
4645000	35
4650000	36
4655000	37
4660000	38
4665000	39
4670000	40
4675000	41
4680000	42
4685000	43
4690000	44
4695000	45
4700000	46
4705000	47
4710000	48
4715000	49
4720000	50
4725000	51
4730000	52
4735000	53
4740000	54
4745000	55
4750000	56
4755000	57
4760000	58
4765000	59
4770000	60
4775000	61
4780000	62
4785000	63
4790000	64
4795000	65
4800000	66
4805000	67
4810000	68
4815000	69
4820000	70
4825000	71
4830000	72
4835000	73
4840000	74
4845000	75
4850000	76
4855000	77
4860000	78
4865000	79
4870000	80
4875000	81
4880000	82
4885000	83
4890000	84
4895000	85
4900000	86
4905000	87
4910000	88
4915000	89
4920000	90
4925000	91
4930000	92
4935000	93
4940000	94
4945000	95
4950000	96
4955000	97
4960000	98
4965000	99
4970000	100
4975000	101
4980000	102
4985000	103
4990000	104
4995000	105
5000000	106
5005000	107
5010000	108
5015000	109
5020000	110
5025000	111
5030000	112
5035000	113
5040000	114
5045000	115
5050000	116
5055000	117
5060000	118
5065000	119
5070000	120
5075000	121
5080000	122
5085000	123
5090000	124
5095000	125
5100000	126
5105000	127
5110000	128
5115000	129
5120000	130
5125000	131
5130000	132
5135000	133
5140000	134
5145000	135
