31395000	0
31400000	1
31405000	2
31410000	3
31415000	4
31420000	5
31425000	6
31430000	7
31435000	8
31440000	9
31445000	10
31450000	11
31455000	12
31460000	13
31465000	14
31470000	15
31475000	16
31480000	17
31485000	18
31490000	19
31495000	20
31500000	21
31505000	22
31510000	23
31515000	24
31520000	25
31525000	26
31530000	27
31535000	28
31540000	29
31545000	30
31550000	31
31555000	32
31560000	33
31565000	34
31570000	35
31575000	36
31580000	37
31585000	38
31590000	39
31595000	40
31600000	41
31605000	42
31610000	43
31615000	44
31620000	45
31625000	46
31630000	47
31635000	48
31640000	49
31645000	50
31650000	51
31655000	52
31660000	53
31665000	54
31670000	55
31675000	56
31680000	57
31685000	58
31690000	59
31695000	60
31700000	61
31705000	62
31710000	63
31715000	64
31720000	65
31725000	66
31730000	67
31735000	68
31740000	69
31745000	70
31750000	71
31755000	72
31760000	73
31765000	74
31770000	75
31775000	76
31780000	77
31785000	78
31790000	79
31795000	80
31800000	81
31805000	82
31810000	83
31815000	84
31820000	85
31825000	86
31830000	87
31835000	88
31840000	89
31845000	90
31850000	91
31855000	92
31860000	93
31865000	94
31870000	95
31875000	96
31880000	97
31885000	98
31890000	99
31895000	100
31900000	101
31905000	102
31910000	103
31915000	104
31920000	105
31925000	106
31930000	107
31935000	108
31940000	109
31945000	110
31950000	111
31955000	112
31960000	113
31965000	114
31970000	115
31975000	116
31980000	117
31985000	118
31990000	119
31995000	120
32000000	121
32005000	122
32010000	123
32015000	124
32020000	125
32025000	126
32030000	127
32035000	128
32040000	129
32045000	130
32050000	131
32055000	132
32060000	133
32065000	134
32070000	135
32075000	136
32080000	137
32085000	138
32090000	139
32095000	140
32100000	141
32105000	142
32110000	143
32115000	144
32120000	145
32125000	146
32130000	147
32135000	148
32140000	149
32145000	150
32150000	151
32155000	152
32160000	153
32165000	154
32170000	155
32175000	156
32180000	157
32185000	158
32190000	159
32195000	160
32200000	161
32205000	162
32210000	163
