19715000	0
19720000	1
19725000	2
19730000	3
19735000	4
19740000	5
19745000	6
19750000	7
19755000	8
19760000	9
19765000	10
19770000	11
19775000	12
19780000	13
19785000	14
19790000	15
19795000	16
19800000	17
19805000	18
19810000	19
19815000	20
19820000	21
19825000	22
19830000	23
19835000	24
19840000	25
19845000	26
19850000	27
19855000	28
19860000	29
19865000	30
19870000	31
19875000	32
19880000	33
19885000	34
19890000	35
19895000	36
19900000	37
19905000	38
19910000	39
19915000	40
19920000	41
19925000	42
19930000	43
19935000	44
19940000	45
19945000	46
19950000	47
19955000	48
19960000	49
19965000	50
19970000	51
19975000	52
19980000	53
19985000	54
19990000	55
19995000	56
20000000	57
20005000	58
20010000	59
20015000	60
20020000	61
20025000	62
20030000	63
20035000	64
20040000	65
20045000	66
20050000	67
20055000	68
20060000	69
20065000	70
20070000	71
20075000	72
20080000	73
20085000	74
20090000	75
20095000	76
20100000	77
20105000	78
20110000	79
20115000	80
20120000	81
20125000	82
20130000	83
20135000	84
20140000	85
20145000	86
20150000	87
20155000	88
20160000	89
20165000	90
20170000	91
20175000	92
20180000	93
20185000	94
20190000	95
20195000	96
20200000	97
20205000	98
20210000	99
20215000	100
20220000	101
20225000	102
20230000	103
20235000	104
20240000	105
20245000	106
20250000	107
20255000	108
20260000	109
20265000	110
20270000	111
20275000	112
20280000	113
20285000	114
20290000	115
20295000	116
20300000	117
20305000	118
20310000	119
20315000	120
20320000	121
20325000	122
20330000	123
20335000	124
20340000	125
20345000	126
20350000	127
20355000	128
20360000	129
20365000	130
20370000	131
20375000	132
20380000	133
20385000	134
20390000	135
20395000	136
20400000	137
