36075000	0
36080000	1
36085000	2
36090000	3
36095000	4
36100000	5
36105000	6
36110000	7
36115000	8
36120000	9
36125000	10
36130000	11
36135000	12
36140000	13
36145000	14
36150000	15
36155000	16
36160000	17
36165000	18
36170000	19
36175000	20
36180000	21
36185000	22
36190000	23
36195000	24
36200000	25
36205000	26
36210000	27
36215000	28
36220000	29
36225000	30
36230000	31
36235000	32
36240000	33
36245000	34
36250000	35
36255000	36
36260000	37
36265000	38
36270000	39
36275000	40
36280000	41
36285000	42
36290000	43
36295000	44
36300000	45
36305000	46
36310000	47
36315000	48
36320000	49
36325000	50
36330000	51
36335000	52
36340000	53
36345000	54
36350000	55
36355000	56
36360000	57
36365000	58
36370000	59
36375000	60
36380000	61
36385000	62
36390000	63
36395000	64
36400000	65
36405000	66
36410000	67
