60625000	0
60630000	1
60635000	2
60640000	3
60645000	4
60650000	5
60655000	6
60660000	7
60665000	8
60670000	9
60675000	10
60680000	11
60685000	12
60690000	13
60695000	14
60700000	15
60705000	16
60710000	17
60715000	18
60720000	19
60725000	20
60730000	21
60735000	22
60740000	23
60745000	24
60750000	25
60755000	26
60760000	27
60765000	28
60770000	29
60775000	30
60780000	31
60785000	32
60790000	33
60795000	34
60800000	35
60805000	36
60810000	37
60815000	38
60820000	39
60825000	40
60830000	41
60835000	42
60840000	43
60845000	44
60850000	45
60855000	46
60860000	47
60865000	48
60870000	49
60875000	50
60880000	51
60885000	52
60890000	53
60895000	54
60900000	55
60905000	56
60910000	57
60915000	58
60920000	59
60925000	60
60930000	61
60935000	62
60940000	63
60945000	64
60950000	65
60955000	66
60960000	67
60965000	68
60970000	69
60975000	70
60980000	71
60985000	72
60990000	73
60995000	74
61000000	75
61005000	76
61010000	77
61015000	78
61020000	79
61025000	80
61030000	81
61035000	82
61040000	83
61045000	84
61050000	85
61055000	86
61060000	87
61065000	88
61070000	89
61075000	90
61080000	91
61085000	92
61090000	93
61095000	94
61100000	95
61105000	96
61110000	97
61115000	98
61120000	99
61125000	100
61130000	101
61135000	102
61140000	103
61145000	104
61150000	105
61155000	106
61160000	107
61165000	108
61170000	109
61175000	110
61180000	111
61185000	112
61190000	113
61195000	114
61200000	115
61205000	116
61210000	117
61215000	118
61220000	119
61225000	120
61230000	121
61235000	122
61240000	123
61245000	124
61250000	125
61255000	126
61260000	127
61265000	128
61270000	129
61275000	130
61280000	131
61285000	132
61290000	133
61295000	134
61300000	135
61305000	136
61310000	137
61315000	138
61320000	139
61325000	140
61330000	141
61335000	142
61340000	143
61345000	144
61350000	145
61355000	146
61360000	147
61365000	148
61370000	149
61375000	150
61380000	151
61385000	152
61390000	153
61395000	154
61400000	155
61405000	156
61410000	157
61415000	158
61420000	159
61425000	160
61430000	161
61435000	162
61440000	163
61445000	164
