15710000	0
15715000	1
15720000	2
15725000	3
15730000	4
15735000	5
15740000	6
15745000	7
15750000	8
15755000	9
15760000	10
15765000	11
15770000	12
15775000	13
15780000	14
15785000	15
15790000	16
15795000	17
15800000	18
15805000	19
15810000	20
15815000	21
15820000	22
15825000	23
15830000	24
15835000	25
15840000	26
15845000	27
15850000	28
15855000	29
15860000	30
15865000	31
15870000	32
15875000	33
15880000	34
15885000	35
15890000	36
15895000	37
15900000	38
15905000	39
15910000	40
15915000	41
15920000	42
15925000	43
15930000	44
15935000	45
15940000	46
15945000	47
15950000	48
15955000	49
15960000	50
15965000	51
15970000	52
15975000	53
15980000	54
15985000	55
15990000	56
15995000	57
16000000	58
16005000	59
16010000	60
16015000	61
