109840000	0
109845000	1
109850000	2
109855000	3
109860000	4
109865000	5
109870000	6
109875000	7
109880000	8
109885000	9
109890000	10
109895000	11
109900000	12
109905000	13
109910000	14
109915000	15
109920000	16
109925000	17
109930000	18
109935000	19
109940000	20
109945000	21
109950000	22
109955000	23
109960000	24
109965000	25
109970000	26
109975000	27
109980000	28
109985000	29
109990000	30
109995000	31
110000000	32
110005000	33
110010000	34
110015000	35
110020000	36
110025000	37
110030000	38
110035000	39
110040000	40
110045000	41
110050000	42
110055000	43
110060000	44
110065000	45
110070000	46
110075000	47
110080000	48
110085000	49
110090000	50
110095000	51
110100000	52
110105000	53
110110000	54
110115000	55
110120000	56
110125000	57
110130000	58
110135000	59
110140000	60
110145000	61
110150000	62
110155000	63
110160000	64
110165000	65
110170000	66
110175000	67
110180000	68
110185000	69
110190000	70
110195000	71
110200000	72
110205000	73
110210000	74
110215000	75
110220000	76
110225000	77
110230000	78
110235000	79
110240000	80
110245000	81
110250000	82
110255000	83
110260000	84
110265000	85
110270000	86
110275000	87
110280000	88
110285000	89
110290000	90
110295000	91
110300000	92
110305000	93
110310000	94
110315000	95
110320000	96
110325000	97
110330000	98
110335000	99
110340000	100
110345000	101
110350000	102
110355000	103
110360000	104
110365000	105
110370000	106
110375000	107
110380000	108
110385000	109
