88286000	0
88287000	1
88288000	2
88289000	3
88290000	4
88291000	5
88292000	6
88293000	7
88294000	8
88295000	9
88296000	10
88297000	11
88298000	12
88299000	13
88300000	14
88301000	15
88302000	16
88303000	17
88304000	18
88305000	19
88306000	20
88307000	21
88308000	22
88309000	23
88310000	24
88311000	25
88312000	26
88313000	27
88314000	28
88315000	29
88316000	30
88317000	31
88318000	32
88319000	33
88320000	34
88321000	35
88322000	36
88323000	37
88324000	38
88325000	39
88326000	40
88327000	41
88328000	42
88329000	43
88330000	44
88331000	45
88332000	46
88333000	47
88334000	48
88335000	49
88336000	50
88337000	51
88338000	52
88339000	53
88340000	54
88341000	55
88342000	56
88343000	57
88344000	58
88345000	59
88346000	60
88347000	61
88348000	62
88349000	63
88350000	64
88351000	65
88352000	66
88353000	67
88354000	68
88355000	69
88356000	70
88357000	71
88358000	72
88359000	73
88360000	74
88361000	75
88362000	76
88363000	77
88364000	78
88365000	79
88366000	80
88367000	81
88368000	82
88369000	83
88370000	84
88371000	85
88372000	86
88373000	87
88374000	88
88375000	89
88376000	90
88377000	91
88378000	92
88379000	93
88380000	94
88381000	95
88382000	96
88383000	97
88384000	98
88385000	99
88386000	100
88387000	101
88388000	102
88389000	103
88390000	104
88391000	105
88392000	106
88393000	107
88394000	108
88395000	109
88396000	110
88397000	111
88398000	112
88399000	113
88400000	114
88401000	115
88402000	116
88403000	117
88404000	118
88405000	119
88406000	120
88407000	121
88408000	122
88409000	123
88410000	124
88411000	125
88412000	126
88413000	127
88414000	128
88415000	129
88416000	130
88417000	131
88418000	132
88419000	133
88420000	134
88421000	135
88422000	136
88423000	137
88424000	138
88425000	139
88426000	140
88427000	141
88428000	142
88429000	143
88430000	144
88431000	145
88432000	146
88433000	147
88434000	148
88435000	149
88436000	150
88437000	151
88438000	152
88439000	153
88440000	154
88441000	155
88442000	156
88443000	157
88444000	158
88445000	159
88446000	160
88447000	161
88448000	162
88449000	163
88450000	164
88451000	165
88452000	166
88453000	167
88454000	168
88455000	169
88456000	170
88457000	171
88458000	172
88459000	173
88460000	174
88461000	175
88462000	176
88463000	177
88464000	178
88465000	179
88466000	180
88467000	181
88468000	182
88469000	183
88470000	184
88471000	185
88472000	186
88473000	187
88474000	188
88475000	189
88476000	190
88477000	191
88478000	192
88479000	193
88480000	194
88481000	195
88482000	196
88483000	197
88484000	198
88485000	199
88486000	200
88487000	201
88488000	202
88489000	203
88490000	204
88491000	205
88492000	206
88493000	207
88494000	208
88495000	209
88496000	210
88497000	211
88498000	212
88499000	213
88500000	214
88501000	215
88502000	216
88503000	217
88504000	218
88505000	219
88506000	220
88507000	221
88508000	222
88509000	223
88510000	224
88511000	225
88512000	226
88513000	227
88514000	228
88515000	229
88516000	230
88517000	231
88518000	232
88519000	233
88520000	234
88521000	235
88522000	236
88523000	237
88524000	238
88525000	239
88526000	240
88527000	241
88528000	242
88529000	243
88530000	244
88531000	245
88532000	246
88533000	247
88534000	248
88535000	249
88536000	250
88537000	251
88538000	252
88539000	253
88540000	254
88541000	255
88542000	256
88543000	257
88544000	258
88545000	259
88546000	260
88547000	261
88548000	262
88549000	263
88550000	264
88551000	265
88552000	266
88553000	267
88554000	268
88555000	269
88556000	270
88557000	271
88558000	272
88559000	273
88560000	274
88561000	275
88562000	276
88563000	277
88564000	278
88565000	279
88566000	280
88567000	281
88568000	282
88569000	283
88570000	284
88571000	285
88572000	286
88573000	287
88574000	288
88575000	289
88576000	290
88577000	291
88578000	292
88579000	293
88580000	294
88581000	295
88582000	296
88583000	297
88584000	298
88585000	299
88586000	300
88587000	301
88588000	302
88589000	303
88590000	304
88591000	305
88592000	306
88593000	307
88594000	308
88595000	309
88596000	310
88597000	311
88598000	312
88599000	313
88600000	314
88601000	315
88602000	316
88603000	317
88604000	318
88605000	319
88606000	320
88607000	321
88608000	322
88609000	323
88610000	324
88611000	325
88612000	326
88613000	327
88614000	328
88615000	329
88616000	330
88617000	331
88618000	332
88619000	333
88620000	334
88621000	335
88622000	336
88623000	337
88624000	338
88625000	339
88626000	340
88627000	341
88628000	342
88629000	343
88630000	344
88631000	345
88632000	346
88633000	347
88634000	348
88635000	349
88636000	350
88637000	351
88638000	352
88639000	353
88640000	354
88641000	355
88642000	356
88643000	357
88644000	358
88645000	359
88646000	360
88647000	361
88648000	362
88649000	363
88650000	364
88651000	365
88652000	366
88653000	367
88654000	368
88655000	369
88656000	370
88657000	371
88658000	372
88659000	373
88660000	374
