147131000	0
147132000	1
147133000	2
147134000	3
147135000	4
147136000	5
147137000	6
147138000	7
147139000	8
147140000	9
147141000	10
147142000	11
147143000	12
147144000	13
147145000	14
147146000	15
147147000	16
147148000	17
147149000	18
147150000	19
147151000	20
147152000	21
147153000	22
147154000	23
147155000	24
147156000	25
147157000	26
147158000	27
147159000	28
147160000	29
147161000	30
147162000	31
147163000	32
147164000	33
147165000	34
147166000	35
147167000	36
147168000	37
147169000	38
147170000	39
147171000	40
147172000	41
147173000	42
147174000	43
147175000	44
147176000	45
147177000	46
147178000	47
147179000	48
147180000	49
147181000	50
147182000	51
147183000	52
147184000	53
147185000	54
147186000	55
147187000	56
147188000	57
147189000	58
147190000	59
147191000	60
147192000	61
147193000	62
147194000	63
147195000	64
147196000	65
147197000	66
147198000	67
147199000	68
147200000	69
147201000	70
147202000	71
147203000	72
147204000	73
147205000	74
147206000	75
147207000	76
147208000	77
147209000	78
147210000	79
147211000	80
147212000	81
147213000	82
147214000	83
147215000	84
147216000	85
147217000	86
147218000	87
147219000	88
147220000	89
147221000	90
147222000	91
147223000	92
147224000	93
147225000	94
147226000	95
147227000	96
147228000	97
147229000	98
147230000	99
147231000	100
147232000	101
147233000	102
147234000	103
147235000	104
147236000	105
147237000	106
147238000	107
147239000	108
147240000	109
147241000	110
147242000	111
147243000	112
147244000	113
147245000	114
147246000	115
147247000	116
147248000	117
147249000	118
147250000	119
147251000	120
147252000	121
147253000	122
147254000	123
147255000	124
147256000	125
147257000	126
147258000	127
147259000	128
147260000	129
147261000	130
147262000	131
147263000	132
147264000	133
147265000	134
147266000	135
147267000	136
147268000	137
147269000	138
147270000	139
147271000	140
147272000	141
147273000	142
147274000	143
147275000	144
147276000	145
147277000	146
147278000	147
147279000	148
147280000	149
147281000	150
147282000	151
147283000	152
147284000	153
147285000	154
147286000	155
147287000	156
147288000	157
147289000	158
147290000	159
147291000	160
147292000	161
147293000	162
147294000	163
147295000	164
147296000	165
147297000	166
147298000	167
147299000	168
147300000	169
147301000	170
147302000	171
147303000	172
147304000	173
147305000	174
147306000	175
147307000	176
147308000	177
147309000	178
147310000	179
147311000	180
147312000	181
147313000	182
147314000	183
147315000	184
147316000	185
147317000	186
147318000	187
147319000	188
147320000	189
147321000	190
147322000	191
147323000	192
147324000	193
147325000	194
147326000	195
147327000	196
147328000	197
147329000	198
147330000	199
147331000	200
147332000	201
147333000	202
147334000	203
147335000	204
147336000	205
147337000	206
147338000	207
147339000	208
147340000	209
147341000	210
147342000	211
147343000	212
147344000	213
147345000	214
147347000	215
147348000	216
147349000	217
147350000	218
147351000	219
147352000	220
147353000	221
147354000	222
147355000	223
147356000	224
147357000	225
147358000	226
147359000	227
147360000	228
147361000	229
147362000	230
147363000	231
147364000	232
147365000	233
147366000	234
147367000	235
147368000	236
147369000	237
147370000	238
147371000	239
147372000	240
147373000	241
147374000	242
147375000	243
147376000	244
147377000	245
147378000	246
147379000	247
147380000	248
147381000	249
147382000	250
147383000	251
147384000	252
147385000	253
147386000	254
147387000	255
147388000	256
147389000	257
147390000	258
147391000	259
147392000	260
147393000	261
147394000	262
147395000	263
147396000	264
147397000	265
147398000	266
147399000	267
147400000	268
147401000	269
147402000	270
147403000	271
147404000	272
147405000	273
147407000	274
147408000	275
147409000	276
147410000	277
147411000	278
147412000	279
147413000	280
147414000	281
147417000	282
147418000	283
147419000	284
147420000	285
147421000	286
147422000	287
147423000	288
147424000	289
147489000	290
147504000	291
147524000	292
147577000	293
147578000	294
147635000	295
147706000	296
147709000	297
147712000	298
147714000	299
147715000	300
147716000	301
147717000	302
147718000	303
147719000	304
147720000	305
147721000	306
147723000	307
147724000	308
147726000	309
147727000	310
147730000	311
147731000	312
147732000	313
147733000	314
147734000	315
147735000	316
147736000	317
147737000	318
147738000	319
147739000	320
147740000	321
147741000	322
147742000	323
147743000	324
147744000	325
147745000	326
147746000	327
147747000	328
147748000	329
147749000	330
147750000	331
147751000	332
147752000	333
147759000	334
147760000	335
147761000	336
147762000	337
147763000	338
147764000	339
147765000	340
147766000	341
147767000	342
147768000	343
147769000	344
147770000	345
147775000	346
147776000	347
147777000	348
147778000	349
147779000	350
147780000	351
147781000	352
147782000	353
147783000	354
147784000	355
147785000	356
147786000	357
147787000	358
147788000	359
147789000	360
147790000	361
147791000	362
147792000	363
147793000	364
147794000	365
147795000	366
147796000	367
147797000	368
147798000	369
147799000	370
147800000	371
147801000	372
147802000	373
147803000	374
147804000	375
147805000	376
147806000	377
147807000	378
147808000	379
147809000	380
147810000	381
147811000	382
147812000	383
147813000	384
147814000	385
147815000	386
147816000	387
147817000	388
147818000	389
147819000	390
147820000	391
147821000	392
147822000	393
147823000	394
147824000	395
147825000	396
147826000	397
147827000	398
147828000	399
147829000	400
147830000	401
147831000	402
147832000	403
147837000	404
147840000	405
147841000	406
147851000	407
147852000	408
147854000	409
147858000	410
147859000	411
147870000	412
147916000	413
147921000	414
147966000	415
147994000	416
147997000	417
148000000	418
148001000	419
148004000	420
148008000	421
148009000	422
148010000	423
148015000	424
148020000	425
148176000	426
148182000	427
148185000	428
148186000	429
148188000	430
148193000	431
148194000	432
148195000	433
148196000	434
148213000	435
148215000	436
148216000	437
148236000	438
148238000	439
148241000	440
148242000	441
148243000	442
148244000	443
148245000	444
148248000	445
148252000	446
148253000	447
148344000	448
148346000	449
148347000	450
148349000	451
148351000	452
148352000	453
148357000	454
148360000	455
148517000	456
148518000	457
148527000	458
148529000	459
148530000	460
148532000	461
148534000	462
148535000	463
148536000	464
148540000	465
148541000	466
148544000	467
148545000	468
148546000	469
148547000	470
148550000	471
148554000	472
148556000	473
148557000	474
148558000	475
148559000	476
148560000	477
148561000	478
148562000	479
148564000	480
148565000	481
148566000	482
148567000	483
148569000	484
148571000	485
148572000	486
148576000	487
148596000	488
148631000	489
148633000	490
148659000	491
148660000	492
148661000	493
148670000	494
148675000	495
148682000	496
148683000	497
148799000	498
148800000	499
148823000	500
148844000	501
148845000	502
148847000	503
148848000	504
148849000	505
148850000	506
148851000	507
148852000	508
148853000	509
148856000	510
148859000	511
148861000	512
148863000	513
148865000	514
148867000	515
148868000	516
148869000	517
148870000	518
148871000	519
148874000	520
148877000	521
148878000	522
148880000	523
148886000	524
148888000	525
148890000	526
148891000	527
148892000	528
148894000	529
148896000	530
148898000	531
148899000	532
148900000	533
148903000	534
148904000	535
148905000	536
148906000	537
148908000	538
148909000	539
148910000	540
148911000	541
148912000	542
148915000	543
148916000	544
148917000	545
148918000	546
148919000	547
148920000	548
148921000	549
148922000	550
148923000	551
148924000	552
148925000	553
148926000	554
148927000	555
148928000	556
148929000	557
148930000	558
148931000	559
148932000	560
148933000	561
148934000	562
148935000	563
148936000	564
148937000	565
148938000	566
148939000	567
148940000	568
148941000	569
148942000	570
148943000	571
148944000	572
148945000	573
148946000	574
148947000	575
148948000	576
148949000	577
148950000	578
148951000	579
148952000	580
148953000	581
148954000	582
149016000	583
149020000	584
149021000	585
149022000	586
149023000	587
149024000	588
149025000	589
149026000	590
149027000	591
149028000	592
149029000	593
149030000	594
149031000	595
149032000	596
149033000	597
149034000	598
149035000	599
149036000	600
149037000	601
149038000	602
149039000	603
149040000	604
149041000	605
149042000	606
149043000	607
149044000	608
149045000	609
149046000	610
149047000	611
149048000	612
149049000	613
149050000	614
149051000	615
149052000	616
149053000	617
149054000	618
149058000	619
149059000	620
149060000	621
149061000	622
149062000	623
149063000	624
149064000	625
149065000	626
149066000	627
149067000	628
149068000	629
149069000	630
149070000	631
149071000	632
149072000	633
149073000	634
149074000	635
149075000	636
149076000	637
149077000	638
149078000	639
149079000	640
149080000	641
149081000	642
149082000	643
149083000	644
149084000	645
149085000	646
149086000	647
149087000	648
149088000	649
149089000	650
149090000	651
149091000	652
149092000	653
149093000	654
149094000	655
149095000	656
149096000	657
149097000	658
149098000	659
149099000	660
149100000	661
149101000	662
149102000	663
149103000	664
149104000	665
149105000	666
149106000	667
149107000	668
149108000	669
149109000	670
149110000	671
149111000	672
149112000	673
149113000	674
149114000	675
149115000	676
149116000	677
149117000	678
149118000	679
149119000	680
149120000	681
149121000	682
149122000	683
149123000	684
149124000	685
149125000	686
149126000	687
149127000	688
149128000	689
149129000	690
149130000	691
149131000	692
149134000	693
149135000	694
149136000	695
149137000	696
149138000	697
149139000	698
149140000	699
149141000	700
149142000	701
149143000	702
149144000	703
149145000	704
149146000	705
149147000	706
149148000	707
149149000	708
149150000	709
149151000	710
149152000	711
149153000	712
149154000	713
149155000	714
149156000	715
149157000	716
149158000	717
149159000	718
149160000	719
149161000	720
149162000	721
149163000	722
149164000	723
149165000	724
149166000	725
149167000	726
149168000	727
149169000	728
149170000	729
149171000	730
149172000	731
149173000	732
149174000	733
149175000	734
149176000	735
149177000	736
149178000	737
149179000	738
149180000	739
149181000	740
149182000	741
149183000	742
149184000	743
149185000	744
149186000	745
149187000	746
149188000	747
149189000	748
149190000	749
149191000	750
149192000	751
149193000	752
149194000	753
149195000	754
149196000	755
149198000	756
149199000	757
149200000	758
149201000	759
149202000	760
149203000	761
149204000	762
149205000	763
149206000	764
149207000	765
149208000	766
149209000	767
149210000	768
149211000	769
149212000	770
149213000	771
149214000	772
149215000	773
149216000	774
149217000	775
149218000	776
149219000	777
149220000	778
149221000	779
149222000	780
149223000	781
149224000	782
149225000	783
149226000	784
149227000	785
149228000	786
149229000	787
149230000	788
149231000	789
149232000	790
149233000	791
149234000	792
149235000	793
149236000	794
149237000	795
149238000	796
149239000	797
149240000	798
149241000	799
149242000	800
149243000	801
149244000	802
149245000	803
149246000	804
149247000	805
149248000	806
149249000	807
149250000	808
149251000	809
149252000	810
149253000	811
149254000	812
149256000	813
149257000	814
149258000	815
149259000	816
149260000	817
149261000	818
149262000	819
149263000	820
149265000	821
149266000	822
149267000	823
149268000	824
149269000	825
149271000	826
149272000	827
149273000	828
149274000	829
149275000	830
149276000	831
149277000	832
149278000	833
149279000	834
149283000	835
149284000	836
149285000	837
149286000	838
149289000	839
149290000	840
149291000	841
149292000	842
149294000	843
149295000	844
149296000	845
149298000	846
149299000	847
149301000	848
149302000	849
149303000	850
149304000	851
149305000	852
149306000	853
149307000	854
149308000	855
149309000	856
149310000	857
149311000	858
149312000	859
149313000	860
149315000	861
149316000	862
149317000	863
149319000	864
149326000	865
149329000	866
149330000	867
149331000	868
149332000	869
149333000	870
149334000	871
149335000	872
149337000	873
149338000	874
149339000	875
149340000	876
149341000	877
149343000	878
149344000	879
149345000	880
149348000	881
149349000	882
149350000	883
149351000	884
149356000	885
149357000	886
149359000	887
149360000	888
149361000	889
149362000	890
149364000	891
149366000	892
149367000	893
149368000	894
149371000	895
149376000	896
149383000	897
149384000	898
149386000	899
149387000	900
149389000	901
149393000	902
149397000	903
149400000	904
149401000	905
149402000	906
149404000	907
149406000	908
149407000	909
149410000	910
149411000	911
149414000	912
149415000	913
149417000	914
149418000	915
149419000	916
149429000	917
149448000	918
149455000	919
149584000	920
149585000	921
149601000	922
149605000	923
149606000	924
149646000	925
149648000	926
149651000	927
149654000	928
149655000	929
149657000	930
149658000	931
149660000	932
149662000	933
149663000	934
149664000	935
149668000	936
149669000	937
149670000	938
149671000	939
149674000	940
149676000	941
149677000	942
149680000	943
149681000	944
149682000	945
149684000	946
149685000	947
149687000	948
149688000	949
149690000	950
149691000	951
149693000	952
149697000	953
149698000	954
149699000	955
149701000	956
149705000	957
149707000	958
149709000	959
149711000	960
149712000	961
149715000	962
149716000	963
149717000	964
149718000	965
149719000	966
149722000	967
149723000	968
149724000	969
149725000	970
149726000	971
149728000	972
149729000	973
149730000	974
149731000	975
149733000	976
149734000	977
149735000	978
149736000	979
149737000	980
149741000	981
149742000	982
149744000	983
149745000	984
149746000	985
149747000	986
149749000	987
149751000	988
149753000	989
149754000	990
149758000	991
149760000	992
149761000	993
149764000	994
149765000	995
149766000	996
149768000	997
149769000	998
149770000	999
149771000	1000
149772000	1001
149773000	1002
149774000	1003
149775000	1004
149776000	1005
149777000	1006
149778000	1007
149779000	1008
149780000	1009
149781000	1010
149782000	1011
149783000	1012
149784000	1013
149786000	1014
149788000	1015
149789000	1016
149790000	1017
149792000	1018
149815000	1019
149816000	1020
149817000	1021
149818000	1022
149819000	1023
149820000	1024
149821000	1025
149844000	1026
