111905000	0
111910000	1
111915000	2
111920000	3
111925000	4
111930000	5
111935000	6
111940000	7
111945000	8
111950000	9
111955000	10
111960000	11
111965000	12
111970000	13
111975000	14
111980000	15
111985000	16
111990000	17
111995000	18
112000000	19
112005000	20
112010000	21
112015000	22
112020000	23
112025000	24
112030000	25
112035000	26
112040000	27
112045000	28
112050000	29
112055000	30
112060000	31
112065000	32
112070000	33
112075000	34
112080000	35
112085000	36
112090000	37
112095000	38
112100000	39
112105000	40
112110000	41
112115000	42
112120000	43
