119620000	0
119625000	1
119630000	2
119635000	3
119640000	4
119645000	5
119650000	6
119655000	7
119660000	8
119665000	9
119670000	10
119675000	11
119680000	12
119685000	13
119690000	14
119695000	15
119700000	16
119705000	17
119710000	18
119715000	19
119720000	20
119725000	21
119730000	22
119735000	23
119740000	24
119745000	25
119750000	26
119755000	27
119760000	28
119765000	29
119770000	30
119775000	31
119780000	32
119785000	33
119790000	34
119795000	35
119800000	36
119805000	37
119810000	38
119815000	39
119820000	40
119825000	41
119830000	42
119835000	43
119840000	44
119845000	45
119850000	46
119855000	47
119860000	48
119865000	49
119870000	50
119875000	51
119880000	52
119885000	53
119890000	54
119895000	55
119900000	56
119905000	57
119910000	58
119915000	59
119920000	60
119925000	61
119930000	62
119935000	63
119940000	64
119945000	65
119950000	66
119955000	67
119960000	68
119965000	69
119970000	70
119975000	71
119980000	72
119985000	73
119990000	74
119995000	75
120000000	76
120005000	77
120120000	78
120125000	79
120130000	80
120135000	81
120140000	82
120145000	83
120150000	84
120155000	85
120160000	86
120165000	87
120170000	88
120175000	89
120180000	90
120185000	91
120190000	92
120195000	93
120200000	94
120205000	95
120210000	96
120215000	97
120220000	98
120225000	99
120230000	100
120235000	101
120240000	102
120245000	103
120250000	104
120255000	105
120260000	106
120265000	107
120270000	108
120275000	109
120280000	110
120285000	111
120290000	112
120295000	113
120300000	114
120305000	115
120310000	116
120315000	117
120320000	118
120325000	119
120330000	120
120335000	121
120340000	122
120345000	123
120350000	124
120355000	125
120360000	126
120365000	127
120370000	128
120375000	129
120380000	130
120385000	131
120390000	132
120395000	133
120400000	134
120405000	135
120410000	136
120415000	137
120420000	138
120425000	139
120430000	140
120435000	141
120440000	142
120445000	143
120450000	144
120455000	145
120460000	146
120465000	147
120470000	148
120475000	149
120480000	150
120485000	151
120490000	152
120495000	153
120500000	154
120505000	155
120510000	156
120515000	157
120520000	158
120525000	159
120530000	160
120535000	161
120540000	162
120545000	163
120550000	164
120555000	165
120560000	166
120565000	167
120570000	168
120575000	169
120580000	170
120585000	171
120590000	172
120595000	173
120600000	174
120605000	175
120610000	176
120615000	177
120620000	178
120625000	179
120630000	180
120635000	181
120640000	182
120645000	183
120650000	184
120655000	185
120660000	186
120665000	187
120670000	188
120675000	189
120680000	190
120685000	191
120690000	192
120695000	193
120700000	194
120705000	195
120710000	196
120715000	197
120720000	198
120725000	199
120730000	200
120735000	201
120740000	202
120745000	203
120750000	204
120755000	205
120760000	206
120765000	207
120770000	208
120775000	209
120780000	210
120785000	211
120790000	212
120795000	213
120800000	214
120805000	215
120810000	216
120815000	217
120820000	218
120825000	219
120830000	220
120835000	221
120840000	222
120845000	223
120850000	224
120855000	225
120860000	226
120865000	227
120870000	228
120875000	229
120880000	230
120885000	231
120890000	232
120895000	233
120900000	234
120905000	235
120910000	236
120915000	237
120920000	238
120925000	239
120930000	240
120935000	241
120940000	242
120945000	243
120950000	244
120955000	245
120960000	246
120965000	247
120970000	248
120975000	249
120980000	250
120985000	251
120990000	252
120995000	253
121000000	254
121005000	255
121010000	256
121015000	257
121020000	258
121025000	259
121030000	260
121035000	261
121040000	262
121045000	263
121050000	264
121055000	265
121060000	266
121065000	267
121070000	268
121075000	269
121080000	270
121085000	271
121090000	272
121095000	273
121100000	274
121105000	275
121110000	276
121115000	277
121120000	278
121125000	279
121130000	280
121135000	281
121140000	282
121145000	283
121150000	284
121155000	285
121160000	286
121165000	287
121170000	288
121175000	289
121180000	290
121185000	291
121190000	292
121195000	293
121200000	294
121205000	295
121210000	296
121215000	297
121220000	298
121225000	299
121230000	300
121235000	301
121240000	302
121245000	303
121250000	304
121255000	305
121260000	306
121265000	307
121270000	308
121275000	309
121280000	310
121285000	311
121290000	312
121295000	313
121300000	314
121305000	315
121310000	316
121315000	317
121320000	318
121325000	319
121330000	320
121335000	321
121340000	322
121345000	323
121350000	324
121355000	325
121360000	326
121365000	327
121370000	328
121375000	329
121380000	330
121385000	331
121390000	332
121395000	333
121400000	334
121405000	335
121410000	336
121415000	337
121420000	338
121425000	339
121430000	340
121435000	341
121440000	342
121445000	343
121450000	344
121455000	345
121460000	346
121465000	347
121470000	348
121475000	349
121480000	350
121485000	351
121490000	352
121495000	353
121500000	354
121505000	355
121510000	356
121515000	357
121520000	358
121525000	359
121530000	360
121535000	361
121540000	362
121545000	363
121550000	364
121555000	365
121560000	366
121565000	367
121570000	368
121575000	369
121580000	370
121585000	371
121590000	372
121595000	373
121600000	374
121605000	375
121610000	376
121615000	377
121620000	378
121625000	379
121630000	380
121635000	381
121640000	382
121645000	383
121650000	384
121655000	385
121660000	386
121665000	387
121670000	388
121675000	389
121680000	390
121685000	391
121690000	392
121695000	393
121700000	394
121705000	395
121710000	396
121715000	397
121720000	398
121725000	399
121730000	400
121735000	401
121740000	402
121745000	403
121750000	404
121755000	405
121760000	406
121765000	407
121770000	408
121775000	409
121780000	410
121785000	411
121790000	412
121795000	413
121800000	414
121805000	415
121810000	416
121815000	417
121820000	418
121825000	419
121830000	420
121835000	421
121840000	422
121845000	423
121850000	424
121855000	425
121860000	426
121865000	427
121870000	428
121875000	429
121880000	430
121885000	431
121890000	432
121895000	433
121900000	434
121905000	435
121910000	436
121915000	437
121920000	438
121925000	439
121930000	440
121935000	441
121940000	442
121945000	443
121950000	444
121955000	445
121960000	446
121965000	447
121970000	448
121975000	449
121980000	450
121985000	451
121990000	452
121995000	453
122000000	454
122005000	455
122010000	456
122015000	457
122020000	458
122025000	459
122030000	460
122035000	461
122040000	462
122045000	463
122050000	464
122055000	465
122060000	466
122065000	467
122070000	468
122075000	469
122080000	470
122085000	471
122090000	472
122095000	473
122100000	474
122105000	475
122110000	476
122115000	477
122120000	478
122125000	479
122130000	480
122135000	481
122140000	482
122145000	483
122150000	484
122155000	485
122160000	486
122165000	487
122170000	488
122175000	489
122180000	490
122185000	491
122190000	492
122195000	493
122200000	494
122205000	495
122210000	496
122215000	497
122220000	498
122225000	499
122230000	500
122235000	501
122240000	502
122245000	503
122250000	504
122255000	505
122260000	506
122265000	507
122270000	508
122275000	509
122280000	510
122285000	511
122290000	512
