12325000	0
12330000	1
12335000	2
12340000	3
12345000	4
12350000	5
12355000	6
12360000	7
12365000	8
12370000	9
12375000	10
12380000	11
12385000	12
12390000	13
12395000	14
12400000	15
12405000	16
12410000	17
12415000	18
12420000	19
12425000	20
12430000	21
12435000	22
12440000	23
12445000	24
12450000	25
12455000	26
12460000	27
12465000	28
12470000	29
12475000	30
12480000	31
12485000	32
12490000	33
12495000	34
12500000	35
12505000	36
12510000	37
12515000	38
12520000	39
12525000	40
12530000	41
12535000	42
12540000	43
12545000	44
12550000	45
12555000	46
12560000	47
12565000	48
12570000	49
12575000	50
12580000	51
12585000	52
12590000	53
12595000	54
12600000	55
12605000	56
12610000	57
12615000	58
12620000	59
12625000	60
12630000	61
12635000	62
12640000	63
12645000	64
12650000	65
12655000	66
12660000	67
12665000	68
12670000	69
12675000	70
12680000	71
12685000	72
12690000	73
12695000	74
12700000	75
12705000	76
12710000	77
12715000	78
12720000	79
12725000	80
12730000	81
12735000	82
12740000	83
