182756000	0
182757000	1
182758000	2
182759000	3
182760000	4
182761000	5
182762000	6
182763000	7
182764000	8
182765000	9
182766000	10
182767000	11
182768000	12
182769000	13
182770000	14
182771000	15
182772000	16
182773000	17
182774000	18
182775000	19
182776000	20
182777000	21
182778000	22
182779000	23
182780000	24
182781000	25
182782000	26
182783000	27
182784000	28
182785000	29
182786000	30
182787000	31
182788000	32
182789000	33
182790000	34
182791000	35
182792000	36
182793000	37
182794000	38
182795000	39
182796000	40
182797000	41
182798000	42
182799000	43
182800000	44
182801000	45
182802000	46
182803000	47
182804000	48
182805000	49
182806000	50
182807000	51
182808000	52
182809000	53
182810000	54
182811000	55
182812000	56
182813000	57
182814000	58
182815000	59
182816000	60
182817000	61
182818000	62
182819000	63
182820000	64
182821000	65
182822000	66
182823000	67
182824000	68
182825000	69
182826000	70
182827000	71
182828000	72
182829000	73
182830000	74
182831000	75
182832000	76
182833000	77
182834000	78
182835000	79
182836000	80
182837000	81
182838000	82
182839000	83
182840000	84
182841000	85
182842000	86
182843000	87
182844000	88
182845000	89
182846000	90
182847000	91
182848000	92
182849000	93
182850000	94
182851000	95
182852000	96
182853000	97
182854000	98
