220966000	0
220967000	1
220968000	2
220969000	3
220970000	4
220971000	5
220972000	6
220973000	7
220974000	8
220975000	9
220976000	10
220977000	11
220978000	12
220979000	13
220980000	14
220981000	15
220982000	16
220983000	17
220984000	18
220985000	19
220986000	20
220987000	21
220988000	22
220989000	23
220990000	24
220991000	25
220992000	26
220993000	27
220994000	28
220995000	29
220996000	30
220997000	31
220998000	32
220999000	33
221000000	34
221001000	35
221002000	36
221003000	37
221004000	38
221005000	39
221006000	40
221007000	41
221008000	42
221009000	43
221010000	44
221011000	45
221012000	46
221013000	47
221014000	48
221015000	49
221016000	50
221017000	51
221018000	52
221019000	53
221020000	54
221021000	55
221022000	56
221023000	57
221024000	58
221025000	59
221026000	60
221027000	61
221028000	62
221029000	63
221030000	64
221031000	65
221032000	66
221033000	67
221034000	68
221035000	69
221036000	70
221037000	71
221038000	72
221039000	73
