103895000	0
103900000	1
103905000	2
103910000	3
103915000	4
103920000	5
103925000	6
103930000	7
103935000	8
103940000	9
103945000	10
103950000	11
103955000	12
103960000	13
103965000	14
103970000	15
103975000	16
103980000	17
103985000	18
103990000	19
103995000	20
104000000	21
104005000	22
104010000	23
104015000	24
104020000	25
104025000	26
104030000	27
104035000	28
104040000	29
104045000	30
104050000	31
104055000	32
104060000	33
104065000	34
104070000	35
104075000	36
104080000	37
104085000	38
104090000	39
104095000	40
104100000	41
104105000	42
104110000	43
104115000	44
104120000	45
104125000	46
104130000	47
104135000	48
104140000	49
104145000	50
104150000	51
104155000	52
104160000	53
104165000	54
104170000	55
104175000	56
104180000	57
104185000	58
104190000	59
104195000	60
104200000	61
104205000	62
104210000	63
104215000	64
104220000	65
104225000	66
104230000	67
104235000	68
104240000	69
104245000	70
104250000	71
104255000	72
104260000	73
104265000	74
104270000	75
104275000	76
104280000	77
104285000	78
104290000	79
104295000	80
104300000	81
104305000	82
104310000	83
104315000	84
104320000	85
104325000	86
104330000	87
104335000	88
104340000	89
104345000	90
104350000	91
104355000	92
104360000	93
104365000	94
104370000	95
104375000	96
104380000	97
104385000	98
104390000	99
104395000	100
104400000	101
