74995000	0
75000000	1
75005000	2
75010000	3
75015000	4
75020000	5
75025000	6
75030000	7
75035000	8
75040000	9
75045000	10
75050000	11
75055000	12
75060000	13
75065000	14
75070000	15
75075000	16
75080000	17
75085000	18
75090000	19
75095000	20
75100000	21
75105000	22
75110000	23
75115000	24
75120000	25
75125000	26
75130000	27
75135000	28
75140000	29
75145000	30
75150000	31
75155000	32
75160000	33
75165000	34
75170000	35
75175000	36
75180000	37
75185000	38
75190000	39
75195000	40
75200000	41
75205000	42
75210000	43
75215000	44
75220000	45
75225000	46
75230000	47
75235000	48
75240000	49
75245000	50
75250000	51
75255000	52
75260000	53
75265000	54
75270000	55
75275000	56
75280000	57
75285000	58
75290000	59
75295000	60
75300000	61
75305000	62
75310000	63
75315000	64
75320000	65
75325000	66
75330000	67
75335000	68
75340000	69
75345000	70
75350000	71
75355000	72
75360000	73
75365000	74
75370000	75
75375000	76
75380000	77
75385000	78
75390000	79
75395000	80
75400000	81
75405000	82
75410000	83
75415000	84
75420000	85
75425000	86
75430000	87
75435000	88
75440000	89
75445000	90
75450000	91
75455000	92
75460000	93
75465000	94
75470000	95
75475000	96
75480000	97
75485000	98
75490000	99
75495000	100
75500000	101
75505000	102
75510000	103
75515000	104
75520000	105
75525000	106
75530000	107
75535000	108
75540000	109
75545000	110
75550000	111
75555000	112
75560000	113
75565000	114
75570000	115
75575000	116
75580000	117
75585000	118
75590000	119
75595000	120
75600000	121
75605000	122
75610000	123
75615000	124
75620000	125
75625000	126
75630000	127
75635000	128
75640000	129
75645000	130
75650000	131
75655000	132
75660000	133
75665000	134
75670000	135
75675000	136
75680000	137
75685000	138
75690000	139
75695000	140
75700000	141
75705000	142
75710000	143
75715000	144
75720000	145
75725000	146
75730000	147
75735000	148
75740000	149
75745000	150
75750000	151
75755000	152
75760000	153
75765000	154
75770000	155
75775000	156
75780000	157
