141470000	0
141475000	1
141480000	2
141485000	3
141490000	4
141495000	5
141500000	6
141505000	7
141510000	8
141515000	9
141520000	10
141525000	11
141530000	12
141535000	13
141540000	14
141545000	15
141550000	16
141555000	17
141560000	18
141565000	19
141570000	20
141575000	21
141580000	22
141585000	23
141590000	24
141595000	25
141600000	26
141605000	27
141610000	28
141615000	29
141620000	30
141625000	31
141630000	32
141635000	33
141640000	34
141645000	35
141650000	36
141655000	37
141660000	38
141665000	39
141670000	40
141675000	41
141680000	42
141685000	43
141690000	44
141695000	45
141700000	46
141705000	47
141710000	48
141715000	49
141720000	50
141725000	51
141730000	52
141735000	53
141740000	54
141745000	55
141750000	56
141755000	57
141760000	58
141765000	59
141770000	60
141775000	61
141780000	62
141785000	63
141790000	64
141795000	65
141800000	66
141805000	67
141810000	68
141815000	69
141820000	70
141825000	71
141830000	72
141835000	73
141840000	74
141845000	75
141850000	76
141855000	77
141860000	78
141865000	79
141870000	80
141875000	81
141880000	82
141885000	83
141890000	84
141895000	85
141900000	86
141905000	87
141910000	88
141915000	89
141920000	90
141925000	91
141930000	92
141935000	93
141940000	94
141945000	95
141950000	96
141955000	97
141960000	98
141965000	99
141970000	100
141975000	101
141980000	102
141985000	103
141990000	104
141995000	105
142000000	106
142005000	107
142010000	108
142015000	109
142020000	110
142025000	111
142030000	112
142035000	113
142040000	114
142045000	115
