62690000	0
62695000	1
62700000	2
62705000	3
62710000	4
62715000	5
62720000	6
62725000	7
62730000	8
62735000	9
62740000	10
62745000	11
62750000	12
62755000	13
62760000	14
62765000	15
62770000	16
62775000	17
62780000	18
62785000	19
62790000	20
62795000	21
62800000	22
62805000	23
62810000	24
62815000	25
62820000	26
62825000	27
62830000	28
62835000	29
62840000	30
62845000	31
62850000	32
62855000	33
62860000	34
62865000	35
62870000	36
62875000	37
62880000	38
62885000	39
62890000	40
62895000	41
62900000	42
62905000	43
