93520000	0
93525000	1
93530000	2
93535000	3
93540000	4
93545000	5
93550000	6
93555000	7
93560000	8
93565000	9
93570000	10
93575000	11
93580000	12
93585000	13
93590000	14
93595000	15
93600000	16
93605000	17
93610000	18
93615000	19
93620000	20
93625000	21
93630000	22
93635000	23
93640000	24
93645000	25
93650000	26
93655000	27
93660000	28
93665000	29
93670000	30
93675000	31
93680000	32
93685000	33
93690000	34
93695000	35
93700000	36
93705000	37
93710000	38
93715000	39
93720000	40
93725000	41
93730000	42
93735000	43
93740000	44
93745000	45
93750000	46
93755000	47
93760000	48
93765000	49
93770000	50
93775000	51
93780000	52
93785000	53
93790000	54
93795000	55
93800000	56
93805000	57
93810000	58
93815000	59
93820000	60
93825000	61
93830000	62
93835000	63
