54560000	0
54565000	1
54570000	2
54575000	3
54580000	4
54585000	5
54590000	6
54595000	7
54600000	8
54605000	9
54610000	10
54615000	11
54620000	12
54625000	13
54630000	14
54635000	15
54640000	16
54645000	17
54650000	18
54655000	19
54660000	20
54665000	21
54670000	22
54675000	23
54680000	24
54685000	25
54690000	26
54695000	27
54700000	28
54705000	29
54710000	30
54715000	31
54720000	32
54725000	33
54730000	34
54735000	35
54740000	36
54745000	37
54750000	38
54755000	39
54760000	40
54765000	41
54770000	42
54775000	43
54780000	44
54785000	45
54790000	46
54795000	47
54800000	48
54805000	49
54810000	50
54815000	51
54820000	52
54825000	53
54830000	54
54835000	55
54840000	56
54845000	57
54850000	58
54855000	59
54860000	60
54865000	61
54870000	62
54875000	63
54880000	64
54885000	65
54890000	66
54895000	67
54900000	68
54905000	69
54910000	70
54915000	71
54920000	72
54925000	73
54930000	74
54935000	75
54940000	76
54945000	77
54950000	78
54955000	79
54960000	80
