75410000	0
75415000	1
75420000	2
75425000	3
75430000	4
75435000	5
75445000	6
75450000	7
75455000	8
75460000	9
75465000	10
75470000	11
75475000	12
75480000	13
75485000	14
75490000	15
75495000	16
75500000	17
75505000	18
75510000	19
75515000	20
75520000	21
75525000	22
75530000	23
75535000	24
75540000	25
75545000	26
75550000	27
75555000	28
75560000	29
75565000	30
75570000	31
75575000	32
75580000	33
75585000	34
75590000	35
75595000	36
75600000	37
75605000	38
75610000	39
75615000	40
75620000	41
75625000	42
75630000	43
75635000	44
75640000	45
75645000	46
75650000	47
75655000	48
75660000	49
75665000	50
75670000	51
75675000	52
75680000	53
75685000	54
75690000	55
75695000	56
75700000	57
75705000	58
75710000	59
75715000	60
75720000	61
75725000	62
75730000	63
75735000	64
75740000	65
75745000	66
75750000	67
75755000	68
75760000	69
75765000	70
75770000	71
75775000	72
75780000	73
75785000	74
75790000	75
75795000	76
75800000	77
75805000	78
75810000	79
75815000	80
75820000	81
75825000	82
75830000	83
75835000	84
75840000	85
75845000	86
75850000	87
75855000	88
75860000	89
75865000	90
75870000	91
75875000	92
75880000	93
