121310000	0
121315000	1
121320000	2
121325000	3
121330000	4
121335000	5
121340000	6
121345000	7
121350000	8
121355000	9
121360000	10
121365000	11
121370000	12
121375000	13
121380000	14
121385000	15
121390000	16
121395000	17
121400000	18
121405000	19
121410000	20
121415000	21
121420000	22
121425000	23
121430000	24
121435000	25
121440000	26
121445000	27
121450000	28
121455000	29
121460000	30
121465000	31
121470000	32
121475000	33
121480000	34
121485000	35
121490000	36
121495000	37
121500000	38
121505000	39
121510000	40
121515000	41
121520000	42
121525000	43
121530000	44
121535000	45
121540000	46
121545000	47
121550000	48
121555000	49
121560000	50
121565000	51
121570000	52
121575000	53
121580000	54
121585000	55
121590000	56
121595000	57
121600000	58
121605000	59
121610000	60
121615000	61
121620000	62
121625000	63
121630000	64
121635000	65
121640000	66
121645000	67
121650000	68
121655000	69
121660000	70
121665000	71
121670000	72
121675000	73
121680000	74
121685000	75
121690000	76
121695000	77
121700000	78
121705000	79
121710000	80
121715000	81
121720000	82
121725000	83
121730000	84
121735000	85
