129965000	0
129970000	1
129975000	2
129980000	3
129985000	4
129990000	5
129995000	6
130000000	7
130005000	8
130010000	9
130015000	10
130020000	11
130025000	12
130030000	13
130035000	14
130040000	15
130045000	16
130050000	17
130055000	18
130060000	19
130065000	20
130070000	21
130075000	22
130080000	23
130085000	24
130090000	25
130095000	26
130100000	27
130105000	28
130110000	29
130115000	30
130120000	31
130125000	32
130130000	33
130135000	34
130140000	35
130145000	36
130150000	37
130155000	38
130160000	39
130165000	40
130170000	41
130175000	42
130180000	43
130185000	44
130190000	45
130195000	46
130200000	47
130205000	48
130210000	49
130215000	50
130220000	51
130225000	52
130230000	53
130235000	54
130240000	55
130245000	56
130250000	57
130255000	58
130260000	59
130265000	60
130270000	61
130275000	62
130280000	63
130285000	64
130290000	65
130295000	66
130300000	67
130305000	68
130310000	69
130315000	70
130320000	71
130325000	72
130330000	73
130335000	74
130340000	75
130345000	76
130350000	77
130355000	78
130360000	79
130365000	80
130370000	81
130375000	82
130380000	83
130385000	84
130390000	85
130395000	86
130400000	87
130405000	88
130410000	89
130415000	90
130420000	91
130425000	92
130430000	93
130435000	94
130440000	95
130445000	96
130450000	97
130455000	98
130460000	99
130465000	100
130470000	101
130475000	102
130480000	103
130485000	104
130490000	105
130495000	106
130500000	107
130505000	108
130510000	109
130515000	110
130520000	111
130525000	112
130530000	113
130535000	114
130540000	115
130545000	116
130550000	117
130555000	118
130560000	119
130565000	120
130570000	121
130575000	122
130580000	123
130585000	124
130590000	125
130595000	126
130600000	127
130605000	128
130610000	129
130615000	130
130620000	131
130625000	132
130630000	133
130635000	134
130640000	135
130645000	136
130650000	137
130655000	138
130660000	139
130665000	140
130670000	141
130675000	142
130680000	143
130685000	144
130690000	145
130695000	146
130700000	147
130705000	148
130710000	149
130715000	150
130720000	151
130725000	152
130730000	153
130735000	154
130740000	155
130745000	156
130750000	157
130755000	158
130760000	159
130765000	160
130770000	161
130775000	162
130780000	163
130785000	164
130790000	165
130795000	166
130800000	167
130805000	168
130810000	169
130815000	170
130820000	171
130825000	172
130830000	173
130835000	174
130840000	175
130845000	176
130850000	177
130855000	178
130860000	179
130865000	180
130870000	181
130875000	182
130880000	183
130885000	184
130890000	185
130895000	186
130900000	187
130905000	188
130910000	189
130915000	190
130920000	191
130925000	192
130930000	193
130935000	194
130940000	195
130945000	196
130950000	197
130955000	198
130960000	199
130965000	200
130970000	201
130975000	202
130980000	203
130985000	204
130990000	205
130995000	206
131000000	207
131005000	208
131010000	209
131015000	210
131020000	211
131025000	212
131030000	213
131035000	214
131040000	215
131045000	216
131050000	217
131055000	218
131060000	219
131065000	220
131070000	221
131075000	222
131080000	223
131085000	224
131090000	225
131095000	226
131100000	227
131105000	228
131110000	229
131115000	230
131120000	231
131125000	232
131130000	233
131135000	234
131140000	235
131145000	236
131150000	237
131155000	238
131160000	239
131165000	240
131170000	241
131175000	242
131180000	243
131185000	244
131190000	245
131195000	246
131200000	247
131205000	248
131210000	249
131215000	250
131220000	251
131225000	252
131230000	253
131235000	254
131240000	255
131245000	256
131250000	257
131255000	258
131260000	259
131265000	260
131270000	261
131275000	262
131280000	263
131285000	264
131290000	265
131295000	266
131300000	267
131305000	268
131310000	269
131315000	270
131320000	271
131325000	272
131330000	273
131335000	274
131340000	275
131345000	276
131350000	277
131355000	278
131360000	279
131365000	280
131370000	281
131375000	282
131380000	283
131385000	284
131390000	285
131395000	286
131400000	287
131405000	288
131410000	289
131415000	290
131420000	291
131425000	292
131430000	293
131435000	294
131440000	295
131445000	296
131450000	297
131455000	298
131460000	299
131465000	300
131470000	301
131475000	302
131480000	303
131485000	304
