85160000	0
85165000	1
85170000	2
85175000	3
85180000	4
85185000	5
85190000	6
85195000	7
85200000	8
85205000	9
85210000	10
85215000	11
85220000	12
85225000	13
85230000	14
85235000	15
85240000	16
85245000	17
85250000	18
85255000	19
85260000	20
85265000	21
85270000	22
85275000	23
85280000	24
85285000	25
85290000	26
85295000	27
85300000	28
85305000	29
85310000	30
85315000	31
85320000	32
85325000	33
85330000	34
85335000	35
85340000	36
85345000	37
85350000	38
85355000	39
85360000	40
85365000	41
85370000	42
85375000	43
85380000	44
85385000	45
85390000	46
85395000	47
85400000	48
85405000	49
85410000	50
85415000	51
85420000	52
85425000	53
85430000	54
85435000	55
85440000	56
85445000	57
85450000	58
85455000	59
85460000	60
85465000	61
85470000	62
85475000	63
85480000	64
85485000	65
85490000	66
85495000	67
85500000	68
85505000	69
85510000	70
85515000	71
85520000	72
85525000	73
85530000	74
85535000	75
85540000	76
85545000	77
85550000	78
85555000	79
85560000	80
85565000	81
85570000	82
85575000	83
85580000	84
85585000	85
85590000	86
85595000	87
85600000	88
85605000	89
85610000	90
85615000	91
85620000	92
85625000	93
85630000	94
85635000	95
85640000	96
85645000	97
85650000	98
85655000	99
85660000	100
85665000	101
85670000	102
85675000	103
85680000	104
85685000	105
85690000	106
85695000	107
85700000	108
85705000	109
85710000	110
85715000	111
85720000	112
85725000	113
85730000	114
85735000	115
85740000	116
85745000	117
85750000	118
85755000	119
85760000	120
85765000	121
85770000	122
