17320000	0
17325000	1
17330000	2
17335000	3
17340000	4
17345000	5
17350000	6
17355000	7
17360000	8
17365000	9
17370000	10
17375000	11
17380000	12
17385000	13
17390000	14
17395000	15
17400000	16
17405000	17
17410000	18
17415000	19
17420000	20
17425000	21
17430000	22
17435000	23
17440000	24
17445000	25
17450000	26
17455000	27
17460000	28
17465000	29
17470000	30
17475000	31
17480000	32
17485000	33
17490000	34
17495000	35
17500000	36
17505000	37
17510000	38
17515000	39
17520000	40
17525000	41
17530000	42
17535000	43
17540000	44
17545000	45
17550000	46
17555000	47
17560000	48
17565000	49
17570000	50
17575000	51
17580000	52
17585000	53
17590000	54
17595000	55
17600000	56
17605000	57
17610000	58
17615000	59
17620000	60
17625000	61
17630000	62
