124625000	0
124630000	1
124635000	2
124640000	3
124645000	4
124650000	5
124655000	6
124660000	7
124665000	8
124670000	9
124675000	10
124680000	11
124685000	12
124690000	13
124695000	14
124700000	15
124705000	16
124710000	17
124715000	18
124720000	19
124725000	20
124730000	21
124735000	22
124740000	23
124745000	24
124750000	25
124755000	26
124760000	27
124765000	28
124770000	29
124775000	30
124780000	31
124785000	32
124790000	33
124795000	34
124800000	35
124805000	36
124810000	37
124815000	38
124820000	39
124825000	40
124830000	41
124835000	42
124840000	43
124845000	44
124850000	45
124855000	46
124860000	47
124865000	48
124870000	49
124875000	50
124880000	51
124885000	52
124890000	53
124895000	54
124900000	55
124905000	56
124910000	57
124915000	58
124920000	59
124925000	60
124930000	61
124935000	62
124940000	63
124945000	64
124950000	65
124955000	66
124960000	67
124965000	68
124970000	69
124975000	70
124980000	71
124985000	72
124990000	73
124995000	74
125000000	75
125005000	76
125010000	77
125015000	78
125020000	79
125025000	80
125030000	81
125035000	82
125040000	83
125045000	84
125050000	85
125055000	86
125060000	87
125065000	88
125070000	89
125075000	90
125080000	91
125085000	92
125090000	93
125095000	94
125100000	95
125105000	96
125110000	97
125115000	98
125120000	99
125125000	100
125130000	101
125135000	102
125140000	103
125145000	104
125150000	105
125155000	106
125160000	107
125165000	108
125170000	109
125175000	110
125180000	111
125185000	112
125190000	113
125195000	114
125200000	115
125205000	116
125210000	117
125215000	118
125220000	119
125225000	120
125230000	121
125235000	122
125240000	123
125245000	124
125250000	125
125255000	126
125260000	127
125265000	128
125270000	129
125275000	130
125280000	131
125285000	132
125290000	133
125295000	134
125300000	135
125305000	136
125310000	137
125315000	138
125320000	139
