119270000	0
119275000	1
119280000	2
119285000	3
119290000	4
119295000	5
119300000	6
119305000	7
119310000	8
119315000	9
119320000	10
119325000	11
119330000	12
119335000	13
119340000	14
119345000	15
119350000	16
119355000	17
119360000	18
119365000	19
119370000	20
119375000	21
119380000	22
119385000	23
119390000	24
119395000	25
119400000	26
119405000	27
119410000	28
119415000	29
119420000	30
119425000	31
119430000	32
119435000	33
119440000	34
119445000	35
119450000	36
119455000	37
119460000	38
119465000	39
119470000	40
119475000	41
119480000	42
119485000	43
119490000	44
119495000	45
119500000	46
119505000	47
119510000	48
119515000	49
119520000	50
119525000	51
119530000	52
119535000	53
119540000	54
119545000	55
119550000	56
119555000	57
119560000	58
119565000	59
119570000	60
119575000	61
119580000	62
119585000	63
119590000	64
119595000	65
119600000	66
119605000	67
119610000	68
119615000	69
119620000	70
119625000	71
119630000	72
119635000	73
119640000	74
119645000	75
119650000	76
119655000	77
119660000	78
119665000	79
119670000	80
119675000	81
119680000	82
119685000	83
119690000	84
119695000	85
119700000	86
119705000	87
119710000	88
119715000	89
119720000	90
119725000	91
119730000	92
119735000	93
119740000	94
119745000	95
119750000	96
119755000	97
119760000	98
119765000	99
119770000	100
119775000	101
119780000	102
119785000	103
119790000	104
119795000	105
119800000	106
119805000	107
119810000	108
119815000	109
119820000	110
119825000	111
119830000	112
119835000	113
119840000	114
119845000	115
119850000	116
119855000	117
119860000	118
119865000	119
119870000	120
119875000	121
119880000	122
119885000	123
119890000	124
119895000	125
119900000	126
119905000	127
119910000	128
119915000	129
119920000	130
119925000	131
119930000	132
119935000	133
119940000	134
119945000	135
119950000	136
119955000	137
119960000	138
119965000	139
119970000	140
119975000	141
119980000	142
119985000	143
119990000	144
119995000	145
120000000	146
120005000	147
120010000	148
120015000	149
120020000	150
120025000	151
120030000	152
120035000	153
120040000	154
120045000	155
120050000	156
120055000	157
120060000	158
120065000	159
120070000	160
120075000	161
120080000	162
120085000	163
120090000	164
120095000	165
120100000	166
120105000	167
120110000	168
120115000	169
120120000	170
120125000	171
120130000	172
120135000	173
120140000	174
120145000	175
120150000	176
120155000	177
120160000	178
120165000	179
120170000	180
120175000	181
120180000	182
120185000	183
120190000	184
120195000	185
120200000	186
120205000	187
120210000	188
120215000	189
120220000	190
120225000	191
120230000	192
120235000	193
120240000	194
120245000	195
120250000	196
120255000	197
120260000	198
120265000	199
120270000	200
120275000	201
120280000	202
120285000	203
120290000	204
120295000	205
