101950000	0
101955000	1
101960000	2
101965000	3
101970000	4
101975000	5
101980000	6
101985000	7
101990000	8
101995000	9
102000000	10
102005000	11
102010000	12
102015000	13
102020000	14
102025000	15
102030000	16
102035000	17
102040000	18
102045000	19
102050000	20
102055000	21
102060000	22
102065000	23
102070000	24
102075000	25
102080000	26
102085000	27
102090000	28
102095000	29
102100000	30
102105000	31
102110000	32
102115000	33
102120000	34
102125000	35
102130000	36
102135000	37
102140000	38
102145000	39
102150000	40
102155000	41
102160000	42
102165000	43
102170000	44
102175000	45
102180000	46
102185000	47
102190000	48
102195000	49
102200000	50
102205000	51
102210000	52
102215000	53
102220000	54
102225000	55
102230000	56
102235000	57
102240000	58
102245000	59
102250000	60
102255000	61
102260000	62
102265000	63
102270000	64
102275000	65
102280000	66
102285000	67
102290000	68
102295000	69
102300000	70
102305000	71
102310000	72
102315000	73
102320000	74
102325000	75
102330000	76
102335000	77
102340000	78
102345000	79
102350000	80
102355000	81
102360000	82
102365000	83
102370000	84
102375000	85
102380000	86
102385000	87
102390000	88
102395000	89
102400000	90
102405000	91
102410000	92
102415000	93
102420000	94
102425000	95
102430000	96
102435000	97
102440000	98
102445000	99
102450000	100
102455000	101
102460000	102
102465000	103
102470000	104
102475000	105
102480000	106
102485000	107
102490000	108
102495000	109
102500000	110
102505000	111
102510000	112
102515000	113
102520000	114
102525000	115
102530000	116
102535000	117
102540000	118
102545000	119
102550000	120
102555000	121
102560000	122
102565000	123
102570000	124
102575000	125
102580000	126
102585000	127
102590000	128
102595000	129
102600000	130
102605000	131
102610000	132
102615000	133
102620000	134
102625000	135
102630000	136
102635000	137
102640000	138
102645000	139
102650000	140
102655000	141
102660000	142
102665000	143
102670000	144
102675000	145
102680000	146
102685000	147
102690000	148
102695000	149
102700000	150
102705000	151
102710000	152
102715000	153
102720000	154
102725000	155
102730000	156
102735000	157
102740000	158
102745000	159
102750000	160
102755000	161
102760000	162
102765000	163
102770000	164
102775000	165
102780000	166
102785000	167
102790000	168
102795000	169
102800000	170
102805000	171
102810000	172
102815000	173
102820000	174
102825000	175
102830000	176
102835000	177
102840000	178
102845000	179
102850000	180
102855000	181
102860000	182
102865000	183
102870000	184
102875000	185
102880000	186
102885000	187
102890000	188
102895000	189
102900000	190
102905000	191
102910000	192
102915000	193
102920000	194
102925000	195
102930000	196
102935000	197
102945000	198
102950000	199
102955000	200
102960000	201
102965000	202
102970000	203
102975000	204
102980000	205
102985000	206
102990000	207
102995000	208
103000000	209
103005000	210
103010000	211
103015000	212
103020000	213
103025000	214
103030000	215
103035000	216
103040000	217
103045000	218
103050000	219
103055000	220
103060000	221
103065000	222
103070000	223
103075000	224
103080000	225
103085000	226
103090000	227
103095000	228
103100000	229
103105000	230
103110000	231
103115000	232
103120000	233
103125000	234
103130000	235
103135000	236
103140000	237
103145000	238
103150000	239
103155000	240
103160000	241
103165000	242
103170000	243
103175000	244
103180000	245
103185000	246
103190000	247
103195000	248
103200000	249
103205000	250
103210000	251
103215000	252
103220000	253
103225000	254
103230000	255
103235000	256
103240000	257
103245000	258
103250000	259
103255000	260
103260000	261
103265000	262
103270000	263
103280000	264
103285000	265
103290000	266
103295000	267
103300000	268
103305000	269
103310000	270
103315000	271
103320000	272
103325000	273
103330000	274
103335000	275
103340000	276
103345000	277
103350000	278
103355000	279
103360000	280
103365000	281
103370000	282
103375000	283
103380000	284
103385000	285
103390000	286
103395000	287
103400000	288
103405000	289
103410000	290
103415000	291
