121265000	0
121270000	1
121275000	2
121280000	3
121285000	4
121290000	5
121295000	6
121300000	7
121305000	8
121310000	9
121315000	10
121320000	11
121325000	12
121330000	13
121335000	14
121340000	15
121345000	16
121350000	17
121355000	18
121360000	19
121365000	20
121370000	21
121375000	22
121380000	23
121385000	24
121390000	25
121395000	26
121400000	27
121405000	28
121410000	29
121415000	30
121420000	31
121425000	32
121430000	33
121435000	34
121440000	35
121445000	36
121450000	37
121455000	38
121460000	39
121465000	40
121470000	41
121475000	42
121480000	43
121485000	44
121490000	45
121495000	46
121500000	47
121505000	48
121510000	49
121515000	50
121520000	51
121525000	52
121530000	53
121535000	54
121540000	55
121545000	56
121550000	57
121555000	58
121560000	59
121565000	60
121570000	61
121575000	62
121580000	63
121585000	64
121590000	65
