45785000	0
45790000	1
45795000	2
45800000	3
45805000	4
45810000	5
45815000	6
45820000	7
45825000	8
45830000	9
45835000	10
45840000	11
45845000	12
45850000	13
45855000	14
45860000	15
45865000	16
45870000	17
45875000	18
45880000	19
45885000	20
45890000	21
45895000	22
45900000	23
45905000	24
45910000	25
45915000	26
45920000	27
45925000	28
45930000	29
45935000	30
45940000	31
45945000	32
45950000	33
45955000	34
45960000	35
45965000	36
45970000	37
45975000	38
45980000	39
45985000	40
45990000	41
45995000	42
46000000	43
46005000	44
46010000	45
46015000	46
46020000	47
46025000	48
46030000	49
46035000	50
46040000	51
46045000	52
46050000	53
46055000	54
46060000	55
46065000	56
46070000	57
46075000	58
46080000	59
46085000	60
46090000	61
46095000	62
46100000	63
46105000	64
46110000	65
46115000	66
46120000	67
46125000	68
46130000	69
46135000	70
46140000	71
46145000	72
46150000	73
46155000	74
46160000	75
46165000	76
46170000	77
46175000	78
46180000	79
46185000	80
46190000	81
46195000	82
46200000	83
46205000	84
46210000	85
46215000	86
46220000	87
46225000	88
46230000	89
46235000	90
46240000	91
46245000	92
46250000	93
46255000	94
46260000	95
46265000	96
46270000	97
46275000	98
46280000	99
46285000	100
46290000	101
46295000	102
46300000	103
46305000	104
46310000	105
46315000	106
46320000	107
46325000	108
46330000	109
46335000	110
46340000	111
46345000	112
46350000	113
46355000	114
46360000	115
46365000	116
46370000	117
46375000	118
46380000	119
46385000	120
46390000	121
46395000	122
46400000	123
46405000	124
46410000	125
46415000	126
46420000	127
46425000	128
46430000	129
46435000	130
46440000	131
46445000	132
46450000	133
46455000	134
46460000	135
46465000	136
46470000	137
46475000	138
46480000	139
46485000	140
46490000	141
46495000	142
46500000	143
46505000	144
46510000	145
46515000	146
46520000	147
46525000	148
46530000	149
46535000	150
46540000	151
46545000	152
46550000	153
46555000	154
46560000	155
46565000	156
46570000	157
46575000	158
46580000	159
46585000	160
46590000	161
46595000	162
46600000	163
46605000	164
46610000	165
46615000	166
46620000	167
46625000	168
46630000	169
46635000	170
46640000	171
46645000	172
46650000	173
46655000	174
46660000	175
46665000	176
46670000	177
46675000	178
46680000	179
46685000	180
46690000	181
