8475000	0
8480000	1
8485000	2
8490000	3
8495000	4
8500000	5
8505000	6
8510000	7
8515000	8
8520000	9
8525000	10
8530000	11
8535000	12
8540000	13
8545000	14
8550000	15
8555000	16
8560000	17
8565000	18
8570000	19
8575000	20
8580000	21
8585000	22
8590000	23
8595000	24
8600000	25
8605000	26
8610000	27
8615000	28
8620000	29
8625000	30
8630000	31
8635000	32
8640000	33
8645000	34
8650000	35
8655000	36
8660000	37
8665000	38
8670000	39
8675000	40
8680000	41
8685000	42
8690000	43
8695000	44
8700000	45
8705000	46
8710000	47
8715000	48
8720000	49
8725000	50
8730000	51
8735000	52
8740000	53
8745000	54
8750000	55
8755000	56
8760000	57
8765000	58
8770000	59
8775000	60
8780000	61
8785000	62
8790000	63
8795000	64
8800000	65
8805000	66
8810000	67
8815000	68
8820000	69
8825000	70
8830000	71
8835000	72
8840000	73
8845000	74
8850000	75
8855000	76
8860000	77
8865000	78
8870000	79
8875000	80
8880000	81
8885000	82
8890000	83
8895000	84
8900000	85
8905000	86
8910000	87
8915000	88
8920000	89
8925000	90
8930000	91
8935000	92
8940000	93
8945000	94
8950000	95
8955000	96
8960000	97
8965000	98
8970000	99
8975000	100
8980000	101
8985000	102
8990000	103
8995000	104
9000000	105
