73580000	0
73585000	1
73590000	2
73595000	3
73600000	4
73605000	5
73610000	6
73615000	7
73620000	8
73625000	9
73630000	10
73635000	11
73640000	12
73645000	13
73650000	14
73655000	15
73660000	16
73665000	17
73670000	18
73675000	19
73680000	20
73685000	21
73690000	22
73695000	23
73700000	24
73705000	25
73710000	26
73715000	27
73720000	28
73725000	29
73730000	30
73735000	31
73740000	32
73745000	33
73750000	34
73755000	35
73760000	36
73765000	37
73770000	38
73775000	39
73780000	40
73785000	41
73790000	42
73795000	43
73800000	44
73805000	45
73810000	46
73815000	47
73820000	48
73825000	49
73830000	50
73835000	51
73840000	52
73845000	53
73850000	54
73855000	55
73860000	56
73865000	57
73870000	58
73875000	59
73880000	60
73885000	61
73890000	62
73895000	63
73900000	64
73905000	65
73910000	66
73915000	67
73920000	68
73925000	69
73930000	70
73935000	71
73940000	72
73945000	73
73950000	74
73955000	75
73960000	76
73965000	77
73970000	78
73975000	79
73980000	80
73985000	81
73990000	82
73995000	83
74000000	84
74005000	85
74010000	86
74015000	87
74020000	88
74025000	89
74030000	90
74035000	91
74040000	92
74045000	93
74050000	94
74055000	95
74060000	96
74065000	97
74070000	98
74075000	99
74080000	100
74085000	101
74090000	102
74095000	103
74100000	104
74105000	105
74110000	106
74115000	107
74120000	108
74125000	109
74130000	110
74135000	111
74140000	112
74145000	113
74150000	114
74155000	115
74160000	116
74165000	117
74170000	118
74175000	119
74180000	120
74185000	121
74190000	122
74195000	123
74200000	124
74205000	125
74210000	126
74215000	127
74220000	128
74225000	129
74230000	130
74235000	131
74240000	132
74245000	133
74250000	134
74255000	135
74260000	136
74265000	137
74270000	138
74275000	139
74280000	140
74285000	141
74290000	142
74295000	143
74300000	144
74305000	145
74310000	146
74315000	147
74320000	148
74325000	149
74330000	150
74335000	151
74340000	152
74345000	153
74350000	154
74355000	155
74360000	156
74365000	157
74370000	158
74375000	159
74380000	160
74385000	161
74390000	162
74395000	163
74400000	164
74405000	165
74410000	166
74415000	167
74420000	168
74425000	169
74430000	170
74435000	171
74440000	172
74445000	173
74450000	174
74455000	175
74460000	176
74465000	177
74470000	178
74475000	179
74480000	180
74485000	181
74490000	182
74495000	183
74500000	184
74505000	185
74510000	186
74515000	187
74520000	188
74525000	189
74530000	190
74535000	191
74540000	192
74545000	193
74550000	194
74555000	195
74560000	196
74565000	197
74570000	198
74575000	199
74580000	200
74585000	201
74590000	202
74595000	203
74600000	204
74605000	205
74610000	206
74615000	207
74620000	208
74625000	209
74630000	210
74635000	211
74640000	212
74645000	213
74650000	214
74655000	215
74660000	216
74665000	217
74670000	218
74675000	219
74680000	220
74685000	221
74690000	222
74695000	223
74700000	224
74705000	225
74710000	226
74715000	227
74720000	228
74725000	229
74730000	230
74735000	231
74740000	232
74745000	233
74750000	234
74755000	235
74760000	236
74765000	237
74770000	238
74775000	239
74780000	240
74785000	241
74790000	242
74795000	243
74800000	244
74805000	245
74810000	246
74815000	247
74820000	248
74825000	249
74830000	250
74835000	251
74840000	252
74845000	253
74850000	254
74855000	255
74860000	256
74865000	257
74870000	258
74875000	259
74880000	260
74885000	261
74890000	262
74895000	263
74900000	264
74905000	265
74910000	266
74915000	267
74920000	268
74925000	269
74930000	270
74935000	271
74940000	272
74945000	273
74950000	274
74955000	275
74960000	276
74965000	277
74970000	278
74975000	279
74980000	280
74985000	281
74990000	282
74995000	283
75000000	284
75005000	285
75010000	286
75015000	287
75020000	288
75025000	289
75030000	290
75035000	291
75040000	292
75045000	293
75050000	294
75055000	295
75060000	296
75065000	297
75070000	298
75075000	299
75080000	300
75085000	301
75090000	302
75095000	303
75100000	304
75105000	305
75110000	306
75115000	307
75120000	308
75125000	309
75130000	310
75135000	311
75140000	312
75145000	313
75150000	314
75155000	315
75160000	316
75165000	317
75170000	318
75175000	319
75180000	320
75185000	321
75190000	322
75195000	323
75200000	324
75205000	325
75210000	326
75215000	327
75220000	328
75225000	329
75230000	330
75235000	331
75240000	332
75245000	333
75250000	334
75255000	335
75260000	336
75265000	337
75270000	338
75275000	339
75280000	340
75285000	341
75290000	342
75295000	343
75300000	344
75305000	345
75310000	346
75315000	347
75320000	348
75325000	349
75330000	350
75335000	351
75340000	352
75345000	353
75350000	354
75355000	355
75360000	356
75365000	357
75370000	358
75375000	359
75380000	360
75385000	361
75390000	362
75395000	363
75400000	364
75405000	365
75410000	366
75415000	367
75420000	368
75425000	369
75430000	370
75435000	371
75440000	372
75445000	373
75450000	374
75455000	375
75460000	376
75465000	377
75470000	378
75475000	379
