33860000	0
33865000	1
33870000	2
33875000	3
33880000	4
33885000	5
33890000	6
33895000	7
33900000	8
33905000	9
33910000	10
33915000	11
33920000	12
33925000	13
33930000	14
33935000	15
33940000	16
33945000	17
33950000	18
33955000	19
33960000	20
33965000	21
33970000	22
33975000	23
33980000	24
33985000	25
33990000	26
33995000	27
34000000	28
34005000	29
34010000	30
34015000	31
34020000	32
34025000	33
34030000	34
34035000	35
34040000	36
34045000	37
34050000	38
34055000	39
34060000	40
34065000	41
34070000	42
34075000	43
34080000	44
34085000	45
34090000	46
34095000	47
34100000	48
34105000	49
34110000	50
34115000	51
34120000	52
34125000	53
34130000	54
34135000	55
34140000	56
34145000	57
34150000	58
34155000	59
34160000	60
34165000	61
34170000	62
34175000	63
34180000	64
34185000	65
34190000	66
34195000	67
34200000	68
34205000	69
34210000	70
34215000	71
34220000	72
34225000	73
34230000	74
34235000	75
34240000	76
34245000	77
34250000	78
34255000	79
34260000	80
34265000	81
34270000	82
34275000	83
34280000	84
34285000	85
34290000	86
34295000	87
34300000	88
