192775000	0
192780000	1
192785000	2
192790000	3
192795000	4
192800000	5
192805000	6
192810000	7
192815000	8
192820000	9
192825000	10
192830000	11
192835000	12
192840000	13
192845000	14
192850000	15
192855000	16
192860000	17
192865000	18
192870000	19
192875000	20
192880000	21
192885000	22
192890000	23
192895000	24
192900000	25
192905000	26
192910000	27
192915000	28
192920000	29
192925000	30
192930000	31
192935000	32
192940000	33
192945000	34
192950000	35
192955000	36
192960000	37
192965000	38
192970000	39
192975000	40
192980000	41
192985000	42
192990000	43
192995000	44
193000000	45
193005000	46
193010000	47
193015000	48
193020000	49
193025000	50
193030000	51
193035000	52
193040000	53
193045000	54
193050000	55
193055000	56
193060000	57
193065000	58
193070000	59
193075000	60
193080000	61
193085000	62
193090000	63
193095000	64
193100000	65
193105000	66
193110000	67
193115000	68
193120000	69
193125000	70
193130000	71
193135000	72
193140000	73
193145000	74
193150000	75
193155000	76
193160000	77
193165000	78
193170000	79
193175000	80
193180000	81
193185000	82
193190000	83
193195000	84
193200000	85
193205000	86
193210000	87
193215000	88
193220000	89
193225000	90
193230000	91
193235000	92
193240000	93
193245000	94
193250000	95
193255000	96
193260000	97
193265000	98
193270000	99
193275000	100
193280000	101
193285000	102
193290000	103
193295000	104
193300000	105
193305000	106
193310000	107
193315000	108
193320000	109
193325000	110
193330000	111
193335000	112
193340000	113
193345000	114
193350000	115
193355000	116
193360000	117
