123455000	0
123460000	1
123465000	2
123470000	3
123475000	4
123480000	5
123485000	6
123490000	7
123495000	8
123500000	9
123505000	10
123510000	11
123515000	12
123520000	13
123525000	14
123530000	15
123535000	16
123540000	17
123545000	18
123550000	19
123555000	20
123560000	21
123565000	22
123570000	23
123575000	24
123580000	25
123585000	26
123590000	27
123595000	28
123600000	29
123605000	30
123610000	31
123615000	32
123620000	33
123625000	34
123630000	35
123635000	36
123640000	37
123645000	38
123650000	39
123655000	40
123660000	41
123665000	42
123670000	43
123675000	44
123680000	45
123685000	46
123690000	47
123695000	48
