142300000	0
142305000	1
142310000	2
142315000	3
142320000	4
142325000	5
142330000	6
142335000	7
142340000	8
142345000	9
142350000	10
142355000	11
142360000	12
142365000	13
142370000	14
142375000	15
142380000	16
142385000	17
142390000	18
142395000	19
142400000	20
142405000	21
142410000	22
142415000	23
142420000	24
142425000	25
142430000	26
142435000	27
142440000	28
142445000	29
142450000	30
142455000	31
142460000	32
142465000	33
142470000	34
142475000	35
142480000	36
142485000	37
142490000	38
142495000	39
142500000	40
142505000	41
142510000	42
142515000	43
142520000	44
142525000	45
142530000	46
142535000	47
142540000	48
142545000	49
142550000	50
142555000	51
142560000	52
142565000	53
142570000	54
142575000	55
142580000	56
142585000	57
142590000	58
142595000	59
142600000	60
142605000	61
142610000	62
142615000	63
142620000	64
142625000	65
142630000	66
142635000	67
142640000	68
142645000	69
142650000	70
142655000	71
142660000	72
142665000	73
142670000	74
142675000	75
142680000	76
142685000	77
142690000	78
142695000	79
142700000	80
142705000	81
142710000	82
142715000	83
142720000	84
142725000	85
142730000	86
142735000	87
142740000	88
142745000	89
142750000	90
142755000	91
142760000	92
142765000	93
142770000	94
142775000	95
142780000	96
142785000	97
142790000	98
142795000	99
142800000	100
142805000	101
142810000	102
142815000	103
142820000	104
142825000	105
142830000	106
142835000	107
142840000	108
142845000	109
142850000	110
142855000	111
142860000	112
142865000	113
142870000	114
142875000	115
142880000	116
142885000	117
142890000	118
142895000	119
142900000	120
142905000	121
142910000	122
142915000	123
142920000	124
142925000	125
142930000	126
142935000	127
142940000	128
142945000	129
142950000	130
142955000	131
142960000	132
142965000	133
142970000	134
142975000	135
142980000	136
142985000	137
142990000	138
142995000	139
143000000	140
143005000	141
143010000	142
143015000	143
143020000	144
143025000	145
143030000	146
143035000	147
143040000	148
143045000	149
143050000	150
143055000	151
143060000	152
143065000	153
143070000	154
143075000	155
143080000	156
143085000	157
143090000	158
143095000	159
143100000	160
143105000	161
143110000	162
143115000	163
143120000	164
143125000	165
143130000	166
143135000	167
143140000	168
143145000	169
143150000	170
143155000	171
143160000	172
143165000	173
143170000	174
143175000	175
143180000	176
143185000	177
143190000	178
143195000	179
143200000	180
143205000	181
143210000	182
143215000	183
143220000	184
143225000	185
143230000	186
143235000	187
143240000	188
143245000	189
143250000	190
143255000	191
143260000	192
143265000	193
143270000	194
143275000	195
143280000	196
143285000	197
143290000	198
143295000	199
143300000	200
143305000	201
143310000	202
143315000	203
143320000	204
143325000	205
143330000	206
143335000	207
143340000	208
143345000	209
143350000	210
143355000	211
143360000	212
143365000	213
143370000	214
143375000	215
143380000	216
143385000	217
143390000	218
143395000	219
143400000	220
143405000	221
143410000	222
143415000	223
143420000	224
143425000	225
143430000	226
