9850000	0
9855000	1
9860000	2
9865000	3
9870000	4
9875000	5
9880000	6
9885000	7
9890000	8
9895000	9
9900000	10
9905000	11
9910000	12
9915000	13
9920000	14
9925000	15
9930000	16
9935000	17
9940000	18
9945000	19
9950000	20
9955000	21
9960000	22
9965000	23
9970000	24
9975000	25
9980000	26
9985000	27
9990000	28
9995000	29
10000000	30
10005000	31
10010000	32
10015000	33
10020000	34
10025000	35
10030000	36
10035000	37
10040000	38
10045000	39
10050000	40
10055000	41
10060000	42
10065000	43
10070000	44
10075000	45
10080000	46
10085000	47
10090000	48
10095000	49
10100000	50
10105000	51
10110000	52
10115000	53
10120000	54
10125000	55
10130000	56
10135000	57
10140000	58
10145000	59
10150000	60
10155000	61
10160000	62
10165000	63
10170000	64
10175000	65
10180000	66
10185000	67
10190000	68
10195000	69
10200000	70
10205000	71
10210000	72
10215000	73
10220000	74
10225000	75
10230000	76
10235000	77
10240000	78
10245000	79
10250000	80
10255000	81
10260000	82
10265000	83
10270000	84
10275000	85
10280000	86
10285000	87
10290000	88
10295000	89
10300000	90
10305000	91
10310000	92
10315000	93
10320000	94
10325000	95
10330000	96
10335000	97
10340000	98
10345000	99
10350000	100
10355000	101
10360000	102
10365000	103
10370000	104
10375000	105
10380000	106
10385000	107
10390000	108
10395000	109
10400000	110
10405000	111
10410000	112
10415000	113
10420000	114
10425000	115
10430000	116
10435000	117
10440000	118
10445000	119
10450000	120
10455000	121
10460000	122
10465000	123
10470000	124
10475000	125
10480000	126
10485000	127
10490000	128
10495000	129
10500000	130
10505000	131
10510000	132
10515000	133
10520000	134
10525000	135
10530000	136
10535000	137
10540000	138
10545000	139
10550000	140
10555000	141
10560000	142
10565000	143
10570000	144
10575000	145
10580000	146
10585000	147
10590000	148
10595000	149
10600000	150
10605000	151
10610000	152
10615000	153
10620000	154
10625000	155
10630000	156
10635000	157
10640000	158
10645000	159
10650000	160
10655000	161
10660000	162
10665000	163
10670000	164
10675000	165
10680000	166
10685000	167
10690000	168
10695000	169
10700000	170
10705000	171
10710000	172
10715000	173
10720000	174
10725000	175
10730000	176
10735000	177
10740000	178
10745000	179
10750000	180
10755000	181
10760000	182
10765000	183
10770000	184
10775000	185
10780000	186
10785000	187
