192525000	0
192530000	1
192535000	2
192540000	3
192545000	4
192550000	5
192555000	6
192560000	7
192565000	8
192570000	9
192575000	10
192580000	11
192585000	12
192590000	13
192595000	14
192600000	15
192605000	16
192610000	17
192615000	18
192620000	19
192625000	20
192630000	21
192635000	22
192640000	23
192645000	24
192650000	25
192655000	26
192660000	27
192665000	28
192670000	29
192675000	30
192680000	31
192685000	32
192690000	33
192695000	34
192700000	35
192705000	36
192710000	37
192715000	38
192720000	39
192725000	40
192730000	41
192735000	42
192740000	43
192745000	44
192750000	45
192755000	46
192760000	47
192765000	48
192770000	49
192775000	50
192780000	51
192785000	52
192790000	53
192795000	54
192800000	55
192805000	56
192810000	57
192815000	58
192820000	59
192825000	60
192830000	61
192835000	62
192840000	63
192845000	64
192850000	65
192855000	66
192860000	67
192865000	68
192870000	69
192875000	70
192880000	71
192885000	72
192890000	73
192895000	74
192900000	75
192905000	76
192910000	77
192915000	78
192920000	79
192925000	80
192930000	81
192935000	82
192940000	83
192945000	84
192950000	85
192955000	86
192960000	87
192965000	88
192970000	89
192975000	90
192980000	91
192985000	92
192990000	93
192995000	94
193000000	95
193005000	96
193010000	97
193015000	98
193020000	99
193025000	100
193030000	101
193035000	102
193040000	103
193045000	104
193050000	105
193055000	106
193060000	107
193065000	108
193070000	109
193075000	110
193080000	111
193085000	112
193090000	113
193095000	114
193100000	115
193105000	116
193110000	117
193115000	118
193120000	119
193125000	120
193130000	121
193135000	122
193140000	123
193145000	124
193150000	125
193155000	126
193160000	127
193165000	128
193170000	129
193175000	130
