97485000	0
97490000	1
97495000	2
97500000	3
97505000	4
97510000	5
97515000	6
97520000	7
97525000	8
97530000	9
97535000	10
97540000	11
97545000	12
97550000	13
97555000	14
97560000	15
97565000	16
97570000	17
97575000	18
97580000	19
97585000	20
97590000	21
97595000	22
97600000	23
97605000	24
97610000	25
97615000	26
97620000	27
97625000	28
97630000	29
97635000	30
97640000	31
97645000	32
97650000	33
97655000	34
97660000	35
97665000	36
97670000	37
97675000	38
97680000	39
97685000	40
97690000	41
97695000	42
97700000	43
97705000	44
97710000	45
97715000	46
97720000	47
97725000	48
97730000	49
97735000	50
97740000	51
97745000	52
97750000	53
97755000	54
97760000	55
97765000	56
97770000	57
97775000	58
97780000	59
97785000	60
97790000	61
97795000	62
97800000	63
97805000	64
97810000	65
97815000	66
97820000	67
97825000	68
97830000	69
97835000	70
97840000	71
97845000	72
97850000	73
97855000	74
97860000	75
97865000	76
97870000	77
97875000	78
97880000	79
97885000	80
97890000	81
97895000	82
97900000	83
97905000	84
97910000	85
97915000	86
97920000	87
97925000	88
97930000	89
97935000	90
97940000	91
97945000	92
97950000	93
97955000	94
97960000	95
97965000	96
97970000	97
97975000	98
97980000	99
97985000	100
97990000	101
97995000	102
98000000	103
98005000	104
98010000	105
98015000	106
98020000	107
98025000	108
98030000	109
98035000	110
98040000	111
98045000	112
98050000	113
98055000	114
98060000	115
98065000	116
98070000	117
