107720000	0
107725000	1
107730000	2
107735000	3
107740000	4
107745000	5
107750000	6
107755000	7
107760000	8
107765000	9
107770000	10
107775000	11
107780000	12
107785000	13
107790000	14
107795000	15
107800000	16
107805000	17
107810000	18
107815000	19
107820000	20
107825000	21
107830000	22
107835000	23
107840000	24
107845000	25
107850000	26
107855000	27
107860000	28
107865000	29
107870000	30
107875000	31
107880000	32
107885000	33
107890000	34
107895000	35
107900000	36
107905000	37
107910000	38
107915000	39
107920000	40
107925000	41
107930000	42
107935000	43
107940000	44
107945000	45
107950000	46
107955000	47
107960000	48
107965000	49
107970000	50
107975000	51
107980000	52
107985000	53
107990000	54
107995000	55
108000000	56
108005000	57
108010000	58
108015000	59
108020000	60
108025000	61
108030000	62
108035000	63
108040000	64
108045000	65
108050000	66
108055000	67
108060000	68
108065000	69
108070000	70
108075000	71
108080000	72
108085000	73
108090000	74
108095000	75
108100000	76
108105000	77
108110000	78
108115000	79
108120000	80
108125000	81
108130000	82
108135000	83
108140000	84
108145000	85
108150000	86
108155000	87
108160000	88
108165000	89
108170000	90
108175000	91
108180000	92
108185000	93
108190000	94
108195000	95
108200000	96
108205000	97
108210000	98
108215000	99
108220000	100
108225000	101
108230000	102
108235000	103
108240000	104
108245000	105
108250000	106
108255000	107
108260000	108
108265000	109
108270000	110
108275000	111
108280000	112
108285000	113
108290000	114
108295000	115
108300000	116
108305000	117
108310000	118
108315000	119
108320000	120
108325000	121
108330000	122
108335000	123
108340000	124
108345000	125
108350000	126
108355000	127
108360000	128
108365000	129
108370000	130
108375000	131
108380000	132
108385000	133
108390000	134
108395000	135
108400000	136
108405000	137
108410000	138
108415000	139
108420000	140
108425000	141
108430000	142
108435000	143
108440000	144
108445000	145
108450000	146
108455000	147
108460000	148
108465000	149
108470000	150
108475000	151
108480000	152
108485000	153
108490000	154
108495000	155
108500000	156
108505000	157
108510000	158
108515000	159
108520000	160
108525000	161
108530000	162
108535000	163
108540000	164
108545000	165
108550000	166
108555000	167
108560000	168
108565000	169
108570000	170
108575000	171
108580000	172
108585000	173
108590000	174
108595000	175
108600000	176
108605000	177
108610000	178
108615000	179
108620000	180
108625000	181
108630000	182
108635000	183
108640000	184
108645000	185
108650000	186
108655000	187
108660000	188
108665000	189
108670000	190
108675000	191
108680000	192
108685000	193
108690000	194
108695000	195
108700000	196
108705000	197
108710000	198
108715000	199
108720000	200
108725000	201
108730000	202
108735000	203
108740000	204
108745000	205
108750000	206
108755000	207
108760000	208
108765000	209
108770000	210
108775000	211
108780000	212
108785000	213
108790000	214
108795000	215
108800000	216
108805000	217
108810000	218
