42595000	0
42600000	1
42605000	2
42610000	3
42615000	4
42620000	5
42625000	6
42630000	7
42635000	8
42640000	9
42645000	10
42650000	11
42655000	12
42660000	13
42665000	14
42670000	15
42675000	16
42680000	17
42685000	18
42690000	19
42695000	20
42700000	21
42705000	22
42710000	23
42715000	24
42720000	25
42725000	26
42730000	27
42735000	28
42740000	29
42745000	30
42750000	31
42755000	32
42760000	33
42765000	34
42770000	35
42775000	36
42780000	37
42785000	38
42790000	39
42795000	40
42800000	41
42805000	42
42810000	43
42815000	44
42820000	45
42825000	46
42830000	47
42835000	48
42840000	49
42845000	50
42850000	51
42855000	52
42860000	53
42865000	54
42870000	55
42875000	56
42880000	57
42885000	58
42890000	59
42895000	60
42900000	61
42905000	62
42910000	63
42915000	64
42920000	65
42925000	66
42930000	67
42935000	68
42940000	69
42945000	70
42950000	71
42955000	72
42960000	73
42965000	74
42970000	75
42975000	76
42980000	77
42985000	78
42990000	79
42995000	80
43000000	81
43005000	82
43010000	83
43015000	84
43020000	85
43025000	86
43030000	87
43035000	88
43040000	89
43045000	90
43050000	91
43055000	92
43060000	93
43065000	94
43070000	95
43075000	96
43080000	97
43085000	98
43090000	99
43095000	100
43100000	101
43105000	102
43110000	103
43115000	104
43120000	105
43125000	106
43130000	107
43135000	108
43140000	109
43145000	110
43150000	111
43155000	112
43160000	113
43165000	114
43170000	115
43175000	116
43180000	117
43185000	118
43190000	119
43195000	120
43200000	121
43205000	122
43210000	123
43215000	124
43220000	125
43225000	126
43230000	127
43235000	128
43240000	129
43245000	130
43250000	131
43255000	132
43260000	133
43265000	134
43270000	135
43275000	136
43280000	137
43285000	138
43290000	139
43295000	140
43300000	141
43305000	142
43310000	143
43315000	144
43320000	145
43325000	146
43330000	147
43335000	148
43340000	149
43345000	150
43350000	151
43355000	152
43360000	153
43365000	154
43370000	155
43375000	156
43380000	157
43385000	158
43390000	159
43395000	160
43400000	161
43405000	162
43410000	163
43415000	164
43420000	165
43425000	166
43430000	167
43435000	168
43440000	169
43445000	170
43450000	171
43455000	172
43460000	173
43465000	174
43470000	175
43475000	176
43480000	177
43485000	178
43490000	179
43495000	180
43500000	181
43505000	182
43510000	183
43515000	184
43520000	185
43525000	186
43530000	187
43535000	188
43540000	189
43545000	190
43550000	191
43555000	192
