88065000	0
88070000	1
88075000	2
88080000	3
88085000	4
88090000	5
88095000	6
88100000	7
88105000	8
88110000	9
88115000	10
88120000	11
88125000	12
88130000	13
88135000	14
88140000	15
88145000	16
88150000	17
88155000	18
88160000	19
88165000	20
88170000	21
88175000	22
88180000	23
88185000	24
88190000	25
88195000	26
88200000	27
88205000	28
88210000	29
88215000	30
88220000	31
88225000	32
88230000	33
88235000	34
88240000	35
88245000	36
88250000	37
88255000	38
88260000	39
88265000	40
88270000	41
88275000	42
88280000	43
88285000	44
88290000	45
88295000	46
88300000	47
88305000	48
88310000	49
88315000	50
88320000	51
88325000	52
88330000	53
88335000	54
88340000	55
88345000	56
88350000	57
88355000	58
88360000	59
88365000	60
88370000	61
88375000	62
88380000	63
88385000	64
88390000	65
88395000	66
88400000	67
88405000	68
88410000	69
88415000	70
88420000	71
88425000	72
88430000	73
88435000	74
88440000	75
88445000	76
88450000	77
88455000	78
88460000	79
88465000	80
88470000	81
88475000	82
88480000	83
88485000	84
88490000	85
88495000	86
88500000	87
88505000	88
88510000	89
88515000	90
88520000	91
88525000	92
88530000	93
88535000	94
88540000	95
88545000	96
88550000	97
88555000	98
88560000	99
88565000	100
88570000	101
88575000	102
88580000	103
88585000	104
88590000	105
88595000	106
88600000	107
88605000	108
88610000	109
88615000	110
88620000	111
88625000	112
88630000	113
88635000	114
88640000	115
88645000	116
88650000	117
88655000	118
88660000	119
88665000	120
88670000	121
88675000	122
88680000	123
88685000	124
88690000	125
88695000	126
88700000	127
88705000	128
88710000	129
88715000	130
88720000	131
88725000	132
88730000	133
88735000	134
88740000	135
88745000	136
88750000	137
88755000	138
88760000	139
88765000	140
88770000	141
88775000	142
88780000	143
88785000	144
88790000	145
88795000	146
88800000	147
88805000	148
88810000	149
88815000	150
88820000	151
88825000	152
88830000	153
88835000	154
88840000	155
88845000	156
88850000	157
88855000	158
88860000	159
88865000	160
88870000	161
88875000	162
88880000	163
88885000	164
88890000	165
88895000	166
88900000	167
88905000	168
88910000	169
88915000	170
88920000	171
88925000	172
88930000	173
88935000	174
88940000	175
88945000	176
88950000	177
88955000	178
88960000	179
88965000	180
88970000	181
88975000	182
88980000	183
88985000	184
88990000	185
88995000	186
89000000	187
89005000	188
89010000	189
89015000	190
89020000	191
89025000	192
89030000	193
89035000	194
89040000	195
89045000	196
89050000	197
89055000	198
89060000	199
89065000	200
89070000	201
89075000	202
89080000	203
89085000	204
89090000	205
89095000	206
89100000	207
89105000	208
89110000	209
89115000	210
89120000	211
89125000	212
89130000	213
89135000	214
89140000	215
89145000	216
89150000	217
89155000	218
89160000	219
