47430000	0
47435000	1
47440000	2
47445000	3
47450000	4
47455000	5
47460000	6
47465000	7
47470000	8
47475000	9
47480000	10
47485000	11
47490000	12
47495000	13
47500000	14
47505000	15
47510000	16
47515000	17
47520000	18
47525000	19
47530000	20
47535000	21
47540000	22
47545000	23
47550000	24
47555000	25
47560000	26
47565000	27
47570000	28
47575000	29
47580000	30
47585000	31
47590000	32
47595000	33
47600000	34
47605000	35
47610000	36
47615000	37
47620000	38
47625000	39
47630000	40
47635000	41
47640000	42
47645000	43
47650000	44
47655000	45
47660000	46
47665000	47
47670000	48
47675000	49
47680000	50
47685000	51
47690000	52
47695000	53
47700000	54
47705000	55
47710000	56
47715000	57
47720000	58
47725000	59
47730000	60
47735000	61
47740000	62
47745000	63
47750000	64
47755000	65
47760000	66
47765000	67
47770000	68
47775000	69
47780000	70
47785000	71
47790000	72
47795000	73
47800000	74
47805000	75
47810000	76
47815000	77
47820000	78
47825000	79
47830000	80
47835000	81
47840000	82
47845000	83
47850000	84
47855000	85
47860000	86
47865000	87
47870000	88
47875000	89
47880000	90
47885000	91
47890000	92
47895000	93
47900000	94
47905000	95
47910000	96
47915000	97
47920000	98
47925000	99
47930000	100
47935000	101
47940000	102
47945000	103
47950000	104
47955000	105
47960000	106
47965000	107
47970000	108
47975000	109
47980000	110
47985000	111
47990000	112
47995000	113
48000000	114
48005000	115
48010000	116
48015000	117
48020000	118
48025000	119
48030000	120
48035000	121
48040000	122
48045000	123
48050000	124
48055000	125
48060000	126
48065000	127
48070000	128
48075000	129
48080000	130
48085000	131
48090000	132
48095000	133
48100000	134
48105000	135
48110000	136
48115000	137
48120000	138
48125000	139
48130000	140
48135000	141
48140000	142
48145000	143
48150000	144
48155000	145
48160000	146
48165000	147
48170000	148
48175000	149
48180000	150
48185000	151
48190000	152
48195000	153
48200000	154
48205000	155
48210000	156
48215000	157
48220000	158
48225000	159
48230000	160
48235000	161
48240000	162
48245000	163
48250000	164
48255000	165
48260000	166
48265000	167
48270000	168
48275000	169
48280000	170
48285000	171
48290000	172
48295000	173
48300000	174
48305000	175
48310000	176
48315000	177
48320000	178
48325000	179
48330000	180
48335000	181
48340000	182
48345000	183
48350000	184
48355000	185
48360000	186
48365000	187
48370000	188
48375000	189
48380000	190
48385000	191
48390000	192
48395000	193
48400000	194
48405000	195
48410000	196
48415000	197
48420000	198
48425000	199
48430000	200
48435000	201
48440000	202
48445000	203
48450000	204
48455000	205
48460000	206
48465000	207
48470000	208
48475000	209
48480000	210
48485000	211
48490000	212
48495000	213
48500000	214
48505000	215
48510000	216
48515000	217
48520000	218
48525000	219
48530000	220
48535000	221
48540000	222
48545000	223
48550000	224
48555000	225
48560000	226
48565000	227
48570000	228
48575000	229
48580000	230
48585000	231
48590000	232
48595000	233
48600000	234
48605000	235
48610000	236
48615000	237
48620000	238
48625000	239
48630000	240
48635000	241
48640000	242
48645000	243
48650000	244
48655000	245
48660000	246
48665000	247
48670000	248
48675000	249
48680000	250
48685000	251
48690000	252
48695000	253
48700000	254
48705000	255
48710000	256
48715000	257
48720000	258
48725000	259
48730000	260
48735000	261
