145760000	0
145765000	1
145770000	2
145775000	3
145780000	4
145785000	5
145790000	6
145795000	7
145800000	8
145805000	9
145810000	10
145815000	11
145820000	12
145825000	13
145830000	14
145835000	15
145840000	16
145845000	17
145850000	18
145855000	19
145860000	20
145865000	21
145870000	22
145875000	23
145880000	24
145885000	25
145890000	26
145895000	27
145900000	28
145905000	29
145910000	30
145915000	31
145920000	32
145925000	33
145930000	34
145935000	35
145940000	36
145945000	37
145950000	38
145955000	39
145960000	40
145965000	41
145970000	42
145975000	43
145980000	44
145985000	45
145990000	46
145995000	47
146000000	48
146005000	49
146010000	50
146015000	51
146020000	52
146025000	53
146030000	54
146035000	55
146040000	56
146045000	57
146050000	58
146055000	59
146060000	60
146065000	61
146070000	62
146075000	63
146080000	64
146085000	65
146090000	66
146095000	67
146100000	68
146105000	69
146110000	70
146115000	71
146120000	72
146125000	73
146130000	74
146135000	75
146140000	76
146145000	77
146150000	78
146155000	79
146160000	80
146165000	81
146170000	82
146175000	83
146180000	84
146185000	85
146190000	86
146195000	87
146200000	88
146205000	89
146210000	90
146215000	91
146220000	92
146225000	93
146230000	94
146235000	95
146240000	96
146245000	97
146250000	98
146255000	99
146260000	100
146265000	101
146270000	102
146275000	103
146280000	104
146285000	105
146290000	106
146295000	107
146300000	108
146305000	109
146310000	110
146315000	111
146320000	112
146325000	113
146330000	114
146335000	115
146340000	116
146345000	117
146350000	118
