170005000	0
170010000	1
170015000	2
170020000	3
170025000	4
170030000	5
170035000	6
170040000	7
170045000	8
170050000	9
170055000	10
170060000	11
170065000	12
170070000	13
170075000	14
170080000	15
170085000	16
170090000	17
170095000	18
170100000	19
170105000	20
170110000	21
170115000	22
170120000	23
170125000	24
170130000	25
170135000	26
170140000	27
170145000	28
170150000	29
170155000	30
170160000	31
170165000	32
170170000	33
170175000	34
170180000	35
170185000	36
170190000	37
170195000	38
170200000	39
170205000	40
170210000	41
170215000	42
170220000	43
170225000	44
170230000	45
170235000	46
170240000	47
170245000	48
170250000	49
170255000	50
170260000	51
170265000	52
170270000	53
170275000	54
170280000	55
170285000	56
170290000	57
170295000	58
170300000	59
170305000	60
170310000	61
170315000	62
170320000	63
170325000	64
170330000	65
170335000	66
170340000	67
170345000	68
170350000	69
170355000	70
170360000	71
170365000	72
170370000	73
170375000	74
170380000	75
170385000	76
170390000	77
170395000	78
170400000	79
170405000	80
170410000	81
170415000	82
170420000	83
170425000	84
170430000	85
170435000	86
170440000	87
170445000	88
170450000	89
170455000	90
170460000	91
170465000	92
170470000	93
170475000	94
170480000	95
170485000	96
170490000	97
170495000	98
170500000	99
170505000	100
170510000	101
170515000	102
170520000	103
170525000	104
170530000	105
170535000	106
170540000	107
170545000	108
170550000	109
170555000	110
170560000	111
170565000	112
170570000	113
170575000	114
170580000	115
170585000	116
170590000	117
170595000	118
170600000	119
170605000	120
170610000	121
170615000	122
170620000	123
170625000	124
170630000	125
170635000	126
170640000	127
170645000	128
170650000	129
170655000	130
170660000	131
170665000	132
170670000	133
170675000	134
170680000	135
170685000	136
170690000	137
170695000	138
170700000	139
170705000	140
170710000	141
170715000	142
170720000	143
170725000	144
170730000	145
170735000	146
170740000	147
170745000	148
170750000	149
170755000	150
170760000	151
170765000	152
170770000	153
170775000	154
