158365000	0
158370000	1
158375000	2
158380000	3
158385000	4
158390000	5
158395000	6
158400000	7
158405000	8
158410000	9
158415000	10
158420000	11
158425000	12
158430000	13
158435000	14
158440000	15
158445000	16
158450000	17
158455000	18
158460000	19
158465000	20
158470000	21
158475000	22
158480000	23
158485000	24
158490000	25
158495000	26
158500000	27
158505000	28
158510000	29
158515000	30
158520000	31
158525000	32
158530000	33
158535000	34
158540000	35
158545000	36
158550000	37
158555000	38
158560000	39
158565000	40
158570000	41
158575000	42
158580000	43
158585000	44
158590000	45
158595000	46
158600000	47
158605000	48
158610000	49
158615000	50
158620000	51
158625000	52
158630000	53
158635000	54
158640000	55
158645000	56
158650000	57
158655000	58
158660000	59
158665000	60
158670000	61
158675000	62
158680000	63
158685000	64
158690000	65
158695000	66
158700000	67
158705000	68
158710000	69
158715000	70
158720000	71
158725000	72
158730000	73
158735000	74
158740000	75
158745000	76
158750000	77
158755000	78
158760000	79
158765000	80
158770000	81
158775000	82
158780000	83
158785000	84
158790000	85
158795000	86
158800000	87
158805000	88
158810000	89
158815000	90
158820000	91
158825000	92
158830000	93
158835000	94
158840000	95
158845000	96
158850000	97
158855000	98
158860000	99
158865000	100
158870000	101
158875000	102
158880000	103
158885000	104
158890000	105
158895000	106
158900000	107
158905000	108
158910000	109
158915000	110
158920000	111
158925000	112
158930000	113
158935000	114
158940000	115
158945000	116
158950000	117
158955000	118
158960000	119
158965000	120
158970000	121
158975000	122
158980000	123
158985000	124
158990000	125
158995000	126
159000000	127
159005000	128
159010000	129
159015000	130
