9595000	0
9600000	1
9605000	2
9610000	3
9615000	4
9620000	5
9625000	6
9630000	7
9635000	8
9640000	9
9645000	10
9650000	11
9655000	12
9660000	13
9665000	14
9670000	15
9675000	16
9680000	17
9685000	18
9690000	19
9695000	20
9700000	21
9705000	22
9710000	23
9715000	24
9720000	25
9725000	26
9730000	27
9735000	28
9740000	29
9745000	30
9750000	31
9755000	32
9760000	33
9765000	34
9770000	35
9775000	36
9780000	37
9785000	38
9790000	39
9795000	40
9800000	41
9805000	42
9810000	43
9815000	44
9820000	45
9825000	46
9830000	47
9835000	48
9840000	49
9845000	50
9850000	51
9855000	52
9860000	53
9865000	54
9870000	55
9875000	56
9880000	57
9885000	58
9890000	59
9895000	60
9900000	61
9905000	62
9910000	63
9915000	64
9920000	65
9925000	66
9930000	67
9935000	68
