32670000	0
32675000	1
32680000	2
32685000	3
32690000	4
32695000	5
32700000	6
32705000	7
32710000	8
32715000	9
32720000	10
32725000	11
32730000	12
32735000	13
32740000	14
32745000	15
32750000	16
32755000	17
32760000	18
32765000	19
32770000	20
32775000	21
32780000	22
32785000	23
32790000	24
32795000	25
32800000	26
32805000	27
32810000	28
32815000	29
32820000	30
32825000	31
32830000	32
32835000	33
32840000	34
32845000	35
32850000	36
32855000	37
32860000	38
32865000	39
32870000	40
32875000	41
32880000	42
32885000	43
32890000	44
32895000	45
32900000	46
32905000	47
32910000	48
32915000	49
32920000	50
32925000	51
32930000	52
32935000	53
32940000	54
32945000	55
32950000	56
32955000	57
32960000	58
32965000	59
32970000	60
32975000	61
32980000	62
32985000	63
32990000	64
32995000	65
33000000	66
33005000	67
33010000	68
33015000	69
33020000	70
33025000	71
33030000	72
33035000	73
33040000	74
33045000	75
33050000	76
33055000	77
