168350000	0
168355000	1
168360000	2
168365000	3
168370000	4
168375000	5
168380000	6
168385000	7
168390000	8
168395000	9
168400000	10
168405000	11
168410000	12
168415000	13
168420000	14
168425000	15
168430000	16
168435000	17
168440000	18
168445000	19
168450000	20
168455000	21
168460000	22
168465000	23
168470000	24
168475000	25
168480000	26
168485000	27
168490000	28
168495000	29
168500000	30
168505000	31
168510000	32
168515000	33
168520000	34
168525000	35
168530000	36
168535000	37
168540000	38
168545000	39
168550000	40
168555000	41
168560000	42
168565000	43
168570000	44
168575000	45
168580000	46
168585000	47
168590000	48
168595000	49
168600000	50
168605000	51
168610000	52
168615000	53
168620000	54
168625000	55
168630000	56
168635000	57
168640000	58
168645000	59
168650000	60
168655000	61
168660000	62
168665000	63
168670000	64
168675000	65
168680000	66
168685000	67
168690000	68
168695000	69
168700000	70
168705000	71
168710000	72
168715000	73
168720000	74
168725000	75
168730000	76
168735000	77
168740000	78
168745000	79
168750000	80
168755000	81
168760000	82
168765000	83
