7565000	0
7570000	1
7575000	2
7580000	3
7585000	4
7590000	5
7595000	6
7600000	7
7605000	8
7610000	9
7615000	10
7620000	11
7625000	12
7630000	13
7635000	14
7640000	15
7645000	16
7650000	17
7655000	18
7660000	19
7665000	20
7670000	21
7675000	22
7680000	23
7685000	24
7690000	25
7695000	26
7700000	27
7705000	28
7710000	29
7715000	30
7720000	31
7725000	32
7730000	33
7735000	34
7740000	35
7745000	36
7750000	37
7755000	38
7760000	39
7765000	40
7770000	41
7775000	42
7780000	43
7785000	44
7790000	45
7795000	46
7800000	47
7805000	48
7810000	49
7815000	50
7820000	51
7825000	52
