36685000	0
36690000	1
36695000	2
36700000	3
36705000	4
36710000	5
36715000	6
36720000	7
36725000	8
36730000	9
36735000	10
36740000	11
36745000	12
36750000	13
36755000	14
36760000	15
36765000	16
36770000	17
36775000	18
36780000	19
36785000	20
36790000	21
36795000	22
36800000	23
36805000	24
36810000	25
36815000	26
36820000	27
36825000	28
36830000	29
36835000	30
36840000	31
36845000	32
36850000	33
36855000	34
36860000	35
36865000	36
36870000	37
36875000	38
36880000	39
36885000	40
36890000	41
36895000	42
36900000	43
36905000	44
36910000	45
36915000	46
36920000	47
36925000	48
36930000	49
36935000	50
36940000	51
36945000	52
36950000	53
36955000	54
36960000	55
36965000	56
36970000	57
36975000	58
36980000	59
36985000	60
36990000	61
36995000	62
37000000	63
37005000	64
37010000	65
37015000	66
37020000	67
37025000	68
37030000	69
37035000	70
37040000	71
37045000	72
37050000	73
37055000	74
37060000	75
37065000	76
37070000	77
37075000	78
37080000	79
37085000	80
37090000	81
37095000	82
37100000	83
37105000	84
37110000	85
37115000	86
37120000	87
37125000	88
37130000	89
37135000	90
37140000	91
37145000	92
37150000	93
37155000	94
37160000	95
37165000	96
37170000	97
