200000	0
205000	1
210000	2
215000	3
220000	4
225000	5
230000	6
235000	7
240000	8
245000	9
250000	10
255000	11
260000	12
265000	13
270000	14
275000	15
280000	16
285000	17
290000	18
295000	19
300000	20
305000	21
310000	22
315000	23
320000	24
325000	25
330000	26
335000	27
340000	28
345000	29
350000	30
355000	31
360000	32
365000	33
370000	34
375000	35
380000	36
385000	37
390000	38
395000	39
400000	40
405000	41
410000	42
415000	43
420000	44
425000	45
430000	46
435000	47
440000	48
445000	49
450000	50
455000	51
460000	52
465000	53
470000	54
475000	55
480000	56
485000	57
490000	58
495000	59
500000	60
505000	61
510000	62
515000	63
520000	64
525000	65
530000	66
535000	67
540000	68
545000	69
550000	70
555000	71
560000	72
565000	73
570000	74
575000	75
580000	76
585000	77
590000	78
595000	79
600000	80
