44465000	0
44565000	1
44570000	2
44575000	3
44580000	4
44610000	5
44620000	6
44650000	7
44695000	8
44755000	9
44760000	10
44780000	11
44785000	12
44790000	13
44795000	14
44800000	15
44805000	16
44810000	17
44815000	18
44820000	19
44825000	20
44830000	21
44835000	22
44840000	23
44845000	24
44850000	25
44855000	26
44860000	27
44865000	28
44870000	29
44875000	30
44880000	31
44885000	32
44890000	33
44895000	34
44900000	35
44905000	36
44910000	37
44915000	38
44920000	39
44925000	40
44930000	41
44935000	42
44940000	43
44945000	44
44950000	45
44955000	46
44960000	47
44965000	48
44970000	49
44975000	50
44980000	51
44985000	52
44990000	53
44995000	54
45000000	55
45005000	56
45010000	57
45015000	58
45020000	59
45025000	60
45030000	61
45035000	62
45040000	63
45045000	64
45050000	65
45055000	66
45060000	67
45065000	68
45070000	69
45075000	70
45080000	71
45085000	72
45090000	73
45095000	74
45100000	75
45105000	76
45110000	77
45115000	78
45125000	79
45130000	80
45135000	81
45140000	82
45145000	83
45150000	84
45155000	85
45160000	86
45165000	87
45170000	88
45175000	89
