48215000	0
48220000	1
48225000	2
48230000	3
48235000	4
48240000	5
48245000	6
48250000	7
48255000	8
48260000	9
48265000	10
48270000	11
48275000	12
48280000	13
48285000	14
48290000	15
48295000	16
48300000	17
48305000	18
48310000	19
48315000	20
48320000	21
48325000	22
48330000	23
48335000	24
48340000	25
48345000	26
48350000	27
48355000	28
48360000	29
48365000	30
48370000	31
48375000	32
48380000	33
48385000	34
48390000	35
48395000	36
48400000	37
48405000	38
48410000	39
48415000	40
48420000	41
48425000	42
48430000	43
48435000	44
48440000	45
48445000	46
48450000	47
48455000	48
48460000	49
48465000	50
48470000	51
48475000	52
48480000	53
48485000	54
48490000	55
48495000	56
48500000	57
48505000	58
48510000	59
48515000	60
48520000	61
48525000	62
48530000	63
48535000	64
48540000	65
48545000	66
48550000	67
48555000	68
48560000	69
48565000	70
48570000	71
48575000	72
48580000	73
48585000	74
48590000	75
48595000	76
48600000	77
48605000	78
48610000	79
48615000	80
48620000	81
48625000	82
48630000	83
48635000	84
48640000	85
48645000	86
48650000	87
48655000	88
48660000	89
48665000	90
48670000	91
48675000	92
48680000	93
