90325000	0
90330000	1
90335000	2
90340000	3
90345000	4
90350000	5
90355000	6
90360000	7
90365000	8
90370000	9
90375000	10
90380000	11
90385000	12
90390000	13
90395000	14
90400000	15
90405000	16
90410000	17
90415000	18
90420000	19
90425000	20
90430000	21
90435000	22
90440000	23
90445000	24
90450000	25
90455000	26
90460000	27
90465000	28
90470000	29
90475000	30
90480000	31
90485000	32
90490000	33
90495000	34
90500000	35
90505000	36
90510000	37
90515000	38
90520000	39
90525000	40
90530000	41
90535000	42
90540000	43
90545000	44
90550000	45
90555000	46
90560000	47
90565000	48
90570000	49
90575000	50
90580000	51
90585000	52
90590000	53
90595000	54
90600000	55
90605000	56
90610000	57
90615000	58
90620000	59
90625000	60
90630000	61
90635000	62
90640000	63
90645000	64
90650000	65
90655000	66
90660000	67
90665000	68
90670000	69
90675000	70
