53560000	0
53565000	1
53570000	2
53575000	3
53580000	4
53585000	5
53590000	6
53595000	7
53600000	8
53605000	9
53610000	10
53615000	11
53620000	12
53625000	13
53630000	14
53635000	15
53640000	16
53645000	17
53650000	18
53655000	19
53660000	20
53665000	21
53670000	22
53675000	23
53680000	24
53685000	25
53690000	26
53695000	27
53700000	28
53705000	29
53710000	30
53715000	31
53720000	32
53725000	33
53730000	34
53735000	35
53740000	36
53745000	37
53750000	38
53755000	39
53760000	40
53765000	41
53770000	42
53775000	43
53780000	44
53785000	45
53790000	46
53795000	47
53800000	48
53805000	49
53810000	50
53815000	51
53820000	52
53825000	53
53830000	54
53835000	55
53840000	56
53845000	57
53850000	58
53855000	59
53860000	60
53865000	61
53870000	62
53875000	63
53880000	64
53885000	65
53890000	66
53895000	67
53900000	68
53905000	69
53910000	70
53915000	71
53920000	72
53925000	73
53930000	74
53935000	75
53940000	76
53945000	77
53950000	78
53955000	79
53960000	80
53965000	81
53970000	82
53975000	83
53980000	84
53985000	85
53990000	86
53995000	87
54000000	88
54005000	89
54010000	90
54015000	91
54020000	92
54025000	93
54030000	94
54035000	95
54040000	96
54045000	97
54050000	98
54055000	99
54060000	100
54065000	101
54070000	102
54075000	103
54080000	104
54085000	105
54090000	106
54095000	107
54100000	108
54105000	109
54110000	110
54115000	111
54120000	112
54125000	113
54130000	114
54135000	115
54140000	116
54145000	117
54150000	118
54155000	119
54160000	120
54165000	121
54170000	122
54175000	123
54180000	124
54185000	125
54190000	126
54195000	127
54200000	128
54205000	129
54210000	130
54215000	131
54220000	132
54225000	133
54230000	134
54235000	135
54240000	136
54245000	137
54250000	138
54255000	139
54260000	140
54265000	141
54270000	142
54275000	143
54280000	144
54285000	145
54290000	146
54295000	147
54300000	148
54305000	149
54310000	150
54315000	151
54320000	152
54325000	153
54330000	154
54335000	155
54340000	156
54345000	157
54350000	158
54355000	159
54360000	160
54365000	161
54370000	162
54375000	163
54380000	164
54385000	165
54390000	166
54395000	167
54400000	168
54405000	169
54410000	170
54415000	171
54420000	172
54425000	173
54430000	174
54435000	175
54440000	176
54445000	177
54450000	178
54455000	179
54460000	180
54465000	181
54470000	182
54475000	183
54480000	184
54485000	185
54490000	186
54495000	187
54500000	188
54505000	189
54510000	190
54515000	191
54520000	192
54525000	193
54530000	194
54535000	195
54540000	196
54545000	197
54550000	198
54555000	199
54560000	200
54565000	201
54570000	202
54575000	203
54580000	204
54585000	205
54590000	206
54595000	207
54600000	208
54605000	209
54610000	210
54615000	211
54620000	212
54625000	213
54630000	214
54635000	215
54640000	216
54645000	217
54650000	218
54655000	219
54660000	220
54665000	221
54670000	222
54675000	223
54680000	224
54685000	225
54690000	226
54695000	227
54700000	228
54705000	229
54710000	230
54715000	231
54720000	232
54725000	233
54730000	234
54735000	235
54740000	236
54745000	237
54750000	238
54755000	239
54760000	240
54765000	241
54770000	242
54775000	243
54780000	244
54785000	245
54790000	246
54795000	247
54800000	248
54805000	249
54810000	250
54815000	251
54820000	252
54825000	253
54830000	254
54835000	255
54840000	256
54845000	257
54850000	258
54855000	259
54860000	260
54865000	261
54870000	262
54875000	263
54880000	264
54885000	265
54890000	266
54895000	267
54900000	268
54905000	269
54910000	270
54915000	271
54920000	272
54925000	273
54930000	274
54935000	275
54940000	276
54945000	277
54950000	278
54955000	279
54960000	280
54965000	281
54970000	282
54975000	283
54980000	284
54985000	285
54990000	286
54995000	287
55000000	288
55005000	289
55010000	290
55015000	291
55020000	292
55025000	293
55030000	294
55035000	295
55040000	296
55045000	297
55050000	298
55055000	299
55060000	300
55065000	301
55070000	302
55075000	303
55080000	304
55085000	305
55090000	306
55095000	307
55100000	308
55105000	309
55110000	310
55115000	311
55120000	312
55125000	313
55130000	314
55135000	315
55140000	316
55145000	317
55150000	318
55155000	319
55160000	320
55165000	321
55170000	322
55175000	323
55180000	324
55185000	325
55190000	326
55195000	327
55200000	328
55205000	329
55210000	330
55215000	331
55220000	332
55225000	333
55230000	334
55235000	335
55240000	336
55245000	337
55250000	338
55255000	339
55260000	340
55265000	341
55270000	342
55275000	343
55280000	344
55285000	345
55290000	346
55295000	347
55300000	348
55305000	349
55310000	350
55315000	351
55320000	352
55325000	353
55330000	354
55335000	355
55340000	356
55345000	357
55350000	358
55355000	359
55360000	360
55365000	361
55370000	362
55375000	363
55380000	364
55385000	365
55390000	366
55395000	367
55400000	368
55405000	369
55410000	370
55415000	371
55420000	372
55425000	373
55430000	374
55435000	375
55440000	376
55445000	377
55450000	378
55455000	379
55460000	380
55465000	381
55470000	382
