62035000	0
62040000	1
62045000	2
62050000	3
62055000	4
62060000	5
62065000	6
62070000	7
62075000	8
62080000	9
62085000	10
62090000	11
62095000	12
62100000	13
62105000	14
62115000	15
62120000	16
62125000	17
62130000	18
62135000	19
62140000	20
62145000	21
62150000	22
62155000	23
62160000	24
62165000	25
62170000	26
62175000	27
62180000	28
62185000	29
62190000	30
62195000	31
62200000	32
62205000	33
62210000	34
62215000	35
62220000	36
62225000	37
62230000	38
62235000	39
62240000	40
62245000	41
62250000	42
62255000	43
62260000	44
62265000	45
62270000	46
62275000	47
62280000	48
62285000	49
62290000	50
62295000	51
62300000	52
62305000	53
62310000	54
62315000	55
62320000	56
62325000	57
62330000	58
62335000	59
62340000	60
62345000	61
62350000	62
62355000	63
62360000	64
62365000	65
62370000	66
62375000	67
62380000	68
62385000	69
62395000	70
62400000	71
62405000	72
62410000	73
62415000	74
62420000	75
62425000	76
62430000	77
62435000	78
62440000	79
62445000	80
62450000	81
62455000	82
62460000	83
62465000	84
62470000	85
62475000	86
62480000	87
62485000	88
62490000	89
62495000	90
62500000	91
62505000	92
62510000	93
62515000	94
62520000	95
62525000	96
62530000	97
62535000	98
62540000	99
62545000	100
62550000	101
62555000	102
62560000	103
62565000	104
62570000	105
62575000	106
62580000	107
62585000	108
62590000	109
62595000	110
62600000	111
62605000	112
62615000	113
62620000	114
62625000	115
62630000	116
62635000	117
62640000	118
62645000	119
62650000	120
62655000	121
62660000	122
62665000	123
62670000	124
62675000	125
62680000	126
62685000	127
62690000	128
62695000	129
62700000	130
62705000	131
