99420000	0
99425000	1
99430000	2
99435000	3
99440000	4
99445000	5
99450000	6
99455000	7
99460000	8
99465000	9
99470000	10
99475000	11
99480000	12
99485000	13
99490000	14
99495000	15
99500000	16
99505000	17
99510000	18
99515000	19
99520000	20
99525000	21
99530000	22
99535000	23
99540000	24
99545000	25
99550000	26
99555000	27
99560000	28
99565000	29
99570000	30
99575000	31
99580000	32
99585000	33
99590000	34
99595000	35
99600000	36
99605000	37
99610000	38
99615000	39
99620000	40
99625000	41
99630000	42
99635000	43
99640000	44
99645000	45
99650000	46
99655000	47
99660000	48
99665000	49
99670000	50
99675000	51
99680000	52
99685000	53
99690000	54
99695000	55
99700000	56
99705000	57
99710000	58
99715000	59
99720000	60
99725000	61
99730000	62
99735000	63
99740000	64
99745000	65
99750000	66
99755000	67
99760000	68
99765000	69
99770000	70
99775000	71
99780000	72
99785000	73
99790000	74
99795000	75
99800000	76
99805000	77
99810000	78
99815000	79
99820000	80
99825000	81
99830000	82
99835000	83
99840000	84
99845000	85
99850000	86
99855000	87
99860000	88
99865000	89
99870000	90
99875000	91
99880000	92
99885000	93
99890000	94
99895000	95
99900000	96
99905000	97
99910000	98
99915000	99
99920000	100
99925000	101
99930000	102
99935000	103
99940000	104
99945000	105
99950000	106
99955000	107
99960000	108
99965000	109
99970000	110
99975000	111
99980000	112
99985000	113
99990000	114
99995000	115
100000000	116
100005000	117
100010000	118
100015000	119
100020000	120
100025000	121
100030000	122
100035000	123
100040000	124
100045000	125
100050000	126
100055000	127
100060000	128
100065000	129
100070000	130
100075000	131
100080000	132
100085000	133
100090000	134
100095000	135
100100000	136
100105000	137
100110000	138
