93610000	0
93615000	1
93620000	2
93625000	3
93630000	4
93635000	5
93640000	6
93645000	7
93650000	8
93655000	9
93660000	10
93665000	11
93670000	12
93675000	13
93680000	14
93685000	15
93690000	16
93695000	17
93700000	18
93705000	19
93710000	20
93715000	21
93720000	22
93725000	23
93730000	24
93735000	25
93740000	26
93745000	27
93750000	28
93755000	29
93760000	30
93765000	31
93770000	32
93775000	33
93780000	34
93785000	35
93790000	36
93795000	37
93800000	38
93805000	39
93810000	40
93815000	41
93820000	42
93825000	43
93830000	44
93835000	45
93840000	46
93845000	47
93850000	48
93855000	49
93860000	50
93865000	51
93870000	52
93875000	53
93880000	54
93885000	55
93890000	56
93895000	57
93900000	58
93905000	59
93910000	60
93915000	61
93920000	62
93925000	63
93930000	64
93935000	65
93940000	66
93945000	67
93950000	68
93955000	69
93960000	70
93965000	71
93970000	72
93975000	73
93980000	74
93985000	75
93990000	76
93995000	77
94000000	78
94005000	79
94010000	80
94015000	81
94020000	82
94025000	83
94030000	84
94035000	85
94040000	86
94045000	87
94050000	88
94055000	89
94060000	90
94065000	91
94070000	92
94075000	93
94080000	94
94085000	95
94090000	96
94095000	97
94100000	98
94105000	99
94110000	100
94115000	101
94120000	102
94125000	103
94130000	104
94135000	105
94140000	106
94145000	107
94150000	108
94155000	109
94160000	110
94165000	111
94170000	112
94175000	113
94180000	114
94185000	115
94190000	116
94195000	117
94200000	118
94205000	119
94210000	120
94215000	121
94220000	122
94225000	123
94230000	124
94235000	125
94240000	126
94245000	127
94250000	128
94255000	129
94260000	130
94265000	131
94270000	132
94275000	133
94280000	134
94285000	135
94290000	136
94295000	137
94300000	138
94305000	139
94310000	140
94315000	141
94320000	142
94325000	143
94330000	144
94335000	145
94340000	146
94345000	147
94350000	148
94355000	149
94360000	150
94365000	151
94370000	152
94375000	153
94380000	154
94385000	155
94390000	156
94395000	157
94400000	158
94405000	159
94410000	160
94415000	161
94420000	162
94425000	163
94430000	164
94435000	165
94440000	166
94445000	167
94450000	168
94455000	169
94460000	170
94465000	171
94470000	172
94475000	173
94480000	174
94485000	175
94490000	176
94495000	177
94500000	178
94505000	179
94510000	180
94515000	181
94520000	182
94525000	183
94530000	184
94535000	185
94540000	186
94545000	187
94550000	188
94555000	189
94560000	190
94565000	191
94570000	192
94575000	193
94580000	194
94585000	195
94590000	196
94595000	197
94600000	198
94605000	199
94610000	200
94615000	201
94620000	202
94625000	203
94630000	204
94635000	205
94640000	206
94645000	207
94650000	208
94655000	209
94660000	210
94665000	211
94670000	212
