14445000	0
14450000	1
14455000	2
14460000	3
14465000	4
14470000	5
14475000	6
14480000	7
14485000	8
14490000	9
14495000	10
14500000	11
14505000	12
14510000	13
14515000	14
14520000	15
14525000	16
14530000	17
14535000	18
14540000	19
14545000	20
14550000	21
14555000	22
14560000	23
14565000	24
14570000	25
14575000	26
14580000	27
14585000	28
14590000	29
14595000	30
14600000	31
14605000	32
14610000	33
14615000	34
14620000	35
14625000	36
14630000	37
14635000	38
14640000	39
14645000	40
14650000	41
14655000	42
14660000	43
14670000	44
14675000	45
14680000	46
14685000	47
14690000	48
14695000	49
14700000	50
14705000	51
14710000	52
14715000	53
14720000	54
14725000	55
14730000	56
14735000	57
14740000	58
14745000	59
14750000	60
14755000	61
14760000	62
14765000	63
14770000	64
14775000	65
14780000	66
14785000	67
14790000	68
