31411000	0
31412000	1
31413000	2
31414000	3
31415000	4
31416000	5
31417000	6
31418000	7
31419000	8
31420000	9
31421000	10
31422000	11
31423000	12
31424000	13
31425000	14
31426000	15
31427000	16
31428000	17
31429000	18
31430000	19
31431000	20
31432000	21
31433000	22
31434000	23
31435000	24
31436000	25
31437000	26
31438000	27
31439000	28
31440000	29
31441000	30
31442000	31
31443000	32
31444000	33
31445000	34
31446000	35
31447000	36
31448000	37
31449000	38
31450000	39
31451000	40
31452000	41
31453000	42
31454000	43
31455000	44
31456000	45
31457000	46
31458000	47
31459000	48
31460000	49
31461000	50
31462000	51
31463000	52
31464000	53
31465000	54
31466000	55
31467000	56
31468000	57
31469000	58
31470000	59
31471000	60
31472000	61
31473000	62
31474000	63
31475000	64
31476000	65
31477000	66
31478000	67
31479000	68
31480000	69
31481000	70
31482000	71
31483000	72
31484000	73
31485000	74
31486000	75
31487000	76
31488000	77
31489000	78
31490000	79
31491000	80
31492000	81
31493000	82
31494000	83
31495000	84
31496000	85
31497000	86
31498000	87
31499000	88
31500000	89
31501000	90
31502000	91
31503000	92
31504000	93
31505000	94
31506000	95
31507000	96
31508000	97
31509000	98
31510000	99
31511000	100
31512000	101
31513000	102
31514000	103
31515000	104
31516000	105
31517000	106
31518000	107
31519000	108
31520000	109
31521000	110
31522000	111
31523000	112
31524000	113
31525000	114
31526000	115
31527000	116
31528000	117
31529000	118
31530000	119
31531000	120
31532000	121
31533000	122
31534000	123
31535000	124
