111575000	0
111580000	1
111585000	2
111590000	3
111595000	4
111600000	5
111605000	6
111610000	7
111615000	8
111620000	9
111625000	10
111630000	11
111635000	12
111640000	13
111645000	14
111650000	15
111655000	16
111660000	17
111665000	18
111670000	19
111675000	20
111680000	21
111685000	22
111690000	23
111695000	24
111700000	25
111705000	26
111710000	27
111715000	28
111720000	29
111725000	30
111730000	31
111735000	32
111740000	33
111745000	34
111750000	35
111755000	36
111760000	37
111765000	38
111770000	39
111775000	40
111780000	41
111785000	42
111790000	43
111795000	44
111800000	45
111805000	46
111810000	47
111815000	48
111820000	49
111825000	50
111830000	51
111835000	52
111840000	53
111845000	54
111850000	55
111855000	56
111860000	57
111865000	58
111870000	59
111875000	60
111880000	61
111885000	62
111890000	63
111895000	64
111900000	65
111905000	66
111910000	67
111915000	68
111920000	69
111925000	70
111930000	71
111935000	72
111940000	73
111945000	74
111950000	75
111955000	76
111960000	77
111965000	78
111970000	79
111975000	80
111980000	81
111985000	82
111990000	83
111995000	84
