102520000	0
102525000	1
102530000	2
102535000	3
102540000	4
102545000	5
102550000	6
102555000	7
102560000	8
102565000	9
102570000	10
102575000	11
102580000	12
102585000	13
102590000	14
102595000	15
102600000	16
102605000	17
102610000	18
102615000	19
102620000	20
102625000	21
102630000	22
102635000	23
102640000	24
102645000	25
102650000	26
102655000	27
102660000	28
102665000	29
102670000	30
102675000	31
102680000	32
102685000	33
102690000	34
102695000	35
102700000	36
102705000	37
102710000	38
102715000	39
102720000	40
102725000	41
102730000	42
102735000	43
102740000	44
102745000	45
102750000	46
102755000	47
102760000	48
102765000	49
102770000	50
102775000	51
102780000	52
102785000	53
102790000	54
102795000	55
102800000	56
102805000	57
102810000	58
102815000	59
102820000	60
102825000	61
102830000	62
102835000	63
102840000	64
102845000	65
102850000	66
102855000	67
102860000	68
102865000	69
102870000	70
102875000	71
102880000	72
102885000	73
102890000	74
102895000	75
102900000	76
102905000	77
102910000	78
102915000	79
102920000	80
102925000	81
102930000	82
102935000	83
102940000	84
102945000	85
102950000	86
102955000	87
102960000	88
102965000	89
102970000	90
102975000	91
102980000	92
102985000	93
102990000	94
102995000	95
103000000	96
103005000	97
103010000	98
103015000	99
103020000	100
103025000	101
103030000	102
103035000	103
103040000	104
103045000	105
103050000	106
103055000	107
103060000	108
103065000	109
103070000	110
103075000	111
103080000	112
103085000	113
103090000	114
103095000	115
103100000	116
103105000	117
103110000	118
103115000	119
103120000	120
103125000	121
103130000	122
103135000	123
103140000	124
103145000	125
103150000	126
103155000	127
103160000	128
103165000	129
103170000	130
103175000	131
103180000	132
103185000	133
103190000	134
103195000	135
103200000	136
103205000	137
103210000	138
103215000	139
103220000	140
103225000	141
103230000	142
103235000	143
103240000	144
103245000	145
103250000	146
103255000	147
103260000	148
103265000	149
103270000	150
103275000	151
103280000	152
103285000	153
103290000	154
103295000	155
103300000	156
103305000	157
103310000	158
103315000	159
103320000	160
103325000	161
103330000	162
103335000	163
103340000	164
103345000	165
103350000	166
103355000	167
103360000	168
103365000	169
103370000	170
103375000	171
103380000	172
103385000	173
103390000	174
103395000	175
103400000	176
103405000	177
103410000	178
103415000	179
103420000	180
103425000	181
103430000	182
103435000	183
103440000	184
103445000	185
103450000	186
103455000	187
103460000	188
103465000	189
103470000	190
103475000	191
103480000	192
103485000	193
103490000	194
103495000	195
103500000	196
103505000	197
103510000	198
103515000	199
103520000	200
103525000	201
103530000	202
103535000	203
103540000	204
103545000	205
103550000	206
103555000	207
103560000	208
103565000	209
103570000	210
103575000	211
103580000	212
103585000	213
103590000	214
103595000	215
103600000	216
103605000	217
103610000	218
103615000	219
103620000	220
103625000	221
103630000	222
103635000	223
103640000	224
103645000	225
103650000	226
103655000	227
103660000	228
103665000	229
103670000	230
103675000	231
103680000	232
103685000	233
103690000	234
103695000	235
103700000	236
103705000	237
103710000	238
103715000	239
103720000	240
103725000	241
103730000	242
103735000	243
103740000	244
103745000	245
103750000	246
103755000	247
103760000	248
103765000	249
103770000	250
103775000	251
103780000	252
103785000	253
103790000	254
103795000	255
103800000	256
103805000	257
103810000	258
103815000	259
103820000	260
103825000	261
103830000	262
103835000	263
103840000	264
103845000	265
103850000	266
103855000	267
103860000	268
103865000	269
103870000	270
103875000	271
103880000	272
103885000	273
103890000	274
103895000	275
103900000	276
103905000	277
103910000	278
103915000	279
103920000	280
103925000	281
103930000	282
103935000	283
103940000	284
103945000	285
103950000	286
103955000	287
103960000	288
103965000	289
103970000	290
103975000	291
103980000	292
103985000	293
103990000	294
103995000	295
104000000	296
104005000	297
104010000	298
104015000	299
104020000	300
104025000	301
104030000	302
104035000	303
104040000	304
