124640000	0
124645000	1
124650000	2
124655000	3
124660000	4
124665000	5
124670000	6
124675000	7
124680000	8
124685000	9
124690000	10
124695000	11
124700000	12
124705000	13
124710000	14
124715000	15
124720000	16
124725000	17
124730000	18
124735000	19
124740000	20
124745000	21
124750000	22
124755000	23
124760000	24
124765000	25
124770000	26
124775000	27
124780000	28
124785000	29
124790000	30
124795000	31
124800000	32
124805000	33
124810000	34
124815000	35
124820000	36
124825000	37
124830000	38
124835000	39
124840000	40
124845000	41
124850000	42
124855000	43
124860000	44
124865000	45
124870000	46
124875000	47
124880000	48
124885000	49
124890000	50
124895000	51
124900000	52
124905000	53
124910000	54
124915000	55
124920000	56
124925000	57
124930000	58
124935000	59
124940000	60
124945000	61
124950000	62
124955000	63
124960000	64
124965000	65
124970000	66
124975000	67
124980000	68
124985000	69
124990000	70
124995000	71
125000000	72
125005000	73
125010000	74
125015000	75
125020000	76
125025000	77
125030000	78
125035000	79
125040000	80
125045000	81
125050000	82
125055000	83
125060000	84
125065000	85
125070000	86
125075000	87
125080000	88
125085000	89
125090000	90
125095000	91
125100000	92
125105000	93
125110000	94
125115000	95
125120000	96
125125000	97
125130000	98
125135000	99
125140000	100
125145000	101
125150000	102
125155000	103
125160000	104
125165000	105
125170000	106
125175000	107
125180000	108
125185000	109
125190000	110
125195000	111
125200000	112
125205000	113
125210000	114
125215000	115
125220000	116
125225000	117
125230000	118
125235000	119
125240000	120
125245000	121
125250000	122
125255000	123
125260000	124
125265000	125
125270000	126
125275000	127
125280000	128
125285000	129
125290000	130
125295000	131
125300000	132
125305000	133
125310000	134
125315000	135
