161750000	0
161755000	1
161760000	2
161765000	3
161770000	4
161775000	5
161780000	6
161785000	7
161790000	8
161795000	9
161800000	10
161805000	11
161810000	12
161815000	13
161820000	14
161825000	15
161830000	16
161835000	17
161840000	18
161845000	19
161850000	20
161855000	21
161860000	22
161865000	23
161870000	24
161875000	25
161880000	26
161885000	27
161890000	28
161895000	29
161900000	30
161905000	31
161910000	32
161915000	33
161920000	34
161925000	35
161930000	36
161935000	37
161940000	38
161945000	39
161950000	40
161955000	41
161960000	42
161965000	43
161970000	44
161975000	45
161980000	46
161985000	47
161990000	48
161995000	49
162000000	50
162005000	51
162010000	52
162015000	53
162020000	54
162025000	55
162030000	56
162035000	57
162040000	58
162045000	59
162050000	60
162055000	61
162060000	62
162065000	63
162070000	64
162075000	65
162080000	66
162085000	67
162090000	68
162095000	69
162100000	70
162105000	71
162110000	72
162115000	73
162120000	74
162125000	75
162130000	76
162135000	77
162140000	78
162145000	79
162150000	80
162155000	81
162160000	82
162165000	83
162170000	84
162175000	85
162180000	86
162185000	87
162190000	88
162195000	89
162200000	90
162205000	91
162210000	92
162215000	93
162220000	94
162225000	95
162230000	96
162235000	97
162240000	98
162245000	99
162250000	100
162255000	101
162260000	102
162265000	103
162270000	104
162275000	105
162280000	106
162285000	107
162290000	108
162295000	109
162300000	110
162305000	111
162310000	112
162315000	113
162320000	114
162325000	115
162330000	116
162335000	117
162340000	118
162345000	119
162350000	120
162355000	121
162360000	122
162365000	123
162370000	124
162375000	125
162380000	126
162385000	127
162390000	128
