43810000	0
43815000	1
43820000	2
43825000	3
43830000	4
43835000	5
43840000	6
43845000	7
43850000	8
43885000	9
43890000	10
43895000	11
43910000	12
43915000	13
43920000	14
43925000	15
43930000	16
43935000	17
43940000	18
43945000	19
43950000	20
43985000	21
43990000	22
43995000	23
44010000	24
44015000	25
44020000	26
44025000	27
44030000	28
44035000	29
44040000	30
44045000	31
44050000	32
44055000	33
44060000	34
44065000	35
44070000	36
44075000	37
44080000	38
44085000	39
44090000	40
44095000	41
44100000	42
44105000	43
44110000	44
44115000	45
44120000	46
44125000	47
44130000	48
44135000	49
44140000	50
44145000	51
44150000	52
44155000	53
44160000	54
44165000	55
44170000	56
44175000	57
44180000	58
