14635000	0
14640000	1
14645000	2
14650000	3
14655000	4
14660000	5
14665000	6
14670000	7
14675000	8
14680000	9
14685000	10
14690000	11
14695000	12
14700000	13
14705000	14
14710000	15
14715000	16
14720000	17
14725000	18
14730000	19
14735000	20
14740000	21
14745000	22
14750000	23
14755000	24
14760000	25
14765000	26
14770000	27
14775000	28
14780000	29
14865000	30
14870000	31
14895000	32
14905000	33
14910000	34
14920000	35
14925000	36
14930000	37
14935000	38
14940000	39
14945000	40
14950000	41
14960000	42
14965000	43
14970000	44
14980000	45
14985000	46
15005000	47
15045000	48
15050000	49
15055000	50
15060000	51
15065000	52
15070000	53
15075000	54
15080000	55
15085000	56
15090000	57
15095000	58
15100000	59
15105000	60
15110000	61
15115000	62
15120000	63
15125000	64
15130000	65
15135000	66
15140000	67
15145000	68
15150000	69
15155000	70
15160000	71
15165000	72
15170000	73
15175000	74
15180000	75
15185000	76
15190000	77
15195000	78
15200000	79
15205000	80
15215000	81
15220000	82
15225000	83
15230000	84
15235000	85
15240000	86
15250000	87
15255000	88
15260000	89
15265000	90
15270000	91
15275000	92
15280000	93
15285000	94
15295000	95
15300000	96
15310000	97
15315000	98
15320000	99
15325000	100
15355000	101
15365000	102
15375000	103
15380000	104
15395000	105
15400000	106
15405000	107
15410000	108
15415000	109
15460000	110
15465000	111
15470000	112
15475000	113
15480000	114
15485000	115
15490000	116
15495000	117
15500000	118
15505000	119
15510000	120
15515000	121
15520000	122
15525000	123
15530000	124
15535000	125
15540000	126
15545000	127
15550000	128
15555000	129
15560000	130
15565000	131
15570000	132
15575000	133
15580000	134
15585000	135
15590000	136
15595000	137
15600000	138
15605000	139
15610000	140
15615000	141
15620000	142
15625000	143
15630000	144
15635000	145
15640000	146
15645000	147
15650000	148
15655000	149
15660000	150
15665000	151
15670000	152
15675000	153
