135805000	0
135810000	1
135815000	2
135820000	3
135825000	4
135830000	5
135835000	6
135840000	7
135845000	8
135850000	9
135855000	10
135860000	11
135865000	12
135870000	13
135875000	14
135880000	15
135885000	16
135890000	17
135895000	18
135900000	19
135905000	20
135910000	21
135915000	22
135920000	23
135925000	24
135930000	25
135935000	26
135940000	27
135945000	28
135950000	29
135955000	30
135960000	31
135965000	32
135970000	33
135975000	34
135980000	35
135985000	36
135990000	37
135995000	38
136000000	39
136005000	40
136010000	41
136015000	42
136020000	43
136025000	44
136030000	45
136035000	46
136040000	47
136045000	48
136050000	49
136055000	50
136060000	51
136065000	52
136070000	53
136075000	54
136080000	55
136085000	56
136090000	57
136095000	58
136100000	59
136105000	60
136110000	61
136115000	62
136120000	63
136125000	64
136130000	65
136135000	66
136140000	67
136145000	68
136150000	69
136155000	70
136160000	71
136165000	72
136170000	73
136175000	74
136180000	75
136185000	76
136190000	77
136195000	78
136200000	79
136205000	80
136210000	81
136215000	82
136220000	83
136225000	84
136230000	85
136235000	86
136240000	87
136245000	88
136250000	89
136255000	90
136260000	91
136265000	92
136270000	93
136275000	94
136280000	95
136285000	96
136290000	97
136295000	98
136300000	99
136305000	100
136310000	101
136315000	102
136320000	103
136325000	104
136330000	105
136335000	106
136340000	107
136345000	108
136350000	109
136355000	110
136360000	111
136365000	112
136370000	113
136375000	114
