36910000	0
36915000	1
36920000	2
36925000	3
36930000	4
36935000	5
36940000	6
36945000	7
36950000	8
36955000	9
36960000	10
36965000	11
36970000	12
36975000	13
36980000	14
36985000	15
36990000	16
36995000	17
37000000	18
37005000	19
37010000	20
37015000	21
37020000	22
37025000	23
37030000	24
37035000	25
37040000	26
37045000	27
37050000	28
37055000	29
37060000	30
37065000	31
37070000	32
37075000	33
37080000	34
37085000	35
37090000	36
37095000	37
37100000	38
37105000	39
37110000	40
37115000	41
37120000	42
37125000	43
37130000	44
37135000	45
37140000	46
37145000	47
37150000	48
37155000	49
37160000	50
37165000	51
37170000	52
37175000	53
37180000	54
37185000	55
37190000	56
37195000	57
37200000	58
37205000	59
37210000	60
37215000	61
37220000	62
37225000	63
37230000	64
37235000	65
37240000	66
37245000	67
37250000	68
37255000	69
37260000	70
37265000	71
37270000	72
37275000	73
37280000	74
37285000	75
37290000	76
37295000	77
37300000	78
37305000	79
37310000	80
37315000	81
37320000	82
37325000	83
37330000	84
37335000	85
37340000	86
37345000	87
37350000	88
37355000	89
37360000	90
37365000	91
37370000	92
