22336000	0
22337000	1
22339000	2
22341000	3
22342000	4
22343000	5
22344000	6
22345000	7
22346000	8
22347000	9
22348000	10
22349000	11
22350000	12
22351000	13
22352000	14
22353000	15
22354000	16
22355000	17
22356000	18
22357000	19
22358000	20
22359000	21
22360000	22
22361000	23
22362000	24
22363000	25
22364000	26
22365000	27
22366000	28
22367000	29
22368000	30
22369000	31
22370000	32
22371000	33
22372000	34
22373000	35
22374000	36
22375000	37
22376000	38
22377000	39
22378000	40
22379000	41
22380000	42
22381000	43
22382000	44
22383000	45
22384000	46
22385000	47
22386000	48
22387000	49
22388000	50
22389000	51
22390000	52
22391000	53
22392000	54
22393000	55
22394000	56
22395000	57
22396000	58
22397000	59
22398000	60
22399000	61
22400000	62
22401000	63
22402000	64
22403000	65
22404000	66
22405000	67
22406000	68
22407000	69
22408000	70
22409000	71
22410000	72
22411000	73
22412000	74
22413000	75
22414000	76
22415000	77
22416000	78
22417000	79
22418000	80
22419000	81
22420000	82
22421000	83
22422000	84
22423000	85
22424000	86
22425000	87
22426000	88
22427000	89
22428000	90
22429000	91
22430000	92
22431000	93
22432000	94
22433000	95
22434000	96
22435000	97
22436000	98
22437000	99
22438000	100
22439000	101
22440000	102
22441000	103
22442000	104
22443000	105
22444000	106
22445000	107
22446000	108
22447000	109
22448000	110
22449000	111
22450000	112
22451000	113
22452000	114
22453000	115
22454000	116
22455000	117
22456000	118
22457000	119
22458000	120
22459000	121
22460000	122
22461000	123
22462000	124
22463000	125
22464000	126
22465000	127
22466000	128
22467000	129
22468000	130
22469000	131
22470000	132
22471000	133
22472000	134
22473000	135
22474000	136
22475000	137
22476000	138
22477000	139
22478000	140
22479000	141
22480000	142
22481000	143
22482000	144
22483000	145
22484000	146
22485000	147
22486000	148
22487000	149
22488000	150
22489000	151
22490000	152
22491000	153
22492000	154
22493000	155
22494000	156
22495000	157
22496000	158
22497000	159
22498000	160
22499000	161
22500000	162
22501000	163
22502000	164
22503000	165
22504000	166
22505000	167
22506000	168
22507000	169
22508000	170
22509000	171
22510000	172
22511000	173
22512000	174
22513000	175
22514000	176
22515000	177
22516000	178
22517000	179
22518000	180
22519000	181
22520000	182
22521000	183
22522000	184
22523000	185
22524000	186
22525000	187
22526000	188
22527000	189
22528000	190
22529000	191
22530000	192
22531000	193
22532000	194
22533000	195
22534000	196
22535000	197
22536000	198
22537000	199
22538000	200
22539000	201
22540000	202
22541000	203
22542000	204
22543000	205
22544000	206
22545000	207
22546000	208
22547000	209
22548000	210
22549000	211
22550000	212
22551000	213
22552000	214
22553000	215
22554000	216
22555000	217
22556000	218
22557000	219
22558000	220
22559000	221
22560000	222
22561000	223
22562000	224
22563000	225
22564000	226
22565000	227
22566000	228
22567000	229
22568000	230
22569000	231
22570000	232
22571000	233
22572000	234
22573000	235
22574000	236
22575000	237
22576000	238
22577000	239
22578000	240
22579000	241
22580000	242
22581000	243
22582000	244
22583000	245
22584000	246
22585000	247
22586000	248
22587000	249
22588000	250
22589000	251
22590000	252
22591000	253
22592000	254
22593000	255
22594000	256
22595000	257
22596000	258
22597000	259
22598000	260
22599000	261
22600000	262
22601000	263
22602000	264
22603000	265
22604000	266
22605000	267
22606000	268
22607000	269
22608000	270
22609000	271
22610000	272
22611000	273
22612000	274
22613000	275
22614000	276
22615000	277
22616000	278
22617000	279
22618000	280
22619000	281
22620000	282
22621000	283
22622000	284
22623000	285
22624000	286
22625000	287
22626000	288
22627000	289
22628000	290
22629000	291
22630000	292
22631000	293
22632000	294
22633000	295
22634000	296
22635000	297
22636000	298
22637000	299
22638000	300
22639000	301
22640000	302
22641000	303
22642000	304
22643000	305
22644000	306
22645000	307
22646000	308
22647000	309
22648000	310
22649000	311
22650000	312
22651000	313
22652000	314
22653000	315
22654000	316
22655000	317
22656000	318
22657000	319
22658000	320
22659000	321
22660000	322
22661000	323
22662000	324
22663000	325
22664000	326
22665000	327
22666000	328
22667000	329
22668000	330
22669000	331
22670000	332
22671000	333
22672000	334
22673000	335
22674000	336
22675000	337
22676000	338
22677000	339
22678000	340
22679000	341
22680000	342
22681000	343
22682000	344
22683000	345
22684000	346
22685000	347
22686000	348
22687000	349
22688000	350
22689000	351
22690000	352
22691000	353
22692000	354
22693000	355
22694000	356
22695000	357
22696000	358
22697000	359
22698000	360
22699000	361
22700000	362
22701000	363
22702000	364
22703000	365
22704000	366
22705000	367
22706000	368
22707000	369
22708000	370
22709000	371
22710000	372
22711000	373
22712000	374
22713000	375
22714000	376
22715000	377
22716000	378
22717000	379
22718000	380
22719000	381
22720000	382
22721000	383
22722000	384
22723000	385
22724000	386
22725000	387
22726000	388
22727000	389
22728000	390
22729000	391
22730000	392
22731000	393
22732000	394
22733000	395
22734000	396
22735000	397
22736000	398
22737000	399
22738000	400
22739000	401
22740000	402
22741000	403
22742000	404
22743000	405
22744000	406
22745000	407
22746000	408
22747000	409
22748000	410
22749000	411
22750000	412
22751000	413
22752000	414
22753000	415
22754000	416
22755000	417
22756000	418
22757000	419
22758000	420
22759000	421
22760000	422
22761000	423
22762000	424
22763000	425
22764000	426
22765000	427
22766000	428
22767000	429
22768000	430
22769000	431
22770000	432
22771000	433
22772000	434
22773000	435
22774000	436
22775000	437
22776000	438
22777000	439
22778000	440
22779000	441
22780000	442
22781000	443
22782000	444
22783000	445
22784000	446
22785000	447
22786000	448
22787000	449
22788000	450
22789000	451
22790000	452
22791000	453
22792000	454
22793000	455
22794000	456
22795000	457
22796000	458
22797000	459
22798000	460
22799000	461
22800000	462
22801000	463
22802000	464
22803000	465
22804000	466
22805000	467
22806000	468
22807000	469
22808000	470
22809000	471
22810000	472
22811000	473
22812000	474
22813000	475
22814000	476
22815000	477
22816000	478
22817000	479
22818000	480
22819000	481
22820000	482
22821000	483
22822000	484
22823000	485
22824000	486
22825000	487
22826000	488
22827000	489
22828000	490
22829000	491
22830000	492
22831000	493
22832000	494
22833000	495
22834000	496
22835000	497
22836000	498
22837000	499
22838000	500
22839000	501
22840000	502
22841000	503
22842000	504
22843000	505
22844000	506
22845000	507
22846000	508
22847000	509
22848000	510
22849000	511
22850000	512
22851000	513
22852000	514
22853000	515
22854000	516
22855000	517
22856000	518
22857000	519
22858000	520
22859000	521
22860000	522
22861000	523
22862000	524
22863000	525
22864000	526
22865000	527
22866000	528
22867000	529
22868000	530
22869000	531
22870000	532
22871000	533
22872000	534
22873000	535
22874000	536
22875000	537
22876000	538
22877000	539
22878000	540
22879000	541
22880000	542
22881000	543
22882000	544
22883000	545
22884000	546
22885000	547
22886000	548
22887000	549
22888000	550
22889000	551
22890000	552
22891000	553
22892000	554
22893000	555
22894000	556
22895000	557
22896000	558
22897000	559
22898000	560
22899000	561
22900000	562
22901000	563
22902000	564
22903000	565
22904000	566
22905000	567
22906000	568
22907000	569
22908000	570
22909000	571
22910000	572
22911000	573
22912000	574
22913000	575
22914000	576
22915000	577
22916000	578
22917000	579
22918000	580
22919000	581
22920000	582
22921000	583
22922000	584
22923000	585
22924000	586
22925000	587
22926000	588
22927000	589
22928000	590
22929000	591
22930000	592
22931000	593
22932000	594
22933000	595
22934000	596
22935000	597
22936000	598
22937000	599
22938000	600
22939000	601
22940000	602
22941000	603
22942000	604
22943000	605
22944000	606
22945000	607
22946000	608
22947000	609
22948000	610
22949000	611
22950000	612
22951000	613
22952000	614
22953000	615
22954000	616
22955000	617
22956000	618
22957000	619
22958000	620
22959000	621
22960000	622
22961000	623
22962000	624
22963000	625
22964000	626
22965000	627
22966000	628
22967000	629
22968000	630
22969000	631
22970000	632
22971000	633
22972000	634
22973000	635
22974000	636
22975000	637
22976000	638
22977000	639
22978000	640
22979000	641
22980000	642
22981000	643
22982000	644
22983000	645
22984000	646
22985000	647
22986000	648
22987000	649
22988000	650
22989000	651
22990000	652
22991000	653
22992000	654
22993000	655
22994000	656
22995000	657
22996000	658
22997000	659
22998000	660
22999000	661
23000000	662
23001000	663
23002000	664
23003000	665
23004000	666
23005000	667
23006000	668
23007000	669
23008000	670
23009000	671
23010000	672
23011000	673
23012000	674
23013000	675
23014000	676
23015000	677
23016000	678
23017000	679
23018000	680
23019000	681
23020000	682
23021000	683
23022000	684
23023000	685
23024000	686
23025000	687
23026000	688
23027000	689
23028000	690
23029000	691
23030000	692
23031000	693
23032000	694
23033000	695
23034000	696
23035000	697
23036000	698
23037000	699
23038000	700
23039000	701
23040000	702
23041000	703
23042000	704
23043000	705
23044000	706
23045000	707
23046000	708
23047000	709
23048000	710
23049000	711
23050000	712
23051000	713
23052000	714
23053000	715
23054000	716
23055000	717
23056000	718
23057000	719
23058000	720
23059000	721
23060000	722
23061000	723
23062000	724
23063000	725
23064000	726
23065000	727
23066000	728
23067000	729
23068000	730
23069000	731
23070000	732
23071000	733
23072000	734
23073000	735
23074000	736
23075000	737
23076000	738
23077000	739
23078000	740
23079000	741
23080000	742
23081000	743
23082000	744
23083000	745
23084000	746
23085000	747
23086000	748
23087000	749
23088000	750
23089000	751
23090000	752
23091000	753
23092000	754
23093000	755
23094000	756
23095000	757
23096000	758
23097000	759
23098000	760
23099000	761
23100000	762
23101000	763
23102000	764
23103000	765
23104000	766
23105000	767
23106000	768
23107000	769
23108000	770
23109000	771
23110000	772
23111000	773
23112000	774
23113000	775
23114000	776
23115000	777
23116000	778
23117000	779
23118000	780
23119000	781
23120000	782
23121000	783
23122000	784
23123000	785
23124000	786
23125000	787
23126000	788
23127000	789
23128000	790
23129000	791
23130000	792
23131000	793
23132000	794
23133000	795
23134000	796
23135000	797
23136000	798
23137000	799
23138000	800
23139000	801
23140000	802
23141000	803
23142000	804
23143000	805
23144000	806
23145000	807
23146000	808
23147000	809
23148000	810
23149000	811
23150000	812
23151000	813
23152000	814
23153000	815
23154000	816
23155000	817
23156000	818
23157000	819
23158000	820
23159000	821
23160000	822
23161000	823
23162000	824
23163000	825
23164000	826
23165000	827
23166000	828
23167000	829
23168000	830
23169000	831
23170000	832
23171000	833
23172000	834
23173000	835
23174000	836
23175000	837
23176000	838
23177000	839
23178000	840
23179000	841
23180000	842
23181000	843
23182000	844
23183000	845
23184000	846
23185000	847
23186000	848
23187000	849
23188000	850
23189000	851
23190000	852
23191000	853
23192000	854
23193000	855
23194000	856
23195000	857
23196000	858
23197000	859
23198000	860
23199000	861
23200000	862
23201000	863
23202000	864
23203000	865
23204000	866
23205000	867
23206000	868
23207000	869
23208000	870
23209000	871
23210000	872
23211000	873
23212000	874
23213000	875
23214000	876
23215000	877
23216000	878
23217000	879
23218000	880
23219000	881
23220000	882
23221000	883
23222000	884
23223000	885
23224000	886
23225000	887
23226000	888
23227000	889
23228000	890
23229000	891
23230000	892
23231000	893
23232000	894
23233000	895
23234000	896
23235000	897
23236000	898
23237000	899
23238000	900
23239000	901
23240000	902
23241000	903
23242000	904
23243000	905
23244000	906
23245000	907
23246000	908
23247000	909
23248000	910
23249000	911
23250000	912
23251000	913
23252000	914
23253000	915
23254000	916
23255000	917
23256000	918
23257000	919
23258000	920
23259000	921
23260000	922
23261000	923
23262000	924
23263000	925
23264000	926
23265000	927
23266000	928
23267000	929
23268000	930
23269000	931
23270000	932
23271000	933
23272000	934
23273000	935
23274000	936
23275000	937
23276000	938
23277000	939
23278000	940
23279000	941
23280000	942
23281000	943
23282000	944
23283000	945
23284000	946
23285000	947
23286000	948
23287000	949
23288000	950
23289000	951
23290000	952
