174225000	0
174226000	1
174227000	2
174228000	3
174229000	4
174230000	5
174231000	6
174232000	7
174233000	8
174234000	9
174235000	10
174236000	11
174237000	12
174238000	13
174239000	14
174240000	15
174241000	16
174242000	17
174243000	18
174244000	19
174245000	20
174246000	21
174247000	22
174248000	23
174249000	24
174250000	25
174251000	26
174252000	27
174253000	28
174254000	29
174255000	30
174256000	31
174257000	32
174258000	33
174259000	34
174260000	35
174261000	36
174262000	37
174263000	38
174264000	39
174265000	40
174266000	41
174267000	42
174268000	43
174269000	44
174270000	45
174271000	46
174272000	47
174273000	48
174274000	49
174275000	50
174276000	51
174277000	52
174278000	53
174279000	54
174280000	55
174281000	56
174282000	57
174283000	58
174284000	59
174285000	60
174286000	61
174287000	62
174288000	63
174289000	64
174290000	65
174291000	66
174292000	67
174293000	68
174294000	69
174295000	70
174296000	71
174297000	72
174298000	73
174299000	74
174300000	75
174301000	76
174302000	77
174303000	78
174304000	79
174305000	80
174306000	81
174307000	82
174308000	83
174309000	84
174310000	85
174311000	86
174312000	87
174313000	88
174314000	89
174315000	90
174316000	91
174317000	92
174320000	93
174321000	94
174322000	95
174323000	96
174324000	97
174325000	98
174326000	99
174327000	100
174328000	101
174329000	102
174330000	103
174331000	104
174332000	105
174333000	106
174334000	107
174335000	108
174336000	109
174337000	110
174338000	111
174339000	112
174340000	113
174341000	114
174342000	115
174343000	116
174344000	117
174345000	118
174346000	119
174349000	120
174352000	121
174353000	122
174354000	123
174355000	124
174356000	125
174357000	126
174358000	127
174359000	128
174360000	129
174361000	130
174362000	131
174363000	132
174364000	133
174365000	134
174366000	135
174367000	136
174368000	137
174369000	138
174370000	139
174371000	140
174372000	141
174373000	142
174374000	143
174375000	144
174376000	145
174377000	146
174378000	147
174379000	148
174380000	149
174381000	150
174382000	151
174383000	152
174384000	153
174385000	154
174386000	155
174387000	156
174388000	157
174389000	158
174390000	159
174391000	160
174392000	161
174393000	162
174394000	163
174395000	164
174396000	165
174397000	166
174398000	167
174399000	168
174400000	169
174401000	170
174402000	171
174403000	172
174404000	173
174405000	174
174406000	175
174407000	176
174408000	177
174409000	178
174410000	179
174411000	180
174412000	181
174413000	182
174414000	183
174415000	184
174416000	185
174417000	186
174418000	187
174419000	188
174420000	189
174421000	190
174422000	191
174423000	192
174424000	193
174425000	194
174426000	195
174427000	196
174428000	197
174429000	198
174430000	199
174431000	200
174432000	201
174433000	202
174434000	203
174435000	204
174436000	205
174437000	206
174438000	207
174439000	208
174440000	209
174441000	210
174442000	211
174443000	212
174444000	213
174445000	214
174446000	215
174447000	216
174448000	217
174449000	218
174450000	219
174451000	220
174452000	221
174453000	222
174454000	223
174455000	224
174456000	225
174457000	226
174458000	227
174459000	228
174460000	229
174461000	230
174462000	231
174463000	232
174464000	233
174465000	234
174466000	235
174467000	236
174468000	237
174469000	238
174470000	239
174471000	240
174472000	241
174473000	242
174474000	243
174475000	244
174476000	245
174477000	246
174478000	247
174479000	248
174480000	249
174481000	250
174482000	251
174483000	252
174484000	253
174485000	254
174486000	255
174487000	256
174488000	257
174489000	258
174490000	259
174491000	260
174492000	261
174493000	262
174494000	263
174495000	264
174496000	265
174497000	266
174498000	267
174499000	268
174500000	269
174501000	270
174502000	271
174503000	272
174504000	273
174505000	274
174506000	275
174507000	276
174508000	277
174509000	278
174510000	279
174511000	280
174512000	281
174513000	282
174514000	283
174515000	284
174516000	285
174517000	286
174518000	287
174519000	288
174520000	289
174521000	290
174522000	291
174523000	292
174524000	293
174525000	294
174526000	295
174527000	296
174528000	297
174529000	298
174530000	299
174531000	300
174532000	301
174533000	302
174534000	303
174535000	304
174536000	305
174537000	306
174538000	307
174539000	308
174540000	309
174541000	310
174542000	311
174543000	312
174544000	313
174545000	314
174546000	315
174547000	316
174548000	317
174549000	318
174550000	319
174551000	320
174552000	321
174553000	322
174554000	323
174555000	324
174556000	325
174557000	326
174558000	327
174559000	328
174565000	329
174566000	330
174567000	331
174568000	332
174569000	333
174570000	334
174571000	335
174572000	336
174573000	337
174574000	338
174575000	339
174576000	340
174577000	341
174578000	342
174579000	343
174581000	344
174582000	345
174583000	346
174584000	347
174585000	348
174586000	349
174587000	350
174588000	351
174589000	352
174590000	353
174591000	354
174592000	355
174593000	356
174594000	357
174595000	358
174596000	359
174597000	360
174598000	361
174599000	362
174602000	363
174603000	364
174604000	365
174605000	366
174606000	367
174607000	368
174608000	369
174609000	370
174610000	371
174611000	372
174612000	373
174613000	374
174614000	375
174615000	376
174616000	377
174617000	378
174618000	379
174619000	380
174620000	381
174621000	382
174622000	383
174623000	384
174624000	385
174625000	386
174626000	387
174627000	388
174628000	389
174629000	390
174630000	391
174631000	392
174632000	393
174633000	394
174634000	395
174635000	396
174636000	397
174637000	398
174638000	399
174639000	400
174640000	401
174641000	402
174642000	403
174643000	404
174644000	405
174645000	406
174646000	407
174647000	408
174648000	409
174649000	410
174650000	411
174651000	412
174652000	413
174653000	414
174654000	415
174655000	416
174656000	417
174657000	418
174658000	419
174659000	420
174660000	421
174661000	422
174662000	423
174664000	424
174665000	425
174666000	426
174667000	427
174668000	428
174669000	429
174670000	430
174671000	431
174672000	432
174673000	433
174674000	434
174675000	435
174676000	436
174677000	437
174678000	438
174679000	439
174680000	440
174681000	441
174682000	442
174683000	443
174684000	444
174685000	445
174686000	446
174687000	447
174688000	448
174689000	449
174690000	450
174691000	451
174692000	452
174693000	453
174694000	454
174695000	455
174696000	456
174697000	457
174698000	458
174699000	459
174700000	460
174701000	461
174702000	462
174703000	463
174704000	464
174705000	465
174706000	466
174707000	467
174708000	468
174709000	469
174710000	470
