25700000	25700000	528.814667449213
25700000	25705000	102.06058385431652
25705000	25705000	471.62594514546015
25700000	25710000	83.90441937558943
25705000	25710000	195.92388031945126
25710000	25710000	506.39466773730396
25700000	25715000	52.393142014649314
25705000	25715000	62.988164180520094
25710000	25715000	128.22413785201044
25715000	25715000	468.09029303160554
25700000	25720000	51.35532205200326
25705000	25720000	55.26768296248884
25710000	25720000	67.5081948921812
25715000	25720000	192.7971264974428
25720000	25720000	535.3456983965078
25700000	25725000	24.927793522899936
25705000	25725000	49.44840526180285
25710000	25725000	44.72638360690862
25715000	25725000	74.72494742208809
25720000	25725000	163.44563918124453
25725000	25725000	474.317492981473
25700000	25730000	22.67307496350011
25705000	25730000	27.258059229944113
25710000	25730000	41.370389353327674
25715000	25730000	66.63340884425945
25720000	25730000	65.48206416461568
25725000	25730000	137.1475145561779
25730000	25730000	557.1025337942916
25700000	25735000	11.912261230783534
25705000	25735000	20.139155311599453
25710000	25735000	32.603532118344035
25715000	25735000	37.80938139438486
25720000	25735000	44.63192916821376
25725000	25735000	64.01114500181856
25730000	25735000	173.39141606993138
25735000	25735000	466.357622148203
25700000	25740000	13.403709343715692
25705000	25740000	18.12850668701272
25710000	25740000	25.27229166732209
25715000	25740000	24.580527520345157
25720000	25740000	38.920477034823925
25725000	25740000	46.285250731527334
25730000	25740000	51.54949038381066
25735000	25740000	191.84294853445056
25740000	25740000	455.08834508338936
25700000	25745000	22.81950775624697
25705000	25745000	26.18709916619183
25710000	25745000	17.6644269074566
25715000	25745000	27.80097563186634
25720000	25745000	27.204019755515915
25725000	25745000	23.391340367158257
25730000	25745000	33.2431155831464
25735000	25745000	54.14360868678401
25740000	25745000	174.5135942036695
25745000	25745000	695.9225394148219
25700000	25750000	9.698182818532814
25705000	25750000	14.574205424052503
25710000	25750000	15.729576449142591
25715000	25750000	21.281328614198678
25720000	25750000	20.186885140692105
25725000	25750000	31.135314212042285
25730000	25750000	40.29143871544126
25735000	25750000	55.341332252376446
25740000	25750000	66.14934887515828
25745000	25750000	241.41403067256462
25750000	25750000	412.965770491161
25700000	25755000	10.068381922012115
25705000	25755000	10.087021398057498
25710000	25755000	13.608338294298273
25715000	25755000	13.414019782228701
25720000	25755000	18.861713157385612
25725000	25755000	20.498026898376583
25730000	25755000	23.902539314548733
25735000	25755000	32.02344175959795
25740000	25755000	52.56559187674044
25745000	25755000	49.86341870762216
25750000	25755000	145.86345564856876
25755000	25755000	484.7218654780705
25700000	25760000	12.752612480257124
25705000	25760000	11.498599116451013
25710000	25760000	19.821769379469448
25715000	25760000	13.991927248642066
25720000	25760000	11.945122884345048
25725000	25760000	16.97567740883653
25730000	25760000	21.192469303761158
25735000	25760000	19.08747818117182
25740000	25760000	35.43751750702566
25745000	25760000	28.25444997533141
25750000	25760000	63.02241868104945
25755000	25760000	215.1061180105549
25760000	25760000	476.79346355213545
25700000	25765000	11.285094536177326
25705000	25765000	11.629014683508624
25710000	25765000	14.708092421213522
25715000	25765000	12.508138920058936
25720000	25765000	16.61082893802122
25725000	25765000	11.361317600105584
25730000	25765000	22.38965427706843
25735000	25765000	29.860822089895326
25740000	25765000	30.54498159525454
25745000	25765000	39.7107179475365
25750000	25765000	40.27231279285577
25755000	25765000	73.42171516628238
25760000	25765000	182.11705695358484
25765000	25765000	473.19254153219737
25700000	25770000	11.11030934793375
25705000	25770000	13.77446119318407
25710000	25770000	11.825571263488861
25715000	25770000	7.836443390502852
25720000	25770000	18.211916863060715
25725000	25770000	12.723337738410551
25730000	25770000	19.287520043567874
25735000	25770000	28.062045448593313
25740000	25770000	28.417942164496147
25745000	25770000	22.805808994917214
25750000	25770000	24.538596271605574
25755000	25770000	56.22131584638779
25760000	25770000	61.1960235424291
25765000	25770000	155.7098667961184
25770000	25770000	462.387282900009
25700000	25775000	6.774368269019674
25705000	25775000	19.851710511715613
25710000	25775000	7.210490025222251
25715000	25775000	9.556341193409592
25720000	25775000	11.104482139202313
25725000	25775000	13.128739613613924
25730000	25775000	18.092795920702788
25735000	25775000	17.110471391698287
25740000	25775000	25.670333093504112
25745000	25775000	21.851576683409075
25750000	25775000	22.701107470935035
25755000	25775000	37.49399548787566
25760000	25775000	58.344727471382406
25765000	25775000	67.92604753491393
25770000	25775000	130.32830489835118
25775000	25775000	530.3139727961183
25700000	25780000	9.766540583291226
25705000	25780000	2.9353863792137846
25710000	25780000	10.890307015845115
25715000	25780000	16.073497746898422
25720000	25780000	19.820943340545202
25725000	25780000	12.618383801208054
25730000	25780000	12.172630029872343
25735000	25780000	10.963555344701128
25740000	25780000	20.97157884838989
25745000	25780000	17.18356621572533
25750000	25780000	18.84337377045199
25755000	25780000	28.829187826449395
25760000	25780000	40.42737581473436
25765000	25780000	47.48039730850429
25770000	25780000	66.46556677814434
25775000	25780000	113.78601174629038
25780000	25780000	588.7613108843124
25700000	25785000	5.5649805491593165
25705000	25785000	10.0355092769729
25710000	25785000	12.692665884151186
25715000	25785000	17.663184844516557
25720000	25785000	9.122064915743133
25725000	25785000	13.726292019448438
25730000	25785000	10.4039575892784
25735000	25785000	12.884520540082764
25740000	25785000	15.815670777276448
25745000	25785000	19.582412204235695
25750000	25785000	22.886689447301016
25755000	25785000	22.000296592177364
25760000	25785000	22.292460422255463
25765000	25785000	45.65422949238899
25770000	25785000	55.7157133963635
25775000	25785000	63.94718090008496
25780000	25785000	154.9338219328263
25785000	25785000	504.5171573232958
25700000	25790000	9.009178373178003
25705000	25790000	6.498617009943704
25710000	25790000	5.479527554922298
25715000	25790000	7.625341196766789
25720000	25790000	13.501954103437194
25725000	25790000	15.237649033042779
25730000	25790000	13.474420459269748
25735000	25790000	12.136042423079077
25740000	25790000	25.945466266557474
25745000	25790000	10.567359158856874
25750000	25790000	20.85856059299849
25755000	25790000	18.235598918911645
25760000	25790000	23.097209478104674
25765000	25790000	26.279071792124284
25770000	25790000	35.37195388637057
25775000	25790000	46.58600319366798
25780000	25790000	61.35841181230733
25785000	25790000	223.94616181018066
25790000	25790000	547.034003151749
25700000	25795000	7.034311323934746
25705000	25795000	5.074080379966606
25710000	25795000	13.690821029951284
25715000	25795000	9.923032879627165
25720000	25795000	15.813364667274127
25725000	25795000	9.914552572887768
25730000	25795000	10.520745010697826
25735000	25795000	14.213621449416983
25740000	25795000	12.79456499071802
25745000	25795000	9.901115211554325
25750000	25795000	20.572088115752255
25755000	25795000	20.467475759126955
25760000	25795000	19.16129475619155
25765000	25795000	20.51853838749405
25770000	25795000	26.51347686186732
25775000	25795000	35.02687848263683
25780000	25795000	58.26681770650644
25785000	25795000	85.21453166665158
25790000	25795000	120.39646739109344
25795000	25795000	513.6692208454676
25700000	25800000	5.563860913711504
25705000	25800000	8.361241835153958
25710000	25800000	6.768059844214825
25715000	25800000	13.081208247677456
25720000	25800000	8.685932971065
25725000	25800000	14.377031831693438
25730000	25800000	5.943922505856011
25735000	25800000	4.6843375505489755
25740000	25800000	5.622218230800766
25745000	25800000	10.87692908825804
25750000	25800000	18.079671944130915
25755000	25800000	18.769809310084355
25760000	25800000	23.773840356265747
25765000	25800000	21.977243493304087
25770000	25800000	37.8644993025748
25775000	25800000	28.415251187237704
25780000	25800000	34.13832514018453
25785000	25800000	51.06159889832799
25790000	25800000	71.7995105915468
25795000	25800000	203.58856136877168
25800000	25800000	583.4437218189677
25700000	25805000	5.997653740683166
25705000	25805000	8.652610261329992
25710000	25805000	3.6478697141572156
25715000	25805000	8.460659832742142
25720000	25805000	13.482924110389217
25725000	25805000	10.144115138660332
25730000	25805000	11.533225090998023
25735000	25805000	15.148671975301719
25740000	25805000	13.636262144790464
25745000	25805000	11.255962941429168
25750000	25805000	11.693564639491333
25755000	25805000	18.20989720803379
25760000	25805000	14.415409807040918
25765000	25805000	12.027598645638848
25770000	25805000	27.315757152863597
25775000	25805000	13.783805544099405
25780000	25805000	44.159950793831634
25785000	25805000	44.348669805907576
25790000	25805000	50.104659927347306
25795000	25805000	74.42610041142352
25800000	25805000	276.7303368942406
25805000	25805000	431.1876718016264
25700000	25810000	8.374596910242502
25705000	25810000	6.292575526637389
25710000	25810000	8.489274794776795
25715000	25810000	5.906861145824037
25720000	25810000	6.536934383351679
25725000	25810000	5.90181309297656
25730000	25810000	11.928875966828597
25735000	25810000	17.626895866808912
25740000	25810000	15.867065656357147
25745000	25810000	4.911511887957436
25750000	25810000	8.504097196942872
25755000	25810000	20.306046007852
25760000	25810000	13.418941433829565
25765000	25810000	13.995235305121543
25770000	25810000	23.016316296452857
25775000	25810000	16.038746193086304
25780000	25810000	20.553692241679748
25785000	25810000	30.742702953782175
25790000	25810000	39.81562805298075
25795000	25810000	57.73448321031002
25800000	25810000	61.47303547080017
25805000	25810000	201.63751960143796
25810000	25810000	589.3140593719689
25700000	25815000	4.042596492730367
25705000	25815000	7.290144906612912
25710000	25815000	8.195907905541263
25715000	25815000	9.504559406295481
25720000	25815000	8.835449302792332
25725000	25815000	9.496436730479937
25730000	25815000	11.516645556214709
25735000	25815000	9.07613704286851
25740000	25815000	16.339991278494004
25745000	25815000	12.644754731523138
25750000	25815000	9.031239893150701
25755000	25815000	20.45668461063707
25760000	25815000	17.27362440102056
25765000	25815000	14.739923977881064
25770000	25815000	16.930234869249432
25775000	25815000	12.903741279110253
25780000	25815000	14.882558240012273
25785000	25815000	32.86035033405045
25790000	25815000	24.711239076112545
25795000	25815000	45.02022980081064
25800000	25815000	40.97885732179962
25805000	25815000	68.5455845428931
25810000	25815000	165.89912543495825
25815000	25815000	497.9522680345078
25700000	25820000	3.2248047834011455
25705000	25820000	2.907697343626627
25710000	25820000	6.864823936525625
25715000	25820000	5.686385351467663
25720000	25820000	7.5515290446145755
25725000	25820000	12.499356581964213
25730000	25820000	10.335263601834216
25735000	25820000	4.072551697738006
25740000	25820000	9.775885769896265
25745000	25820000	11.347650901725437
25750000	25820000	10.806415750315947
25755000	25820000	9.179114996572435
25760000	25820000	9.04265210954441
25765000	25820000	13.227896876637839
25770000	25820000	21.524160175587415
25775000	25820000	16.984103413371425
25780000	25820000	28.19578817323534
25785000	25820000	20.29386521492375
25790000	25820000	19.712311659033567
25795000	25820000	38.47813068528394
25800000	25820000	30.434673345219785
25805000	25820000	59.05358589645123
25810000	25820000	73.80432035819845
25815000	25820000	148.65024866464017
25820000	25820000	542.4265384220312
25700000	25825000	3.6704449402369965
25705000	25825000	9.928547976847234
25710000	25825000	10.045907085078166
25715000	25825000	2.588877869316404
25720000	25825000	1.7190170217761307
25725000	25825000	9.053328874367939
25730000	25825000	9.802923107322329
25735000	25825000	26.26694453422178
25740000	25825000	15.299389481518977
25745000	25825000	12.915798205894934
25750000	25825000	10.063447390762427
25755000	25825000	9.28674611207912
25760000	25825000	10.29226849719417
25765000	25825000	23.42025455481813
25770000	25825000	20.17532846025981
25775000	25825000	12.301647115132027
25780000	25825000	21.95782274290989
25785000	25825000	27.429233668424335
25790000	25825000	31.78487563931459
25795000	25825000	35.036380697655396
25800000	25825000	36.56495346274191
25805000	25825000	33.60714060462828
25810000	25825000	52.14006603217458
25815000	25825000	64.32108856004083
25820000	25825000	184.04436830858094
25825000	25825000	674.1373568514061
25700000	25830000	4.885947785485037
25705000	25830000	2.9369958496049935
25710000	25830000	10.896278163908379
25715000	25830000	5.743682441063473
25720000	25830000	12.204191477255765
25725000	25830000	13.773057221038437
25730000	25830000	6.959602442735855
25735000	25830000	9.598370822927409
25740000	25830000	17.28018151264239
25745000	25830000	9.551659974224828
25750000	25830000	9.92300293668686
25755000	25830000	11.331962262845682
25760000	25830000	7.8289436357211395
25765000	25830000	8.907455770994414
25770000	25830000	15.346617647080874
25775000	25830000	14.036104176230266
25780000	25830000	14.989418023354773
25785000	25830000	11.530321887563806
25790000	25830000	19.910936623304874
25795000	25830000	28.50161862227245
25800000	25830000	35.86489531911116
25805000	25830000	34.24272684065239
25810000	25830000	50.12709442993263
25815000	25830000	54.599300568103
25820000	25830000	78.69453362990156
25825000	25830000	141.95910961585938
25830000	25830000	496.4217751422328
25700000	25835000	6.600885770085578
25705000	25835000	2.9758976602325853
25710000	25835000	8.029530322490325
25715000	25835000	6.983712070187071
25720000	25835000	13.91157157251875
25725000	25835000	12.792530174507892
25730000	25835000	3.525892729516815
25735000	25835000	5.5574317114030505
25740000	25835000	12.50647512072657
25745000	25835000	9.678175940376574
25750000	25835000	10.054437504819447
25755000	25835000	6.262941338829466
25760000	25835000	14.54317601200427
25765000	25835000	10.529678795065847
25770000	25835000	5.183296797936616
25775000	25835000	14.222018591698813
25780000	25835000	15.187959502887606
25785000	25835000	14.279278575191809
25790000	25835000	10.087332898053193
25795000	25835000	18.377631479702966
25800000	25835000	31.14852149124245
25805000	25835000	23.50393630164548
25810000	25835000	32.558365380515326
25815000	25835000	44.00652811109239
25820000	25835000	46.63855103524691
25825000	25835000	63.35784015258197
25830000	25835000	220.34616223861775
25835000	25835000	491.18243841499174
25700000	25840000	10.45974194502891
25705000	25840000	5.389254484068106
25710000	25840000	3.6353049765209113
25715000	25840000	7.377578163179694
25720000	25840000	9.79743586385442
25725000	25840000	6.318234191392454
25730000	25840000	11.174236113503106
25735000	25840000	1.258041152204826
25740000	25840000	7.927087785555075
25745000	25840000	8.763431918589232
25750000	25840000	10.014543753452756
25755000	25840000	9.451653626171245
25760000	25840000	8.380025097186985
25765000	25840000	10.89651884979142
25770000	25840000	14.080174471634484
25775000	25840000	15.739543126628417
25780000	25840000	11.001961518849352
25785000	25840000	18.80677236720092
25790000	25840000	33.491028750497684
25795000	25840000	17.829266067594283
25800000	25840000	15.669157145982918
25805000	25840000	20.2689852447659
25810000	25840000	42.45274615967557
25815000	25840000	33.016251492238595
25820000	25840000	39.50590886337847
25825000	25840000	44.96528411376205
25830000	25840000	66.04796332201225
25835000	25840000	192.40304380279395
25840000	25840000	672.8848728634713
25700000	25845000	1.6435034986948795
25705000	25845000	4.445674462523006
25710000	25845000	7.996842628420997
25715000	25845000	6.955281833990173
25720000	25845000	9.236625648189786
25725000	25845000	6.949337792070058
25730000	25845000	10.534617150768112
25735000	25845000	6.918509711864301
25740000	25845000	11.210005868827084
25745000	25845000	7.711021374048005
25750000	25845000	13.017558509439382
25755000	25845000	8.316593751005895
25760000	25845000	9.21707289446685
25765000	25845000	10.486813159682747
25770000	25845000	14.19603882083175
25775000	25845000	15.737912979893634
25780000	25845000	10.58829121746539
25785000	25845000	20.685307001804073
25790000	25845000	20.0925360479134
25795000	25845000	22.224849628317678
25800000	25845000	13.787430174438121
25805000	25845000	23.408253310437235
25810000	25845000	23.346592127473222
25815000	25845000	35.06190432502868
25820000	25845000	35.960274996261795
25825000	25845000	44.34048047281019
25830000	25845000	55.997368643902895
25835000	25845000	88.94233940992663
25840000	25845000	156.90605465788244
25845000	25845000	522.3180904239197
25700000	25850000	13.990779718745591
25705000	25850000	10.09201009198612
25710000	25850000	1.7018835638098608
25715000	25850000	3.947251145633862
25725000	25850000	1.971938895925981
25730000	25850000	2.9892950860718717
25735000	25850000	7.067488114571937
25740000	25850000	10.603142945755849
25745000	25850000	13.128441957868125
25750000	25850000	3.4097101564961454
25755000	25850000	8.849664092061458
25760000	25850000	17.934375174985814
25765000	25850000	7.65187781478188
25770000	25850000	4.394462576247273
25775000	25850000	21.43573641643771
25780000	25850000	12.876538281884217
25785000	25850000	26.41341261883694
25790000	25850000	8.552164508945175
25795000	25850000	15.580781291506904
25800000	25850000	23.473865265432167
25805000	25850000	17.08022174720885
25810000	25850000	19.874434578220438
25815000	25850000	31.979377786588724
25820000	25850000	25.510151864484392
25825000	25850000	26.131890986352463
25830000	25850000	51.53439391689626
25835000	25850000	46.9952908069243
25840000	25850000	54.373886512024896
25845000	25850000	122.21038189313651
25850000	25850000	973.9444914776075
25700000	25855000	6.571515518760479
25705000	25855000	11.850626317508837
25710000	25855000	8.659953685086343
25715000	25855000	6.952638455852907
25720000	25855000	7.181311851545442
25725000	25855000	7.718551858873127
25730000	25855000	3.510204478088416
25735000	25855000	10.14329112000616
25740000	25855000	9.130607418844342
25745000	25855000	3.854045387284706
25750000	25855000	9.342387487112505
25755000	25855000	10.39179125214857
25760000	25855000	8.774828490540793
25765000	25855000	12.978738947257787
25770000	25855000	12.900585062518196
25775000	25855000	6.292772693359111
25780000	25855000	8.064203506250555
25785000	25855000	15.508084111240084
25790000	25855000	12.274105440879051
25795000	25855000	10.454777882277494
25800000	25855000	14.930706066748204
25805000	25855000	12.628224372454023
25810000	25855000	19.880279298929704
25815000	25855000	23.36571928730215
25820000	25855000	29.955506811171905
25825000	25855000	20.457059411454683
25830000	25855000	32.27450041458814
25835000	25855000	36.78973927290336
25840000	25855000	49.968771606386895
25845000	25855000	70.22661040216828
25850000	25855000	133.42727699284487
25855000	25855000	522.938538544172
25700000	25860000	7.468910726009699
25705000	25860000	5.387571238938174
25710000	25860000	3.634169548714406
25715000	25860000	7.375273897802994
25720000	25860000	11.193572337904499
25725000	25860000	8.421681059610199
25730000	25860000	9.574925163744384
25735000	25860000	8.803537565982934
25740000	25860000	10.188786715550316
25745000	25860000	12.264972726372825
25750000	25860000	9.101287159255488
25755000	25860000	3.779480622954556
25760000	25860000	10.770952800823348
25765000	25860000	2.723278875270777
25770000	25860000	7.037888380189063
25775000	25860000	10.012944542888393
25780000	25860000	8.248893927641289
25785000	25860000	11.750561487948243
25790000	25860000	18.262128206014562
25795000	25860000	20.20019037436951
25800000	25860000	15.66426314208422
25805000	25860000	19.249521832098704
25810000	25860000	16.504244843962365
25815000	25860000	14.795765941657818
25820000	25860000	19.06586130281906
25825000	25860000	32.550897891741066
25830000	25860000	19.257972511569086
25835000	25860000	25.088210852858225
25840000	25860000	29.027238820747357
25845000	25860000	54.13650316385
25850000	25860000	87.443714682509
25855000	25860000	133.2084391499116
25860000	25860000	649.7547351869775
25700000	25865000	8.569792467345737
25705000	25865000	7.727091860255712
25710000	25865000	5.212285962123964
25715000	25865000	10.074230974076066
25720000	25865000	6.689297603024382
25725000	25865000	4.026248580873163
25730000	25865000	7.629321782595289
25735000	25865000	7.215097803086622
25740000	25865000	5.412298693223203
25745000	25865000	5.025989672317
25750000	25865000	7.832080038350648
25755000	25865000	9.93794542062841
25760000	25865000	11.443092371281688
25765000	25865000	10.415590549460518
25770000	25865000	10.094049359923693
25775000	25865000	13.677148463017888
25780000	25865000	14.46002168226805
25785000	25865000	8.9883587241912
25790000	25865000	8.730782756167823
25795000	25865000	15.906197370879264
25800000	25865000	5.991033552549141
25805000	25865000	15.49951532761893
25810000	25865000	19.162330833742118
25815000	25865000	18.500131349911552
25820000	25865000	13.021475076438486
25825000	25865000	17.785116502461022
25830000	25865000	19.72902286704373
25835000	25865000	33.317237519310154
25840000	25865000	22.927847337261923
25845000	25865000	42.47245468044484
25850000	25865000	47.45456093654545
25855000	25865000	62.79996280448739
25860000	25865000	142.34952482535058
25865000	25865000	580.1947435483518
25700000	25870000	6.128345067572086
25705000	25870000	4.144291020078334
25710000	25870000	6.52287700137729
25715000	25870000	9.725648702928483
25720000	25870000	8.610451586662945
25725000	25870000	9.717337082354316
25730000	25870000	6.546965989215269
25735000	25870000	3.869691932629525
25740000	25870000	4.6444672905057125
25745000	25870000	10.782407789468412
25750000	25870000	9.33466577608617
25755000	25870000	7.752790963549987
25760000	25870000	7.364763739924302
25765000	25870000	6.982775532435808
25770000	25870000	8.421415977438457
25775000	25870000	11.736800251511427
25780000	25870000	9.870484350672138
25785000	25870000	14.462248548191432
25790000	25870000	4.682603135695565
25795000	25870000	9.74972763657142
25800000	25870000	1.6065932049108413
25805000	25870000	11.430230428932209
25810000	25870000	15.718349099738793
25815000	25870000	11.673203475326444
25820000	25870000	13.96768233208813
25825000	25870000	22.257053477826744
25830000	25870000	31.038531324897534
25835000	25870000	24.302002595102262
25840000	25870000	23.29948655925853
25845000	25870000	28.474200856566913
25850000	25870000	53.326798438176574
25855000	25870000	45.54140662598526
25860000	25870000	77.64069782427038
25865000	25870000	194.2538443872472
25870000	25870000	503.0062082744104
25700000	25875000	8.441039444505758
25705000	25875000	5.073999744433286
25710000	25875000	3.4226508650377276
25715000	25875000	2.9768625558645185
25720000	25875000	2.6355188944571974
25725000	25875000	7.931516011393419
25730000	25875000	7.514698441893519
25735000	25875000	5.922248154772029
25740000	25875000	2.132393610651525
25745000	25875000	8.250798222041864
25750000	25875000	6.000097014109174
25755000	25875000	13.348141628523654
25760000	25875000	7.889819515328337
25765000	25875000	7.694329617737641
25770000	25875000	7.732974526330704
25775000	25875000	18.860327148696253
25780000	25875000	12.947975944524213
25785000	25875000	14.386640351527342
25790000	25875000	8.599611006571894
25795000	25875000	7.8336109031395615
25800000	25875000	13.277303870194793
25805000	25875000	11.449987331928474
25810000	25875000	9.992347912010516
25815000	25875000	15.006504784954707
25820000	25875000	14.108423708176446
25825000	25875000	14.598259963163082
25830000	25875000	22.02362802884752
25835000	25875000	7.876002612312549
25840000	25875000	22.583378126002216
25845000	25875000	22.224496438681623
25850000	25875000	26.70948632076113
25855000	25875000	47.91697046838818
25860000	25875000	54.65847003272253
25865000	25875000	67.03219507927858
25870000	25875000	136.4940177617296
25875000	25875000	512.5338253796879
25700000	25880000	4.49872190214317
25705000	25880000	2.7042301995885776
25710000	25880000	4.560325334090431
25715000	25880000	3.173087122215607
25720000	25880000	1.4046216288829305
25725000	25880000	5.283958959118459
25730000	25880000	6.4080332647756215
25735000	25880000	3.7875734606796225
25740000	25880000	9.09181472570632
25745000	25880000	3.517865013254845
25750000	25880000	4.5682877310847685
25755000	25880000	8.536803197085082
25760000	25880000	4.805651056320309
25765000	25880000	9.568432332232506
25770000	25880000	9.420235058295296
25775000	25880000	11.487734403631276
25780000	25880000	8.280877257310046
25785000	25880000	8.257285251551085
25790000	25880000	16.805191076079943
25795000	25880000	11.928536653575245
25800000	25880000	7.862498993419346
25805000	25880000	14.238853081873872
25810000	25880000	7.10067280238508
25815000	25880000	14.853133373457137
25820000	25880000	16.40553010294182
25825000	25880000	23.34079076204583
25830000	25880000	20.71354414194879
25835000	25880000	18.1895169791886
25840000	25880000	16.470313689393404
25845000	25880000	16.72197105444139
25850000	25880000	42.70512603198848
25855000	25880000	21.358842428209172
25860000	25880000	30.39723592136461
25865000	25880000	48.441171117177454
25870000	25880000	70.14755978740918
25875000	25880000	114.51213205814079
25880000	25880000	561.9863279589476
25700000	25885000	1.667735852061453
25705000	25885000	3.007481960998293
25710000	25885000	4.057375346417506
25715000	25885000	9.410443713646664
25720000	25885000	6.248542319416667
25725000	25885000	4.701200734943883
25730000	25885000	7.1266286620945705
25735000	25885000	2.80820739316322
25740000	25885000	8.84744767157873
25745000	25885000	3.912357598181027
25750000	25885000	6.096689377691673
25760000	25885000	10.689111352232212
25765000	25885000	3.0404097612484753
25770000	25885000	11.786195341953233
25775000	25885000	7.984978959288687
25780000	25885000	3.0698309850975916
25785000	25885000	7.87136172630633
25790000	25885000	15.291590230513108
25795000	25885000	10.61296003933171
25800000	25885000	8.74419784775478
25805000	25885000	7.917797418939359
25810000	25885000	9.213097413798394
25815000	25885000	21.601455884251674
25820000	25885000	18.245242528804866
25825000	25885000	8.652740581893783
25830000	25885000	13.821813771193852
25835000	25885000	15.560988683725297
25840000	25885000	8.45413427628542
25845000	25885000	13.947876822640518
25850000	25885000	21.108475192008278
25855000	25885000	20.655667978335828
25860000	25885000	18.311569826955512
25865000	25885000	35.01767949058472
25870000	25885000	60.67747096158428
25875000	25885000	58.37035260009479
25880000	25885000	123.02180818847972
25885000	25885000	665.2158574771223
25700000	25890000	3.795217402490611
25705000	25890000	5.703365165187205
25710000	25890000	4.616624840236595
25715000	25890000	3.5691783067288543
25720000	25890000	9.479749254670077
25725000	25890000	2.6745960428635116
25730000	25890000	2.7029765221350193
25735000	25890000	15.976387320513044
25740000	25890000	2.8762680449403986
25745000	25890000	11.870982744283232
25750000	25890000	9.249371074040043
25755000	25890000	11.202844487821718
25760000	25890000	6.081224039617397
25765000	25890000	9.225294699061129
25770000	25890000	9.93388811491172
25775000	25890000	8.479884767981824
25780000	25890000	4.657282691758859
25785000	25890000	8.956313125981637
25790000	25890000	11.599540635259682
25795000	25890000	10.063167023578144
25800000	25890000	19.89891372881336
25805000	25890000	12.012199060824502
25810000	25890000	10.982177209702604
25815000	25890000	11.566540587095083
25820000	25890000	12.686716021409971
25825000	25890000	15.752629696146855
25830000	25890000	15.144467899431648
25835000	25890000	14.16467361529326
25840000	25890000	11.757059474629747
25845000	25890000	19.984931050304738
25850000	25890000	18.01347594023823
25855000	25890000	23.502747894562734
25860000	25890000	23.50677470037999
25865000	25890000	30.649501061627305
25870000	25890000	33.97253959462033
25875000	25890000	50.315035516013076
25880000	25890000	66.50322123861456
25885000	25890000	180.1305239635413
25890000	25890000	492.26323753646136
25700000	25895000	7.045718525080075
25705000	25895000	7.623463154644355
25710000	25895000	9.42770315416952
25715000	25895000	3.975649832106655
25720000	25895000	2.639834738831205
25725000	25895000	1.9861261042851073
25730000	25895000	3.0108017120229253
25735000	25895000	3.5591677473060384
25740000	25895000	8.543542210375938
25745000	25895000	3.305723789791876
25750000	25895000	10.30272443611851
25755000	25895000	7.130666737680731
25760000	25895000	5.644814028700504
25765000	25895000	8.99141788343069
25770000	25895000	7.745637806671437
25775000	25895000	18.89121223815163
25780000	25895000	9.078425405127614
25785000	25895000	4.43390752910825
25790000	25895000	5.742462309371077
25795000	25895000	15.692877965007929
25800000	25895000	4.433015457698825
25805000	25895000	7.645824985121769
25810000	25895000	14.45702710465432
25815000	25895000	9.662836483213717
25820000	25895000	12.846842933877518
25825000	25895000	11.697732498384113
25830000	25895000	18.166806199427718
25835000	25895000	14.462983536890379
25840000	25895000	19.04872418424809
25845000	25895000	24.87981889236192
25850000	25895000	17.835483300630717
25855000	25895000	21.81610809993869
25860000	25895000	22.613294870854375
25865000	25895000	21.621988707052253
25870000	25895000	21.972461167153163
25875000	25895000	43.715179613513726
25880000	25895000	47.79152232925619
25885000	25895000	65.1097946882617
25890000	25895000	153.20818678891743
25895000	25895000	471.5497902985746
25700000	25900000	3.3965257253392376
25705000	25900000	7.656330764549634
25710000	25900000	1.0329108566885667
25715000	25900000	3.5935113151405145
25720000	25900000	4.772188902292868
25725000	25900000	7.180880540741762
25730000	25900000	3.628538889390654
25735000	25900000	7.149025309656211
25740000	25900000	5.1482259757768505
25745000	25900000	3.9839712063882144
25750000	25900000	5.173571673319862
25755000	25900000	9.667903118409393
25760000	25900000	9.524173578956184
25765000	25900000	4.644094247698848
25770000	25900000	12.001935328467873
25775000	25900000	6.504911774365858
25780000	25900000	3.1260225953765897
25785000	25900000	6.679535652034664
25790000	25900000	12.111162459690112
25795000	25900000	9.456321509833682
25800000	25900000	1.7808511402236569
25805000	25900000	13.8218202094827
25810000	25900000	12.062234857263157
25815000	25900000	9.057530156911158
25820000	25900000	17.03094425177624
25825000	25900000	10.573349230849095
25830000	25900000	7.819341478694491
25835000	25900000	12.676659390791386
25840000	25900000	12.91332400723803
25845000	25900000	14.203185229664227
25850000	25900000	13.434284070623344
25855000	25900000	15.775319179539888
25860000	25900000	20.08111893287258
25865000	25900000	19.20081656703482
25870000	25900000	29.422923588117392
25875000	25900000	33.772040118705405
25880000	25900000	34.558250049294664
25885000	25900000	57.65040656084004
25890000	25900000	72.88518541467468
25895000	25900000	128.543907841989
25900000	25900000	688.1608665812057
25700000	25905000	5.447466433581051
25705000	25905000	1.6372653790754537
25710000	25905000	3.313236922491102
25715000	25905000	7.684531724827529
25720000	25905000	11.905915811563178
25725000	25905000	6.398303716552256
25730000	25905000	3.8797181593405687
25735000	25905000	7.643904106017813
25740000	25905000	2.7523014656134053
25745000	25905000	4.259754657971979
25750000	25905000	5.5317031404339625
25755000	25905000	10.337146833649381
25760000	25905000	2.909562247928333
25765000	25905000	6.620764752507881
25770000	25905000	8.555165565812176
25775000	25905000	3.477601467867088
25780000	25905000	5.013624078242212
25785000	25905000	7.141914846477926
25790000	25905000	22.199205492705758
25795000	25905000	10.110918857597145
25800000	25905000	9.52063725706458
25805000	25905000	9.852407722322596
25810000	25905000	11.464197339665837
25815000	25905000	11.068024993685318
25820000	25905000	8.27721892506702
25825000	25905000	9.4210590604197
25830000	25905000	18.3933678315778
25835000	25905000	8.471361878955857
25840000	25905000	10.738953802642126
25845000	25905000	16.873751034893463
25850000	25905000	14.364248931968849
25855000	25905000	16.867338109343653
25860000	25905000	13.802913857299611
25865000	25905000	16.130682521868877
25870000	25905000	23.594755580436715
25875000	25905000	30.332274535097877
25880000	25905000	29.252466957185824
25885000	25905000	44.51861216796583
25890000	25905000	48.05716333186415
25895000	25905000	70.8912067066342
25900000	25905000	109.846561314452
25905000	25905000	753.1746205073191
25700000	25910000	2.378101231295571
25705000	25910000	5.3606335092789905
25710000	25910000	5.785598058119952
25715000	25910000	5.032044138194594
25720000	25910000	4.455041895645388
25725000	25910000	7.541615566897609
25730000	25910000	3.810820305123081
25735000	25910000	3.0032640291146806
25740000	25910000	4.505708009454267
25745000	25910000	8.368215874836318
25750000	25910000	5.795699799818959
25755000	25910000	9.77751660237762
25760000	25910000	7.621047672740869
25765000	25910000	5.419325089709744
25770000	25910000	10.270625351923048
25775000	25910000	11.386148634678355
25780000	25910000	7.660473008291801
25785000	25910000	6.547413015633701
25790000	25910000	4.845551465039743
25795000	25910000	8.512598073994143
25800000	25910000	7.481252253251249
25805000	25910000	13.709712398978317
25810000	25910000	7.507073831940786
25815000	25910000	7.2476492108067205
25820000	25910000	15.176425955277146
25825000	25910000	12.338340634967974
25830000	25910000	16.424299801126917
25835000	25910000	11.094564616813187
25840000	25910000	16.073518362932074
25845000	25910000	18.783978925778165
25850000	25910000	15.049772655195397
25855000	25910000	16.935973343909485
25860000	25910000	23.098465966206668
25865000	25910000	21.125635064268028
25870000	25910000	14.420465949616876
25875000	25910000	24.591559184760964
25880000	25910000	28.2289004253053
25885000	25910000	29.152019852634393
25890000	25910000	46.77848275794266
25895000	25910000	58.73743972680976
25900000	25910000	65.08003926635097
25905000	25910000	147.7157202733976
25910000	25910000	531.6061853549429
25700000	25915000	7.473116938126178
25705000	25915000	5.390605318237675
25710000	25915000	6.363378310695351
25715000	25915000	6.325223466126984
25720000	25915000	6.999922587877283
25725000	25915000	3.1599089386739814
25730000	25915000	3.1934391348967632
25735000	25915000	1.258356484312476
25740000	25915000	5.663624811355804
25745000	25915000	10.518754201572179
25750000	25915000	5.463847598959302
25755000	25915000	9.454022713902196
25760000	25915000	9.579572088846582
25765000	25915000	12.261656359902739
25770000	25915000	9.389135808782369
25775000	25915000	7.15613104287244
25780000	25915000	4.126769698611487
25785000	25915000	10.581461069557387
25790000	25915000	13.70430956692312
25795000	25915000	11.889156687425995
25800000	25915000	14.10577620407895
25805000	25915000	11.150736152522798
25810000	25915000	9.43630823969204
25815000	25915000	10.248991176130943
25820000	25915000	12.263527597643279
25825000	25915000	1.5509156830521738
25830000	25915000	5.505376538241345
25835000	25915000	15.340318643249683
25840000	25915000	10.102116827707098
25845000	25915000	18.05566360816273
25850000	25915000	18.91739669689617
25855000	25915000	21.288329965847925
25860000	25915000	15.148442396135783
25865000	25915000	21.726562999063596
25870000	25915000	9.063182586642341
25875000	25915000	28.53352259772778
25880000	25915000	34.216148825522374
25885000	25915000	32.415637774759816
25890000	25915000	32.07274478137338
25895000	25915000	36.91615394231556
25900000	25915000	38.749682321736074
25905000	25915000	79.79508127574545
25910000	25915000	162.78516583135075
25915000	25915000	554.4926114690439
25700000	25920000	1.3447075180399883
25705000	25920000	8.48734084245891
25710000	25920000	2.4536183855616422
25715000	25920000	5.69078178396377
25720000	25920000	5.038245009438703
25725000	25920000	4.738265328619028
25730000	25920000	10.055941697611381
25735000	25920000	5.660694991257694
25740000	25920000	7.133761251658285
25745000	25920000	6.3091246362928715
25750000	25920000	4.915804880732659
25755000	25920000	7.655176529368933
25760000	25920000	6.464031029889797
25765000	25920000	7.354513352014342
25770000	25920000	3.1677649402775243
25775000	25920000	9.01368505962379
25780000	25920000	11.138521486191125
25785000	25920000	6.346736071838262
25790000	25920000	12.329720153428779
25795000	25920000	4.278653341866709
25800000	25920000	5.640408135650808
25805000	25920000	16.416456448448137
25810000	25920000	7.428587291839887
25815000	25920000	9.220982088850118
25820000	25920000	8.581575002137463
25825000	25920000	5.581414010013634
25830000	25920000	14.8595049734436
25835000	25920000	15.056325697100533
25840000	25920000	6.816629807285366
25845000	25920000	13.74544634605349
25850000	25920000	14.892427115314645
25855000	25920000	14.989333465276069
25860000	25920000	12.49325136567774
25865000	25920000	18.46135207089485
25870000	25920000	20.967722182016033
25875000	25920000	23.532219408418705
25880000	25920000	20.522767561381098
25885000	25920000	26.628217072646322
25890000	25920000	29.817596036833994
25895000	25920000	32.1419386969107
25900000	25920000	27.115632309326898
25905000	25920000	49.701710773253176
25910000	25920000	73.22862673338904
25915000	25920000	109.09341468357528
25920000	25920000	575.6145412961719
25700000	25925000	3.936124404721306
25705000	25925000	3.549070174635866
25710000	25925000	6.384038215807345
25715000	25925000	5.552539557561775
25720000	25925000	3.6868908057274794
25725000	25925000	5.54779431090161
25730000	25925000	2.8033313314758623
25735000	25925000	6.627820371005162
25740000	25925000	4.971761230674298
25745000	25925000	10.772757510542911
25750000	25925000	7.99398105383907
25755000	25925000	3.3196509421775167
25760000	25925000	8.409339725732224
25765000	25925000	8.371831119385822
25770000	25925000	9.272437851779827
25775000	25925000	8.794721841909107
25780000	25925000	9.660392076979852
25785000	25925000	7.224652401805916
25790000	25925000	8.02013519226234
25795000	25925000	11.480466181654965
25800000	25925000	1.3758474003628107
25805000	25925000	9.788571726261603
25810000	25925000	12.425365299461568
25815000	25925000	8.996983147761274
25820000	25925000	5.980791953730282
25825000	25925000	5.445828579310624
25830000	25925000	4.832844431751792
25835000	25925000	9.793715192789618
25840000	25925000	7.759544489008813
25845000	25925000	9.753845617214646
25850000	25925000	10.379039773072389
25855000	25925000	12.187673294432509
25860000	25925000	12.189761449993764
25865000	25925000	11.655395019552406
25870000	25925000	19.321791818038058
25875000	25925000	24.004229634105815
25880000	25925000	16.686851801324142
25885000	25925000	16.083696701501296
25890000	25925000	23.46230467479996
25895000	25925000	24.043538219461293
25900000	25925000	23.937223290714652
25905000	25925000	39.0648861960838
25910000	25925000	57.336206573640524
25915000	25925000	59.874347140041905
25920000	25925000	155.6208161788931
25925000	25925000	581.081635288102
25700000	25930000	5.787188999890019
25705000	25930000	6.522640598533334
25710000	25930000	4.399827081464263
25715000	25930000	6.122823978282812
25720000	25930000	2.7103734182167507
25725000	25930000	1.019598560299299
25730000	25930000	10.81938533012302
25735000	25930000	7.308543607956135
25740000	25930000	8.771833086289408
25745000	25930000	8.485139008915375
25750000	25930000	7.052014793731949
25755000	25930000	10.981806528841194
25760000	25930000	12.750426408158303
25765000	25930000	3.956432737168647
25770000	25930000	5.680434273708665
25775000	25930000	4.156286111535183
25780000	25930000	6.657863446464907
25785000	25930000	3.4142890449593786
25790000	25930000	5.895905894973579
25795000	25930000	10.357846269535216
25800000	25930000	3.0343129899640586
25805000	25930000	3.925064038134962
25810000	25930000	12.559741986280914
25815000	25930000	7.716361236306111
25820000	25930000	1.3190121746562007
25825000	25930000	7.506441300722318
25830000	25930000	9.326119527964238
25835000	25930000	6.749748650734601
25840000	25930000	11.001218994041269
25845000	25930000	9.411179210095229
25850000	25930000	13.734047190908992
25855000	25930000	12.54346994658849
25860000	25930000	8.55383117863742
25865000	25930000	16.357708348367016
25870000	25930000	10.02648197029338
25875000	25930000	17.262802777031435
25880000	25930000	17.173993675125953
25885000	25930000	17.735604186604608
25890000	25930000	21.732519063375776
25895000	25930000	16.13833368923707
25900000	25930000	23.617243346748186
25905000	25930000	38.620867673732825
25910000	25930000	35.016941720136515
25915000	25930000	56.2425464807951
25920000	25930000	60.50146528105095
25925000	25930000	202.85454199477158
25930000	25930000	500.63754075565635
25700000	25935000	2.359930484676289
25705000	25935000	3.1918041845929435
25710000	25935000	2.8706955468844435
25715000	25935000	2.4967974881987027
25720000	25935000	2.210500764577602
25725000	25935000	6.6524365445900555
25730000	25935000	7.563404695588919
25735000	25935000	4.967194164941878
25740000	25935000	6.259792714154451
25745000	25935000	2.7680918268590706
25750000	25935000	7.189269561799551
25755000	25935000	5.970958728488494
25760000	25935000	10.398872396877385
25765000	25935000	8.604666827313903
25770000	25935000	9.265589915228174
25775000	25935000	4.519659451400882
25780000	25935000	7.601940380586257
25785000	25935000	0.9281978753241635
25790000	25935000	4.808527268280061
25795000	25935000	4.693085819486853
25800000	25935000	2.474696342283456
25805000	25935000	8.803208350276
25810000	25935000	7.4497133063848056
25815000	25935000	4.495169320836884
25820000	25935000	7.530232478955303
25825000	25935000	9.795252047842578
25830000	25935000	11.952456244802345
25835000	25935000	12.110771820710434
25840000	25935000	5.981513551888765
25845000	25935000	7.6754806919482075
25850000	25935000	9.334237123994868
25855000	25935000	9.499364456925925
25860000	25935000	11.95929064873144
25865000	25935000	9.529189533119439
25870000	25935000	13.288118200849699
25875000	25935000	15.956238211197604
25880000	25935000	23.01084881554186
25885000	25935000	26.703944539940125
25890000	25935000	13.504306839832738
25895000	25935000	25.38376039207298
25900000	25935000	14.729404043958448
25905000	25935000	27.863653112488695
25910000	25935000	34.11188416559504
25915000	25935000	41.88108986404358
25920000	25935000	57.417557966059654
25925000	25935000	63.900952569519255
25930000	25935000	217.1836378272647
25935000	25935000	558.1518395938316
25705000	25940000	3.502172451462155
25710000	25940000	7.087138849578542
25715000	25940000	2.7395839075148545
25720000	25940000	9.701791756535343
25725000	25940000	4.562071060394368
25730000	25940000	6.915719666224115
25735000	25940000	3.2701198869582058
25740000	25940000	1.9624255774656887
25745000	25940000	7.593146680127342
25750000	25940000	8.677182679221554
25755000	25940000	4.0947309809664825
25760000	25940000	7.260940729295089
25765000	25940000	12.981893590270246
25770000	25940000	6.099940698924055
25775000	25940000	2.4795736055946955
25780000	25940000	9.532738812580199
25785000	25940000	8.147640244742792
25790000	25940000	6.595130354629929
25795000	25940000	9.268987335641077
25800000	25940000	6.788334163413422
25805000	25940000	7.024890679843178
25810000	25940000	7.152352338528352
25815000	25940000	7.891641090557938
25820000	25940000	14.16422699194202
25825000	25940000	10.747733849925217
25830000	25940000	8.34571990604128
25835000	25940000	9.664300185096582
25840000	25940000	12.032443013813493
25845000	25940000	10.828077130771268
25850000	25940000	8.193512188214436
25855000	25940000	8.017749543571053
25860000	25940000	15.309235299079175
25865000	25940000	18.82043936521605
25870000	25940000	11.215571749339787
25875000	25940000	8.238968920973258
25880000	25940000	15.368593598972723
25885000	25940000	8.546012100200702
25890000	25940000	20.37399912435585
25895000	25940000	20.631152005282168
25900000	25940000	18.648090577957237
25905000	25940000	26.585296123413173
25910000	25940000	27.854060767350912
25915000	25940000	32.82397904945637
25920000	25940000	41.344269380054584
25925000	25940000	48.02371623303384
25930000	25940000	73.07939841884591
25935000	25940000	160.66465922350068
25940000	25940000	510.8547853253027
25700000	25945000	7.162048078886986
25705000	25945000	11.623997491561541
25710000	25945000	3.484858500728824
25715000	25945000	7.072258350481812
25720000	25945000	2.68342018667433
25725000	25945000	2.018918382701185
25730000	25945000	9.181536222634596
25735000	25945000	4.82390933563255
25740000	25945000	10.855752301362593
25745000	25945000	5.040455270899606
25750000	25945000	9.600093570014629
25755000	25945000	4.530249277273781
25760000	25945000	4.590410965299728
25765000	25945000	3.917088104089608
25770000	25945000	4.499156285018606
25775000	25945000	4.114954042246199
25780000	25945000	10.546647219773648
25785000	25945000	12.394564396289347
25790000	25945000	7.296592782643949
25795000	25945000	4.557707982774671
25800000	25945000	9.012415051629484
25805000	25945000	9.715078375483206
25810000	25945000	13.565282169293427
25815000	25945000	8.731001258247694
25820000	25945000	5.223581182065153
25825000	25945000	7.43179370822524
25830000	25945000	5.276214969700126
25835000	25945000	6.6826259668218855
25840000	25945000	7.261211789298572
25845000	25945000	10.648674292012668
25850000	25945000	9.064979565576058
25855000	25945000	11.531679496687541
25860000	25945000	15.727711716269926
25865000	25945000	15.038251040332076
25870000	25945000	13.649314119198342
25875000	25945000	13.672906659759553
25880000	25945000	13.359662943304567
25885000	25945000	14.857812516522698
25890000	25945000	21.516400644275937
25895000	25945000	25.10804448088897
25900000	25945000	17.880645319203662
25905000	25945000	11.76517032342622
25910000	25945000	31.779657008836136
25915000	25945000	21.789095506970497
25920000	25945000	32.67262373262297
25925000	25945000	38.254716334955276
25930000	25945000	44.52728290229589
25935000	25945000	67.85197401152656
25940000	25945000	147.85109276132903
25945000	25945000	614.8625204886108
25700000	25950000	3.959779320413406
25705000	25950000	5.950665019361919
25710000	25950000	4.816803264150013
25715000	25950000	2.792954319410958
25720000	25950000	7.418095805930546
25725000	25950000	9.301891457777218
25730000	25950000	7.050446259606386
25735000	25950000	8.890202085767726
25740000	25950000	7.002296014094494
25745000	25950000	10.837498520856933
25750000	25950000	9.650426950977362
25755000	25950000	10.01880311714091
25760000	25950000	4.229938655437787
25765000	25950000	6.015816635116999
25770000	25950000	3.1093874650959674
25775000	25950000	1.2639393509807215
25780000	25950000	7.288836080922626
25785000	25950000	6.229774607050674
25790000	25950000	4.034166888011356
25795000	25950000	9.449558432808775
25800000	25950000	6.92057913294911
25805000	25950000	3.580872028383274
25810000	25950000	4.1666793273754035
25815000	25950000	8.045379815035027
25820000	25950000	13.2368163448473
25825000	25950000	2.739278179953431
25830000	25950000	3.6464162724388287
25835000	25950000	2.4631431138145627
25840000	25950000	8.921345144637213
25845000	25950000	11.039021185058791
25850000	25950000	22.97111224983108
25855000	25950000	9.808734016101935
25860000	25950000	11.148198386246582
25865000	25950000	6.395694771275794
25870000	25950000	8.003845267611522
25875000	25950000	14.699079521294143
25880000	25950000	7.8339962060989965
25885000	25950000	14.935712167418066
25890000	25950000	14.16198361247016
25895000	25950000	18.92976464585179
25900000	25950000	25.348503951326197
25905000	25950000	28.45837037839251
25910000	25950000	22.184915312296333
25915000	25950000	22.308953272054964
25920000	25950000	26.09267502622156
25925000	25950000	28.396380298917574
25930000	25950000	32.39264069230594
25935000	25950000	53.71758430876503
25940000	25950000	72.46848633679046
25945000	25950000	172.1117530795013
25950000	25950000	625.5195363865249
