78230000	78230000	428.42938413503066
78230000	78235000	137.77453842221718
78235000	78235000	402.3096289426549
78230000	78240000	44.86792815246021
78235000	78240000	177.49176546566918
78240000	78240000	392.4607433866632
78230000	78245000	41.483178084742306
78235000	78245000	83.91003372209475
78240000	78245000	53.54620169960148
78245000	78245000	522.5028008439214
78230000	78250000	48.90443583328634
78235000	78250000	46.88003012053274
78240000	78250000	33.076290772898105
78245000	78250000	234.40943231634088
78250000	78250000	474.6391348365832
78230000	78255000	40.65269393652127
78235000	78255000	56.59998935064291
78240000	78255000	31.48453107489037
78245000	78255000	86.77228744834754
78250000	78255000	167.73861138132443
78255000	78255000	386.86772324756555
78230000	78260000	35.58644780291615
78235000	78260000	36.325086151333124
78240000	78260000	34.997899202321015
78245000	78260000	70.4791699949857
78250000	78260000	86.46530374036602
78255000	78260000	155.82458048999993
78260000	78260000	520.7628188126878
78230000	78265000	36.726845610682375
78235000	78265000	37.229713735647124
78240000	78265000	8.923625481458538
78245000	78265000	54.05759901858386
78250000	78265000	61.88513709264068
78255000	78265000	94.49661970731529
78260000	78265000	121.75267720008155
78265000	78265000	437.0510286289054
78230000	78270000	19.255998555818852
78235000	78270000	28.057518728364638
78240000	78270000	24.74504190375286
78245000	78270000	50.35273901790638
78250000	78270000	37.921926889397035
78255000	78270000	74.01703230086054
78260000	78270000	108.94558650695986
78265000	78270000	157.70093542884518
78270000	78270000	483.1524262026581
78230000	78275000	18.80427889745741
78235000	78275000	32.367337220796315
78240000	78275000	27.123482031785496
78245000	78275000	26.64467247191117
78250000	78275000	44.88767251064472
78255000	78275000	56.37656673011112
78260000	78275000	73.61799077012631
78265000	78275000	69.63369897112216
78270000	78275000	129.528162251731
78275000	78275000	389.8423070224405
78230000	78280000	18.851802926666167
78235000	78280000	34.335717006905085
78240000	78280000	21.630024795974542
78245000	78280000	46.74602015552001
78250000	78280000	37.266550070334546
78255000	78280000	60.386139852631935
78260000	78280000	57.28741428841389
78265000	78280000	65.5098122781426
78270000	78280000	83.11354373678148
78275000	78280000	234.09815725526192
78280000	78280000	473.1500729272909
78230000	78285000	18.112119711589813
78235000	78285000	25.375765801838202
78240000	78285000	11.083377718819342
78245000	78285000	24.49737758309506
78250000	78285000	43.235420114799844
78255000	78285000	56.01620603649585
78260000	78285000	45.366008888085716
78265000	78285000	43.09365766720314
78270000	78285000	53.90881995670547
78275000	78285000	86.48688688909031
78280000	78285000	105.5544792327414
78285000	78285000	1233.8565362672007
78230000	78290000	24.618227907013843
78235000	78290000	13.558558486695738
78240000	78290000	23.376213114677597
78245000	78290000	29.85262009308217
78250000	78290000	34.95572328817461
78255000	78290000	35.44353003402754
78260000	78290000	31.518947220265126
78265000	78290000	45.923292046357474
78270000	78290000	47.75415223918298
78275000	78290000	55.51655294608501
78280000	78290000	86.26813277832468
78285000	78290000	142.59484356974602
78290000	78290000	511.2752459349086
78230000	78295000	18.208303017904232
78235000	78295000	21.193356952303205
78240000	78295000	25.070029469454212
78245000	78295000	37.88841447943504
78250000	78295000	29.464267805849875
78255000	78295000	38.058144129813584
78260000	78295000	26.930784440689372
78265000	78295000	42.62092489553824
78270000	78295000	36.58169213208252
78275000	78295000	54.95928485697639
78280000	78295000	68.29878982095221
78285000	78295000	63.22948199554499
78290000	78295000	178.6387518073966
78295000	78295000	530.6391374957291
78230000	78300000	13.296297568162727
78235000	78300000	19.87052432626291
78240000	78300000	2.0341060372335504
78245000	78300000	33.96936699421902
78250000	78300000	27.110888362647373
78255000	78300000	34.268404985206516
78260000	78300000	41.1398205390235
78265000	78300000	34.13304736722757
78270000	78300000	51.44754120659093
78275000	78300000	51.06879414461013
78280000	78300000	55.08958948182663
78285000	78300000	72.89724626135697
78290000	78300000	91.59532756145408
78295000	78300000	161.38152198070927
78300000	78300000	558.4878413177843
78230000	78305000	15.400881365815508
78235000	78305000	13.871068828636218
78240000	78305000	3.029234593195597
78245000	78305000	31.245476394136436
78250000	78305000	24.618365745863688
78255000	78305000	24.78757759483914
78260000	78305000	27.715710884859348
78265000	78305000	23.556139989917494
78270000	78305000	26.521195936962272
78275000	78305000	44.19281416988477
78280000	78305000	48.68343600831096
78285000	78305000	43.886018801682354
78290000	78305000	73.07450240654218
78295000	78305000	113.3342174419171
78300000	78305000	272.998276908698
78305000	78305000	650.2353589638454
78230000	78310000	19.99432394019567
78235000	78310000	17.479990459705565
78240000	78310000	11.011642104365942
78245000	78310000	27.04313525314573
78250000	78310000	18.614086788301897
78255000	78310000	31.802085123302664
78260000	78310000	36.05790698486088
78265000	78310000	36.95588083013244
78270000	78310000	19.281564953311335
78275000	78310000	34.37084503675626
78280000	78310000	38.01584357002011
78285000	78310000	40.302594152827474
78290000	78310000	59.50220571061163
78295000	78310000	78.89053144630923
78300000	78310000	111.56598001502776
78305000	78310000	214.797086435246
78310000	78310000	555.2454785358847
78230000	78315000	19.339570911781284
78235000	78315000	14.515431122719828
78240000	78315000	17.117750032867203
78245000	78315000	19.618166390725662
78250000	78315000	23.494925404699806
78255000	78315000	29.75361844043679
78260000	78315000	26.56083245394065
78265000	78315000	34.25109537660722
78270000	78315000	37.92937781630743
78275000	78315000	31.619175819114087
78280000	78315000	32.83119716753517
78285000	78315000	42.05734420107369
78290000	78315000	51.387223434623735
78295000	78315000	72.67343575618686
78300000	78315000	83.57472372624933
78305000	78315000	111.77732930144764
78310000	78315000	223.62250977522135
78315000	78315000	513.6716253389374
78230000	78320000	19.341944247197986
78235000	78320000	19.511133524566272
78240000	78320000	8.521881241488364
78245000	78320000	25.114334611377405
78250000	78320000	28.395246701586153
78255000	78320000	35.89184539468867
78260000	78320000	31.803630117866497
78265000	78320000	34.87812225307219
78270000	78320000	42.48611637396032
78275000	78320000	33.97219740708987
78280000	78320000	36.77545332569686
78285000	78320000	37.363108282256455
78290000	78320000	52.078776691978575
78295000	78320000	76.31647188624073
78300000	78320000	78.70830213331708
78305000	78320000	104.78230289292321
78310000	78320000	135.57337328999955
78315000	78320000	252.0087554587014
78320000	78320000	465.26971339946766
78230000	78325000	10.411127323575032
78235000	78325000	14.221724159316784
78240000	78325000	10.750889383635204
78245000	78325000	17.60184072685414
78250000	78325000	26.793983022579738
78255000	78325000	30.186547522257477
78260000	78325000	17.256894830460073
78265000	78325000	41.0675493729108
78270000	78325000	13.944431619078307
78275000	78325000	24.31663237595151
78280000	78325000	40.528570915666904
78285000	78325000	19.127616458914737
78290000	78325000	47.258364868752025
78295000	78325000	71.31706009143738
78300000	78325000	60.17907604502502
78305000	78325000	59.746652208314366
78310000	78325000	91.21831503658349
78315000	78325000	114.41545124980212
78320000	78325000	181.73654435724552
78325000	78325000	973.6332883057181
78230000	78330000	15.516292937398658
78235000	78330000	16.304185621086962
78240000	78330000	5.3408865287277285
78245000	78330000	22.298067461563928
78250000	78330000	26.04299414777329
78255000	78330000	17.99548884829954
78260000	78330000	37.29244578738491
78265000	78330000	31.695599553029677
78270000	78330000	25.977720654371744
78275000	78330000	29.898375369215692
78280000	78330000	32.585303260280625
78285000	78330000	16.289697466214214
78290000	78330000	33.49806015587103
78295000	78330000	56.68685622837742
78300000	78330000	41.854533809003634
78305000	78330000	52.31324483097996
78310000	78330000	61.50020576224951
78315000	78330000	78.27139723738469
78320000	78330000	93.9372031626739
78325000	78330000	110.60717950480995
78330000	78330000	662.3202316347266
78230000	78335000	13.86332861823346
78235000	78335000	10.968309761573295
78240000	78335000	4.491216182911857
78245000	78335000	15.441765337835061
78250000	78335000	29.929821336413045
78255000	78335000	31.346150904574117
78260000	78335000	33.52240525608597
78265000	78335000	30.329518961661694
78270000	78335000	28.398473998965848
78275000	78335000	28.18940980776076
78280000	78335000	22.05476625684755
78285000	78335000	41.094611811062414
78290000	78335000	46.2259275313013
78295000	78335000	51.24381393107953
78300000	78335000	44.62348036954793
78305000	78335000	63.64632360436785
78310000	78335000	51.71626805515023
78315000	78335000	72.28376816855167
78320000	78335000	103.34908618966409
78325000	78335000	110.72728234532181
78330000	78335000	290.4407309907048
78335000	78335000	491.2456575261029
78230000	78340000	15.212845312896272
78235000	78340000	8.525509017978168
78240000	78340000	4.654610102673616
78245000	78340000	32.00709741743151
78250000	78340000	24.209710356675515
78255000	78340000	19.043838557916306
78260000	78340000	17.931342604842353
78265000	78340000	26.67036512730307
78270000	78340000	20.375745546492276
78275000	78340000	37.90049169444614
78280000	78340000	24.935057146795792
78285000	78340000	31.94224918892792
78290000	78340000	34.43363245182932
78295000	78340000	40.757381779766
78300000	78340000	27.357331249530965
78305000	78340000	34.920966760260114
78310000	78340000	43.724476919947094
78315000	78340000	43.85180931703425
78320000	78340000	58.67117521207925
78325000	78340000	71.14848846163216
78330000	78340000	136.8214497769809
78335000	78340000	257.43514768653324
78340000	78340000	947.9627524012265
78230000	78345000	10.746085029819385
78235000	78345000	16.677052269529398
78240000	78345000	13.657573256835818
78245000	78345000	20.12471513224634
78250000	78345000	19.978935996153183
78255000	78345000	26.295763651782444
78260000	78345000	18.6341987517411
78265000	78345000	18.632447313515698
78270000	78345000	26.57181507035053
78275000	78345000	27.029662771172706
78280000	78345000	37.93716472304658
78285000	78345000	26.03473871798286
78290000	78345000	39.535546255782506
78295000	78345000	42.88344501320703
78300000	78345000	38.2247510082609
78305000	78345000	45.540099070938375
78310000	78345000	48.97340021414537
78315000	78345000	54.2082502250515
78320000	78345000	54.71534786954212
78325000	78345000	63.97610861484074
78330000	78345000	98.6927359835614
78335000	78345000	120.26794792031882
78340000	78345000	228.87733404320213
78345000	78345000	615.2518240983165
78230000	78350000	17.470665434688858
78235000	78350000	17.036036586911344
78240000	78350000	11.546119728819068
78245000	78350000	17.013444925802784
78250000	78350000	22.52027088834291
78255000	78350000	20.841049351427056
78260000	78350000	19.46003489456387
78265000	78350000	25.20300946320325
78270000	78350000	23.39981943570724
78275000	78350000	31.991247888866535
78280000	78350000	32.64481538679897
78285000	78350000	20.542463221483143
78290000	78350000	32.185469265156286
78295000	78350000	32.1687648117881
78300000	78350000	45.779901979299325
78305000	78350000	35.291322080185815
78310000	78350000	50.149069421463984
78315000	78350000	45.827683704713664
78320000	78350000	58.10253152932568
78325000	78350000	67.36957868188792
78330000	78350000	74.94998748971048
78335000	78350000	104.64752858620925
78340000	78350000	157.75227148510578
78345000	78350000	267.6009201040999
78350000	78350000	545.1938245469678
78230000	78355000	10.201317336510794
78235000	78355000	15.925852815243363
78240000	78355000	8.026081790491899
78245000	78355000	18.725444641964355
78250000	78355000	22.829580816861395
78255000	78355000	30.90621530541895
78260000	78355000	24.15589383179649
78265000	78355000	27.92158865793882
78270000	78355000	32.20662532416125
78275000	78355000	34.03798862953666
78280000	78355000	38.218894328407316
78285000	78355000	29.069453481134225
78290000	78355000	35.49588224227856
78295000	78355000	40.463757747258626
78300000	78355000	52.78889483319048
78305000	78355000	44.325118447786366
78310000	78355000	40.73784144651503
78315000	78355000	46.2091489850922
78320000	78355000	49.99603225541068
78325000	78355000	51.44789495107896
78330000	78355000	64.87944933187046
78335000	78355000	85.55673019960061
78340000	78355000	93.80960243079763
78345000	78355000	127.57320127519091
78350000	78355000	200.29369754221412
78355000	78355000	524.0537749334005
78230000	78360000	11.188527087363806
78235000	78360000	19.305677701027797
78240000	78360000	14.59409584342786
78245000	78360000	19.911759655553354
78250000	78360000	24.775295648030053
78255000	78360000	32.78205938143908
78260000	78360000	21.083269608293385
78265000	78360000	31.85616850401633
78270000	78360000	24.450293104209646
78275000	78360000	26.957589724603235
78280000	78360000	42.468987951486326
78285000	78360000	29.674649805002257
78290000	78360000	38.59562694561096
78295000	78360000	38.72453610508685
78300000	78360000	49.468906335244874
78305000	78360000	37.17301778838908
78310000	78360000	47.66351205826115
78315000	78360000	38.19257168720847
78320000	78360000	53.713833936784454
78325000	78360000	51.9719147772102
78330000	78360000	60.77371005378072
78335000	78360000	71.14666235134598
78340000	78360000	64.38833865562997
78345000	78360000	89.38552152423598
78350000	78360000	121.50760594831208
78355000	78360000	252.496240465416
78360000	78360000	425.1133793881095
78230000	78365000	12.03114056817702
78235000	78365000	11.7105423425119
78240000	78365000	15.6931843831375
78245000	78365000	31.68875962918199
78250000	78365000	22.10647401813083
78255000	78365000	30.2150506332655
78260000	78365000	33.58675706303921
78265000	78365000	32.82796922084303
78270000	78365000	32.228482418531115
78275000	78365000	23.663493120463766
78280000	78365000	38.92103551113282
78285000	78365000	25.26165764204209
78290000	78365000	34.2113410652594
78295000	78365000	40.252869976287094
78300000	78365000	35.62563012010768
78305000	78365000	41.426082816325504
78310000	78365000	39.628665932891025
78315000	78365000	47.457364419690514
78320000	78365000	42.42478835271342
78325000	78365000	48.14789129610981
78330000	78365000	57.02160899755845
78335000	78365000	67.34573283823299
78340000	78365000	58.070124492126254
78345000	78365000	75.36461420950405
78350000	78365000	90.95302296315847
78355000	78365000	130.46048428254792
78360000	78365000	248.60030001953967
78365000	78365000	516.2378380473971
78230000	78370000	21.253597050481513
78235000	78370000	15.007655654500327
78240000	78370000	16.387241038529837
78245000	78370000	25.296790889586703
78250000	78370000	21.308463562820826
78255000	78370000	32.11477764227493
78260000	78370000	33.819608056187356
78265000	78370000	29.702097097736342
78270000	78370000	25.05060239266588
78275000	78370000	25.41605108854225
78280000	78370000	25.778882131195175
78285000	78370000	33.915722942028935
78290000	78370000	43.67244342938984
78295000	78370000	36.64956659771414
78300000	78370000	36.036418157036586
78305000	78370000	31.223977510916825
78310000	78370000	43.273025218226216
78315000	78370000	29.407001759032013
78320000	78370000	37.05736930667805
78325000	78370000	38.09275802707238
78330000	78370000	52.470901990559085
78335000	78370000	41.230078301965925
78340000	78370000	71.96641760319237
78345000	78370000	64.52236830459603
78350000	78370000	53.92738958745236
78355000	78370000	87.89979001895307
78360000	78370000	107.07643049563838
78365000	78370000	164.5665360310434
78370000	78370000	620.601722117179
78230000	78375000	19.064981088328988
78235000	78375000	15.35868739386116
78240000	78375000	21.87461938147197
78245000	78375000	25.786161298199954
78250000	78375000	24.888278193177527
78255000	78375000	25.269927991342914
78260000	78375000	21.067355043035427
78265000	78375000	34.020580481522614
78270000	78375000	25.53521024598665
78275000	78375000	37.849572258150616
78280000	78375000	29.29594919390272
78285000	78375000	33.35878135550346
78290000	78375000	40.10394133786618
78295000	78375000	37.14749294172675
78300000	78375000	36.73354834858694
78305000	78375000	35.557855233940835
78310000	78375000	39.771445562217636
78315000	78375000	32.05754351481505
78320000	78375000	35.90885489949028
78325000	78375000	45.30127984393295
78330000	78375000	35.36503357081245
78335000	78375000	42.58067646623055
78340000	78375000	47.6321590590833
78345000	78375000	52.753472962477815
78350000	78375000	49.231353370359614
78355000	78375000	68.24330886590697
78360000	78375000	87.36264178312827
78365000	78375000	115.45939872578784
78370000	78375000	230.40590066433288
78375000	78375000	605.7122752633077
78230000	78380000	13.691257027486467
78235000	78380000	20.402640519749202
78240000	78380000	11.995933532022311
78245000	78380000	25.251792596513027
78250000	78380000	30.082648808210305
78255000	78380000	34.64476012779213
78260000	78380000	48.68862792433895
78265000	78380000	34.36763985431579
78270000	78380000	34.174924098384345
78275000	78380000	28.489339817409437
78280000	78380000	34.171604277052786
78285000	78380000	30.054085866234377
78290000	78380000	37.4814703226953
78295000	78380000	34.10407729449428
78300000	78380000	38.370470465634476
78305000	78380000	34.999556093931346
78310000	78380000	36.35077477362581
78315000	78380000	42.60507404378258
78320000	78380000	37.67647800143486
78325000	78380000	29.57499851042054
78330000	78380000	41.5585933511344
78335000	78380000	36.00612837648263
78340000	78380000	38.41359033868512
78345000	78380000	42.40166670435928
78350000	78380000	52.6352080479792
78355000	78380000	50.15139334848454
78360000	78380000	64.61821211816753
78365000	78380000	74.00731044285719
78370000	78380000	111.50458343513974
78375000	78380000	217.66394911223145
78380000	78380000	464.29027578312946
78230000	78385000	18.420225741397143
78235000	78385000	26.04204705718559
78240000	78385000	25.36181442700847
78245000	78385000	27.179022003247294
78250000	78385000	47.21875020725001
78255000	78385000	38.28767439916004
78260000	78385000	35.528520877117344
78265000	78385000	33.970954840542625
78270000	78385000	24.671639321638473
78275000	78385000	40.67628426106065
78280000	78385000	28.13364784665836
78285000	78385000	26.370512519617495
78290000	78385000	45.236517736362245
78295000	78385000	37.31869944304182
78300000	78385000	32.26478430548994
78305000	78385000	31.712612479855338
78310000	78385000	39.125084036366225
78315000	78385000	31.979024617960217
78320000	78385000	25.68291154400133
78325000	78385000	38.65335796658113
78330000	78385000	35.580972895209406
78335000	78385000	39.8939615264658
78340000	78385000	29.532381938783924
78345000	78385000	39.716425129136
78350000	78385000	40.90202237637282
78355000	78385000	49.65047017649471
78360000	78385000	51.44223838686107
78365000	78385000	61.95434411538802
78370000	78385000	85.40647846008045
78375000	78385000	107.56163031255122
78380000	78385000	293.02855865829764
78385000	78385000	422.03514802923223
78230000	78390000	13.133533072649104
78235000	78390000	21.262889361593857
78240000	78390000	21.431529111582407
78245000	78390000	30.263974037483916
78250000	78390000	38.3179398308682
78255000	78390000	47.066108709897634
78260000	78390000	44.50632964084102
78265000	78390000	33.989320562712955
78270000	78390000	29.969444889037423
78275000	78390000	31.35685958892734
78280000	78390000	28.303886858965342
78285000	78390000	23.490955815952347
78290000	78390000	30.15802601342029
78295000	78390000	43.005853978757415
78300000	78390000	36.36436737115378
78305000	78390000	44.10529310237638
78310000	78390000	30.84795574368658
78315000	78390000	35.05378222562225
78320000	78390000	37.30180137117065
78325000	78390000	31.702615216686514
78330000	78390000	35.928321567400396
78335000	78390000	40.97319896254287
78340000	78390000	29.16707902775331
78345000	78390000	33.56162564049886
78350000	78390000	45.751488701617966
78355000	78390000	41.78811169021977
78360000	78390000	54.98993687530966
78365000	78390000	71.66451144706883
78370000	78390000	66.44453035767523
78375000	78390000	89.09708434927981
78380000	78390000	127.59924048856396
78385000	78390000	209.49095092149184
78390000	78390000	433.0055654238271
78230000	78395000	16.11487219013065
78235000	78395000	28.786371620053536
78240000	78395000	16.640773180749317
78245000	78395000	45.63541517207563
78250000	78395000	51.39056701768416
78255000	78395000	63.745258148299385
78260000	78395000	47.41220105741803
78265000	78395000	39.161468030198684
78270000	78395000	29.0033659174892
78275000	78395000	32.93370490267005
78280000	78395000	37.556767215638736
78285000	78395000	40.1805176751757
78290000	78395000	46.83313709027364
78295000	78395000	42.68342630762288
78300000	78395000	41.14046979800258
78305000	78395000	32.36761706686105
78310000	78395000	34.87787111081277
78315000	78395000	34.838961150035345
78320000	78395000	34.14637182607328
78325000	78395000	28.718531034154307
78330000	78395000	32.61017445467262
78335000	78395000	40.70496282782747
78340000	78395000	31.084303799320015
78345000	78395000	40.391969479972616
78350000	78395000	44.06115171681754
78355000	78395000	41.73110460347443
78360000	78395000	47.029251340099194
78365000	78395000	48.90752610546885
78370000	78395000	59.85526980822119
78375000	78395000	69.70224541834597
78380000	78395000	76.18714940141042
78385000	78395000	99.86269569062893
78390000	78395000	158.20260031406966
78395000	78395000	444.25542906385596
78230000	78400000	23.42043388047851
78235000	78400000	30.815607159587362
78240000	78400000	21.030215923554966
78245000	78400000	56.467852714587636
78250000	78400000	64.71830288716798
78255000	78400000	68.49687724267926
78260000	78400000	61.43747786233234
78265000	78400000	38.44544510046392
78270000	78400000	43.643556906367216
78275000	78400000	29.967003382286066
78280000	78400000	42.5605468463071
78285000	78400000	36.34720880401051
78290000	78400000	46.89834397318575
78295000	78400000	40.549733142204325
78300000	78400000	34.53077067916347
78305000	78400000	33.8930702406135
78310000	78400000	28.46471870893643
78315000	78400000	29.71934270217614
78320000	78400000	34.5227022666974
78325000	78400000	29.03504072054823
78330000	78400000	27.818078329674368
78335000	78400000	35.522034132618046
78340000	78400000	33.22270900263174
78345000	78400000	21.95544798477194
78350000	78400000	28.212944135433165
78355000	78400000	27.09515502597723
78360000	78400000	34.096609278285676
78365000	78400000	37.67355477630873
78370000	78400000	41.54757107620873
78375000	78400000	38.400060421541035
78380000	78400000	46.28220660960079
78385000	78400000	55.5965264552785
78390000	78400000	78.81030813861547
78395000	78400000	149.00383990699027
78400000	78400000	406.5008552322773
78230000	78405000	26.276299304025354
78235000	78405000	27.461321688544235
78240000	78405000	7.822360651590151
78245000	78405000	36.50029620290087
78250000	78405000	50.85739769365285
78255000	78405000	53.65435238945662
78260000	78405000	32.01815293575083
78265000	78405000	34.4162792975149
78270000	78405000	29.486771821138632
78275000	78405000	37.818386361653594
78280000	78405000	29.10063081542915
78285000	78405000	31.313875091396756
78290000	78405000	30.820921522144243
78295000	78405000	24.388479876176294
78300000	78405000	24.62983396856154
78305000	78405000	29.3434240758469
78310000	78405000	21.33339456545664
78315000	78405000	23.02990074195267
78320000	78405000	17.771028438988964
78325000	78405000	11.571236402795401
78330000	78405000	20.838033651849344
78335000	78405000	18.731434585970472
78340000	78405000	15.029340905374829
78345000	78405000	20.82459610602328
78350000	78405000	19.676315813227422
78355000	78405000	23.21600170862833
78360000	78405000	18.761973657670033
78365000	78405000	22.990056027962204
78370000	78405000	37.165090531846424
78375000	78405000	28.252515644274546
78380000	78405000	29.511505581251956
78385000	78405000	37.22324813408874
78390000	78405000	50.81918199010306
78395000	78405000	64.17946368381831
78400000	78405000	145.24078377355076
78405000	78405000	382.5494981038461
78230000	78410000	20.17284007141078
78235000	78410000	15.653305709113168
78240000	78410000	17.092242759988437
78245000	78410000	24.136364159433924
78250000	78410000	35.42138551436568
78255000	78410000	26.224155020548714
78260000	78410000	41.153669970987785
78265000	78410000	23.6096988491425
78270000	78410000	33.25421765749129
78275000	78410000	26.09527397870684
78280000	78410000	27.342113137413502
78285000	78410000	17.920141177046183
78290000	78410000	24.739063871188208
78295000	78410000	23.810438067763435
78300000	78410000	23.320872734936312
78305000	78410000	19.5912520336769
78310000	78410000	21.364986679064213
78315000	78410000	23.483350719530918
78320000	78410000	11.899691171851112
78325000	78410000	23.176743939881746
78330000	78410000	18.05584403280095
78335000	78410000	17.82396545528482
78340000	78410000	10.946616361267303
78345000	78410000	15.390641688763735
78350000	78410000	12.445549893825255
78355000	78410000	24.184329410603368
78360000	78410000	18.114438824319347
78365000	78410000	25.6297975345756
78370000	78410000	18.581388730009518
78375000	78410000	27.65130061604802
78380000	78410000	27.204225972361716
78385000	78410000	25.75596552297833
78390000	78410000	31.895160935933127
78395000	78410000	46.8809818246287
78400000	78410000	69.65395490842498
78405000	78410000	173.61665719232354
78410000	78410000	430.8635786697067
78230000	78415000	11.717113292098823
78235000	78415000	13.68009963809138
78240000	78415000	28.680285788400624
78245000	78415000	29.93486867240331
78250000	78415000	28.55261406149907
78255000	78415000	31.0612014547449
78260000	78415000	25.89549757856606
78265000	78415000	22.742740903292287
78270000	78415000	30.51541127253584
78275000	78415000	21.893555045564792
78280000	78415000	25.60703436468375
78285000	78415000	17.76832627329437
78290000	78415000	24.791547881329596
78295000	78415000	17.122809405070996
78300000	78415000	15.050671372364755
78305000	78415000	26.14941525188365
78310000	78415000	18.468092028878
78315000	78415000	23.92408718715528
78320000	78415000	15.763685827116328
78325000	78415000	18.56108942181171
78330000	78415000	19.75903087390068
78335000	78415000	16.06175481369671
78340000	78415000	13.77607769496749
78345000	78415000	15.158180773520211
78350000	78415000	14.238593472473305
78355000	78415000	16.826102743492825
78360000	78415000	17.197454528865094
78365000	78415000	19.782784917328588
78370000	78415000	24.827745614531413
78375000	78415000	22.659526217000852
78380000	78415000	23.669281094869977
78385000	78415000	19.902915964399366
78390000	78415000	34.357973846150564
78395000	78415000	38.64841858090813
78400000	78415000	52.56020981989015
78405000	78415000	83.92437620450364
78410000	78415000	188.12144725078477
78415000	78415000	455.8093051328178
78230000	78420000	19.440828302369507
78235000	78420000	12.710757205493383
78240000	78420000	15.861941924187327
78245000	78420000	34.085475823842636
78250000	78420000	27.070854336389935
78255000	78420000	19.087481174957436
78260000	78420000	18.1409273084491
78265000	78420000	10.549389772389732
78270000	78420000	23.145432549035853
78275000	78420000	20.853471222310898
78280000	78420000	17.112715149324984
78285000	78420000	13.606566672245666
78290000	78420000	17.218758235555292
78295000	78420000	19.466018077795173
78300000	78420000	17.20280192158095
78305000	78420000	11.569773303851512
78310000	78420000	15.62137785827747
78315000	78420000	21.79301748337526
78320000	78420000	21.50508267825161
78325000	78420000	13.687214724454735
78330000	78420000	16.027653409203417
78335000	78420000	18.991512971150133
78340000	78420000	13.968182450489316
78345000	78420000	16.1457990287349
78350000	78420000	19.949513491680836
78355000	78420000	13.137681763300131
78360000	78420000	19.02247606549548
78365000	78420000	25.21206068007756
78370000	78420000	19.79855077554175
78375000	78420000	26.25772451960284
78380000	78420000	20.103347158808894
78385000	78420000	26.41805450434924
78390000	78420000	26.675952909234923
78395000	78420000	31.778650246262075
78400000	78420000	43.221001135910086
78405000	78420000	67.22213399949466
78410000	78420000	88.59649879406253
78415000	78420000	203.4326838530088
78420000	78420000	411.0965829035251
78230000	78425000	16.045201590580785
78235000	78425000	14.525496603422448
78240000	78425000	11.895569477564516
78245000	78425000	24.20583920216914
78250000	78425000	27.62126123607288
78255000	78425000	19.631374012039036
78260000	78425000	16.366533629851723
78265000	78425000	18.77883214194846
78270000	78425000	29.75619457562858
78275000	78425000	18.44962192587652
78280000	78425000	15.678461601268577
78285000	78425000	11.661901890659658
78290000	78425000	18.03735419039253
78295000	78425000	19.389413980110415
78300000	78425000	12.841687241861738
78305000	78425000	14.874313750496741
78310000	78425000	15.448562479062538
78315000	78425000	18.23361426541982
78320000	78425000	14.944503003108698
78325000	78425000	12.568953898553742
78330000	78425000	14.985779314407655
78335000	78425000	12.601723367159089
78340000	78425000	18.50192706940327
78345000	78425000	11.177027476890672
78350000	78425000	12.148797858496286
78355000	78425000	13.605870193231926
78360000	78425000	15.166291937056915
78365000	78425000	15.493049203847182
78370000	78425000	17.516305683353576
78375000	78425000	13.298375401924746
78380000	78425000	27.247688076128924
78385000	78425000	21.025047125660343
78390000	78425000	22.550200508073498
78395000	78425000	30.47928986348057
78400000	78425000	36.06034632562432
78405000	78425000	46.64045207669221
78410000	78425000	59.448481026191516
78415000	78425000	90.11284212960238
78420000	78425000	157.6267862327774
78425000	78425000	417.61361538312804
78230000	78430000	16.514780340740277
78235000	78430000	11.989604287832464
78240000	78430000	12.402714282703677
78245000	78430000	11.168455601861695
78250000	78430000	19.48721558690806
78255000	78430000	15.919804457468317
78260000	78430000	19.90833765945525
78265000	78430000	22.842670267713142
78270000	78430000	17.092362754771084
78275000	78430000	15.429024344213836
78280000	78430000	23.9930053437202
78285000	78430000	11.033243547746538
78290000	78430000	19.281249846862526
78295000	78430000	21.39139590601291
78300000	78430000	15.04215166383623
78305000	78430000	15.50845160852881
78310000	78430000	13.780589327640454
78315000	78430000	10.819250913522481
78320000	78430000	16.36071490766819
78325000	78430000	20.38525557887086
78330000	78430000	18.988313377052627
78335000	78430000	14.05140241840547
78340000	78430000	15.886476338727077
78345000	78430000	12.948376245575778
78350000	78430000	14.77786166535999
78355000	78430000	13.696760377856144
78360000	78430000	13.375059076114526
78365000	78430000	19.837712216539217
78370000	78430000	25.967816595875696
78375000	78430000	13.687565557320076
78380000	78430000	21.933682415351463
78385000	78430000	19.673059998302687
78390000	78430000	23.23946025870982
78395000	78430000	19.720834377895663
78400000	78430000	19.539415994290415
78405000	78430000	44.497012876580115
78410000	78430000	50.43710887340734
78415000	78430000	67.29773529178192
78420000	78430000	103.20018708526871
78425000	78430000	224.75179925483042
78430000	78430000	500.9196978039782
78230000	78435000	13.516179491752016
78235000	78435000	14.703774639477267
78240000	78435000	19.7043859965176
78245000	78435000	11.82899996177715
78250000	78435000	17.792898808665527
78255000	78435000	20.549784221096132
78260000	78435000	21.085791429702013
78265000	78435000	20.60942384976828
78270000	78435000	14.908574640022
78275000	78435000	20.79834237344473
78280000	78435000	14.986588685085938
78285000	78435000	13.355189668077696
78290000	78435000	19.71742166077028
78295000	78435000	19.17093818054208
78300000	78435000	10.416946768489431
78305000	78435000	13.688066343891695
78310000	78435000	16.5859375850613
78315000	78435000	13.178013297949509
78320000	78435000	23.10446528049277
78325000	78435000	17.272732851126538
78330000	78435000	8.044541384000377
78335000	78435000	16.23540552839264
78340000	78435000	12.619546607606912
78345000	78435000	10.971353431424156
78350000	78435000	16.811278346279796
78355000	78435000	15.111289756787917
78360000	78435000	27.843733925914535
78365000	78435000	20.485714209829574
78370000	78435000	21.156654370012948
78375000	78435000	19.76877208609336
78380000	78435000	17.036009959487046
78385000	78435000	13.891065710056377
78390000	78435000	19.77184469920426
78395000	78435000	22.55817438075612
78400000	78435000	21.117398319738278
78405000	78435000	44.772296480463964
78410000	78435000	49.558451198205724
78415000	78435000	64.79815982479988
78420000	78435000	71.07735606651109
78425000	78435000	131.05243596358892
78430000	78435000	224.17435259365416
78435000	78435000	507.8425162475733
78230000	78440000	9.214327417345169
78235000	78440000	11.320745226761563
78240000	78440000	15.61441230186352
78245000	78440000	26.842850670489923
78250000	78440000	22.841491539526462
78255000	78440000	17.38039498078228
78260000	78440000	18.797719517712306
78265000	78440000	17.574215783927954
78270000	78440000	13.290807955979709
78275000	78440000	17.217072114130573
78280000	78440000	18.58832208986656
78285000	78440000	7.441240417846674
78290000	78440000	16.322275330540023
78295000	78440000	19.162245934007558
78300000	78440000	15.295539983877674
78305000	78440000	6.508128034435369
78310000	78440000	12.420371087773946
78315000	78440000	13.791170522778492
78320000	78440000	16.020154908482326
78325000	78440000	13.473622271046306
78330000	78440000	20.797663486273766
78335000	78440000	13.267522683705472
78340000	78440000	13.75020542453341
78345000	78440000	16.505141273009894
78350000	78440000	16.53742844586675
78355000	78440000	17.243553214631724
78360000	78440000	18.725625507180435
78365000	78440000	17.79448232561838
78370000	78440000	25.14785725775379
78375000	78440000	17.623613233720345
78380000	78440000	17.028285705351024
78385000	78440000	13.622082608534331
78390000	78440000	22.302731646002872
78395000	78440000	21.227571100139592
78400000	78440000	22.591075998167124
78405000	78440000	36.237658525232355
78410000	78440000	37.86920557226232
78415000	78440000	51.99007464055744
78420000	78440000	63.897049985790524
78425000	78440000	80.32173097837224
78430000	78440000	97.70377636915953
78435000	78440000	212.84436707756197
78440000	78440000	468.0802404747253
78230000	78445000	9.75036974002543
78235000	78445000	10.43175943025138
78240000	78445000	4.8817300842498685
78245000	78445000	7.19332969705092
78250000	78445000	17.45632228712346
78255000	78445000	17.623302026264998
78260000	78445000	16.455508866451204
78265000	78445000	21.97779237307855
78270000	78445000	15.433869048100108
78275000	78445000	20.703037601362436
78280000	78445000	15.981627477919538
78285000	78445000	18.611588580943412
78290000	78445000	21.197235620629613
78295000	78445000	16.839381857584574
78300000	78445000	10.930370334515484
78305000	78445000	10.173589567012195
78310000	78445000	8.875741283052166
78315000	78445000	9.581571284061969
78320000	78445000	10.732676781347857
78325000	78445000	12.035508498322386
78330000	78445000	12.55604016688527
78335000	78445000	9.804345834686155
78340000	78445000	6.25294493670959
78345000	78445000	19.111888460283772
78350000	78445000	15.51091268750774
78355000	78445000	11.456021403637319
78360000	78445000	15.24874216408453
78365000	78445000	12.883461203135031
78370000	78445000	18.08326900810587
78375000	78445000	13.223740414125317
78380000	78445000	14.38855974920547
78385000	78445000	18.584042167653262
78390000	78445000	21.593135916030498
78395000	78445000	19.560630556523776
78400000	78445000	19.776210142950042
78405000	78445000	28.24148991635464
78410000	78445000	37.312445512406555
78415000	78445000	54.18103620096228
78420000	78445000	48.61054987351939
78425000	78445000	73.05307019382302
78430000	78445000	73.58895896636369
78435000	78445000	92.64718907818579
78440000	78445000	203.86250201921717
78445000	78445000	563.9927365739413
78230000	78450000	12.103104897535124
78235000	78450000	15.261217583636238
78240000	78450000	7.141762182923039
78245000	78450000	11.692814981822062
78250000	78450000	13.929737674390122
78255000	78450000	12.604600122861324
78260000	78450000	13.756402972478957
78265000	78450000	21.435046418016704
78270000	78450000	10.42111840253565
78275000	78450000	18.57643021147663
78280000	78450000	16.295456099127094
78285000	78450000	18.151971698223388
78290000	78450000	18.37668059542992
78295000	78450000	15.791855742762047
78300000	78450000	20.654607662553637
78305000	78450000	10.914585823518337
78310000	78450000	16.591726748680323
78315000	78450000	18.68990494996066
78320000	78450000	15.352525749736461
78325000	78450000	12.912118143685136
78330000	78450000	20.118373136469806
78335000	78450000	10.297781376353257
78340000	78450000	16.77094984811113
78345000	78450000	13.420739932207521
78350000	78450000	13.236884161239606
78355000	78450000	14.459322286506902
78360000	78450000	23.370555124173627
78365000	78450000	15.992201992584198
78370000	78450000	13.035821060863318
78375000	78450000	16.47972682316248
78380000	78450000	15.155889915934171
78385000	78450000	15.104254624241424
78390000	78450000	17.988655297432594
78395000	78450000	26.345225233753975
78400000	78450000	15.613959803999883
78405000	78450000	28.18462025558306
78410000	78450000	39.890142559530275
78415000	78450000	34.64153843597461
78420000	78450000	40.91556806067941
78425000	78450000	58.446453590865126
78430000	78450000	77.86548559629472
78435000	78450000	83.18787939839521
78440000	78450000	128.5030336713547
78445000	78450000	254.24507841460266
78450000	78450000	571.5704548455446
78230000	78455000	8.526778852126283
78235000	78455000	13.6188277888408
78240000	78455000	14.088073790871873
78245000	78455000	10.379533262304014
78250000	78455000	19.84540738322441
78255000	78455000	19.213281524287005
78260000	78455000	13.568165335766764
78265000	78455000	17.29778482230457
78270000	78455000	20.557039184164765
78275000	78455000	23.101951085092796
78280000	78455000	14.67486845898581
78285000	78455000	7.161434676328668
78290000	78455000	15.104350627376634
78295000	78455000	16.821826964028126
78300000	78455000	12.486050720221531
78305000	78455000	12.722549962405822
78310000	78455000	17.076199897212028
78315000	78455000	14.747327246993805
78320000	78455000	9.636102857143145
78325000	78455000	15.050966739346828
78330000	78455000	12.941139524265607
78335000	78455000	13.058833197989083
78340000	78455000	21.052770128219738
78345000	78455000	16.91406632781518
78350000	78455000	15.54256599024844
78355000	78455000	22.04044769632799
78360000	78455000	16.764189753425825
78365000	78455000	12.956697189630258
78370000	78455000	15.126404242455996
78375000	78455000	19.787751211037218
78380000	78455000	16.60944689631063
78385000	78455000	22.346360210429726
78390000	78455000	19.473481155202727
78395000	78455000	22.848639005352357
78400000	78455000	20.382755336836418
78405000	78455000	32.85330704903484
78410000	78455000	29.680787941116613
78415000	78455000	46.90794592645
78420000	78455000	49.96419287347904
78425000	78455000	47.76440317325197
78430000	78455000	63.44348031665298
78435000	78455000	70.73238498385716
78440000	78455000	104.04411131514742
78445000	78455000	146.67450010843652
78450000	78455000	289.95018141796396
78455000	78455000	534.0364883991303
78230000	78460000	10.320542981059955
78235000	78460000	12.39383284967389
78240000	78460000	12.179827274632096
78245000	78460000	19.94136225557342
78250000	78460000	27.71567580395509
78255000	78460000	18.565033519303263
78260000	78460000	20.528096827413
78265000	78460000	21.60134757683488
78270000	78460000	12.835740331188704
78275000	78460000	15.151752047589117
78280000	78460000	18.124485571639372
78285000	78460000	9.287114621669566
78290000	78460000	21.54643951841098
78295000	78460000	14.543290296957727
78300000	78460000	12.499242282537347
78305000	78460000	7.614875969217879
78310000	78460000	9.842138740542053
78315000	78460000	14.343507065575357
78320000	78460000	11.901258787378188
78325000	78460000	8.007566287199925
78330000	78460000	11.934129740828768
78335000	78460000	17.562219976438755
78340000	78460000	7.800491626178357
78345000	78460000	17.166172376501137
78350000	78460000	17.199752651013362
78355000	78460000	16.813272867310854
78360000	78460000	14.493460115759891
78365000	78460000	15.097939425255609
78370000	78460000	17.654644736196065
78375000	78460000	15.885513932155051
78380000	78460000	19.624892398154763
78385000	78460000	13.523663215709979
78390000	78460000	23.195956312606274
78395000	78460000	18.97910601987959
78400000	78460000	21.929458935524195
78405000	78460000	31.134372451731085
78410000	78460000	35.208578705091696
78415000	78460000	39.05220059415
78420000	78460000	52.61110101238905
78425000	78460000	61.70466047280174
78430000	78460000	73.32576902726504
78435000	78460000	65.43221037437111
78440000	78460000	91.58668804170554
78445000	78460000	105.67271908097166
78450000	78460000	124.34065560403762
78455000	78460000	190.18916951312846
78460000	78460000	563.0235287545402
78230000	78465000	20.618807763599428
78235000	78465000	9.685886181207447
78240000	78465000	15.029429995727785
78245000	78465000	17.224802199343944
78250000	78465000	18.45717460437024
78255000	78465000	19.693292999699803
78260000	78465000	19.299708780769787
78265000	78465000	15.036276357912492
78270000	78465000	14.620431717595682
78275000	78465000	12.46444587306319
78280000	78465000	17.89192447251747
78285000	78465000	17.826566857000795
78290000	78465000	12.353770587241762
78295000	78465000	13.736330266192658
78300000	78465000	14.4888134516645
78305000	78465000	17.400849649138678
78310000	78465000	16.193085158911977
78315000	78465000	16.60677514930498
78320000	78465000	14.196164475928395
78325000	78465000	15.64495354000461
78330000	78465000	16.567029965807038
78335000	78465000	12.38348106276203
78340000	78465000	17.11200224720387
78345000	78465000	14.644611594289639
78350000	78465000	14.149214247651528
78355000	78465000	17.519621713110464
78360000	78465000	17.139180574853818
78365000	78465000	14.423431850703384
78370000	78465000	16.137141033174743
78375000	78465000	24.62828231047208
78380000	78465000	17.719279661752097
78385000	78465000	21.190693248928866
78390000	78465000	18.774161479790653
78395000	78465000	25.49058368861616
78400000	78465000	28.348669643312714
78405000	78465000	30.105800876770434
78410000	78465000	41.72780395351895
78415000	78465000	46.95327409620273
78420000	78465000	51.93603106741914
78425000	78465000	54.66543038560046
78430000	78465000	58.89585244395193
78435000	78465000	60.87000052360122
78440000	78465000	77.1368040077992
78445000	78465000	89.17403739484915
78450000	78465000	72.75005210356733
78455000	78465000	105.74357203101421
78460000	78465000	212.692541095574
78465000	78465000	547.5471360446453
78230000	78470000	13.162226512156648
78235000	78470000	16.837232021038616
78240000	78470000	12.606858529231816
78245000	78470000	17.802445977441206
78250000	78470000	20.491001580144058
78255000	78470000	23.514234436324127
78260000	78470000	21.2478228748433
78265000	78470000	14.834139071881708
78270000	78470000	16.09621922371947
78275000	78470000	16.039411949944906
78280000	78470000	12.193960820382879
78285000	78470000	14.419088736669101
78290000	78470000	13.685237921195608
78295000	78470000	13.798753676066763
78300000	78470000	15.436756838579607
78305000	78470000	11.822786386493718
78310000	78470000	19.57854303794472
78315000	78470000	14.02159819627532
78320000	78470000	18.01584029980009
78325000	78470000	14.763562592541504
78330000	78470000	16.212717554989336
78335000	78470000	17.52874791057888
78340000	78470000	15.138714435195844
78345000	78470000	9.87112641981634
78350000	78470000	12.517583324452971
78355000	78470000	16.097548560976218
78360000	78470000	18.283210450111735
78365000	78470000	17.39165171553825
78370000	78470000	17.258424571982356
78375000	78470000	17.07487117794838
78380000	78470000	17.8357623941109
78385000	78470000	14.497731865163885
78390000	78470000	20.039952905238557
78395000	78470000	21.34838536432511
78400000	78470000	29.487546378876146
78405000	78470000	42.82660499174428
78410000	78470000	40.303498672770175
78415000	78470000	37.70072103124682
78420000	78470000	45.570801154465876
78425000	78470000	62.2713573800193
78430000	78470000	49.30291573920996
78435000	78470000	49.84528989049799
78440000	78470000	56.70937804207399
78445000	78470000	68.27283039382115
78450000	78470000	67.10299615811726
78455000	78470000	78.91262595435087
78460000	78470000	99.9148788962507
78465000	78470000	144.11112302516543
78470000	78470000	471.5311724020177
78230000	78475000	12.3134348326418
78235000	78475000	7.527965948784446
78240000	78475000	3.082491580611637
78245000	78475000	15.14038250446088
78250000	78475000	28.057323109857915
78255000	78475000	18.546594199532056
78260000	78475000	28.20298092632036
78265000	78475000	13.877530871487181
78270000	78475000	26.987465205590663
78275000	78475000	19.870362710932195
78280000	78475000	17.430508420809726
78285000	78475000	14.102393400485914
78290000	78475000	13.880388773416215
78295000	78475000	13.086723046103762
78300000	78475000	16.391799244454756
78305000	78475000	16.702277568323183
78310000	78475000	16.813341154378566
78315000	78475000	13.713633189908299
78320000	78475000	17.168348642918286
78325000	78475000	18.23911751327035
78330000	78475000	12.458778862503536
78335000	78475000	14.286461010551637
78340000	78475000	7.8966472085878285
78345000	78475000	9.654320784098154
78350000	78475000	6.529414359484769
78355000	78475000	10.21231665522001
78360000	78475000	15.130622714532986
78365000	78475000	17.00966814588129
78370000	78475000	21.843886902875646
78375000	78475000	14.844306892936265
78380000	78475000	17.44402454779876
78385000	78475000	23.46920150310822
78390000	78475000	23.292519582960644
78395000	78475000	15.88018128386368
78400000	78475000	30.921122624263727
78405000	78475000	41.471265208971
78410000	78475000	47.12071218976335
78415000	78475000	51.69777372841274
78420000	78475000	55.50214155469044
78425000	78475000	56.939510058407755
78430000	78475000	60.49423877772421
78435000	78475000	44.5718921654216
78440000	78475000	47.18565067785061
78445000	78475000	60.044218655452845
78450000	78475000	53.51301690859348
78455000	78475000	57.76008153765348
78460000	78475000	79.20947653106937
78465000	78475000	107.65718632997695
78470000	78475000	241.2812260216366
78475000	78475000	626.2342973594481
78230000	78480000	21.50060139248838
78235000	78480000	14.685039033716915
78240000	78480000	11.101131513820631
78245000	78480000	29.08043668894096
78250000	78480000	25.261061192135458
78255000	78480000	24.045400723716337
78260000	78480000	16.03718045804126
78265000	78480000	24.231683818135945
78270000	78480000	23.397908407216146
78275000	78480000	23.85337790472374
78280000	78480000	17.620593432238973
78285000	78480000	14.107682382575026
78290000	78480000	27.374457717862185
78295000	78480000	17.673701998107184
78300000	78480000	25.891495024159624
78305000	78480000	10.796288427988477
78310000	78480000	17.940956644531163
78315000	78480000	17.430915859374227
78320000	78480000	7.593063940874533
78325000	78480000	10.947574763024855
78330000	78480000	16.31579095114139
78335000	78480000	10.290109698449557
78340000	78480000	14.219295801512617
78345000	78480000	17.38429479823912
78350000	78480000	15.676471585255038
78355000	78480000	11.237761367008577
78360000	78480000	21.46602166124436
78365000	78480000	15.092494283513687
78370000	78480000	19.070905541169935
78375000	78480000	12.25114615175418
78380000	78480000	27.048378509129268
78385000	78480000	26.999703940478575
78390000	78480000	15.00373508349831
78395000	78480000	26.123869749943626
78400000	78480000	36.40543120789735
78405000	78480000	49.784182382959564
78410000	78480000	52.21482580805975
78415000	78480000	50.19606952072634
78420000	78480000	56.532465470386015
78425000	78480000	54.509384480488485
78430000	78480000	49.466009588996926
78435000	78480000	55.735760590688635
78440000	78480000	43.72520587624641
78445000	78480000	37.282802726709605
78450000	78480000	52.11900497772033
78455000	78480000	58.57873353436234
78460000	78480000	56.84550111190651
78465000	78480000	68.86975690443728
78470000	78480000	113.13045548170737
78475000	78480000	119.27763569842834
78480000	78480000	585.9356367493967
78230000	78485000	14.224437823053966
78235000	78485000	18.175226304309593
78240000	78485000	12.534310750333365
78245000	78485000	33.86086865927213
78250000	78485000	24.44770019070702
78255000	78485000	29.789267463108366
78260000	78485000	24.14348521379754
78265000	78485000	25.00879090319128
78270000	78485000	22.862273532387768
78275000	78485000	22.85752591518192
78280000	78485000	17.253084508568637
78285000	78485000	15.5307882680066
78290000	78485000	24.189305724872032
78295000	78485000	18.708200432986274
78300000	78485000	15.786436163784382
78305000	78485000	14.366917462291699
78310000	78485000	14.718101221721868
78315000	78485000	20.091310198204503
78320000	78485000	18.830738451270133
78325000	78485000	18.541394254012506
78330000	78485000	20.724967799231695
78335000	78485000	17.911984170367226
78340000	78485000	16.055036552371163
78345000	78485000	12.758618289353146
78350000	78485000	13.275252577207642
78355000	78485000	11.246695734115203
78360000	78485000	18.527574251159134
78365000	78485000	19.92289498541611
78370000	78485000	15.645069753311953
78375000	78485000	20.27761946979653
78380000	78485000	22.535845362318035
78385000	78485000	18.88770713552054
78390000	78485000	23.101020793746223
78395000	78485000	24.215045091552174
78400000	78485000	47.15036719314997
78405000	78485000	69.56163742698048
78410000	78485000	62.18001781727294
78415000	78485000	49.07668516948946
78420000	78485000	56.421978078642596
78425000	78485000	56.41777141823716
78430000	78485000	53.02985728359389
78435000	78485000	51.446389704869404
78440000	78485000	41.23535518180602
78445000	78485000	42.622291463589704
78450000	78485000	47.21499686003286
78455000	78485000	41.00090042615621
78460000	78485000	49.88876334246813
78465000	78485000	61.20077616809481
78470000	78485000	61.15013295602596
78475000	78485000	90.37510515664658
78480000	78485000	240.9133929645085
78485000	78485000	452.9468634099066
78230000	78490000	11.72975583162821
78235000	78490000	14.790449018240004
78240000	78490000	18.457220098467765
78245000	78490000	19.264607883675026
78250000	78490000	29.25009051165816
78255000	78490000	24.431562487173792
78260000	78490000	26.66410798794689
78265000	78490000	23.606626606405104
78270000	78490000	25.810227430151915
78275000	78490000	20.35166507187555
78280000	78490000	13.046212858075533
78285000	78490000	24.628843322394694
78290000	78490000	22.262260201523997
78295000	78490000	22.650983203686504
78300000	78490000	10.977320694274026
78305000	78490000	20.194171688991176
78310000	78490000	13.283408425610384
78315000	78490000	20.52848641402989
78320000	78490000	16.907887007635487
78325000	78490000	10.238574386798827
78330000	78490000	11.86821029255114
78335000	78490000	12.831585183808093
78340000	78490000	5.910403636039149
78345000	78490000	15.897133118507139
78350000	78490000	15.882980256607
78355000	78490000	14.013290089395749
78360000	78490000	14.928168357195284
78365000	78490000	13.284758120535331
78370000	78490000	6.688429488957365
78375000	78490000	20.137814904162838
78380000	78490000	24.48061738840103
78385000	78490000	17.565993545723117
78390000	78490000	20.410246743473202
78395000	78490000	25.092327804382997
78400000	78490000	36.94063927774641
78405000	78490000	50.284797400268985
78410000	78490000	48.1549854506458
78415000	78490000	55.19618581672589
78420000	78490000	53.50065954912228
78425000	78490000	53.40676032291016
78430000	78490000	51.183965879592115
78435000	78490000	40.31087567012796
78440000	78490000	38.41503092421603
78445000	78490000	24.795198397854133
78450000	78490000	26.45002066929348
78455000	78490000	35.777949483042065
78460000	78490000	41.88678982104475
78465000	78490000	43.99992484151276
78470000	78490000	59.02999432214518
78475000	78490000	55.776414969301335
78480000	78490000	92.79977561088617
78485000	78490000	146.72574668553585
78490000	78490000	575.6687996053834
78230000	78495000	15.706932870751235
78235000	78495000	18.37023270636885
78240000	78495000	15.044193354886792
78245000	78495000	19.396937323491557
78250000	78495000	30.565761991001143
78255000	78495000	28.060336255217187
78260000	78495000	13.58343760823018
78265000	78495000	26.16829665524137
78270000	78495000	26.5255628908773
78275000	78495000	14.036275863943926
78280000	78495000	16.230484058258554
78285000	78495000	15.772890228627537
78290000	78495000	15.726206104794397
78295000	78495000	17.963478981296955
78300000	78495000	12.631685021118697
78305000	78495000	15.676148201351118
78310000	78495000	12.536641919488709
78315000	78495000	16.73245034995656
78320000	78495000	12.67884754084055
78325000	78495000	9.272558798228173
78330000	78495000	17.96524567966803
78335000	78495000	13.945100979457893
78340000	78495000	14.452434542953801
78345000	78495000	11.190573562685358
78350000	78495000	14.93765821456013
78355000	78495000	14.537110056542714
78360000	78495000	12.16771810715918
78365000	78495000	15.791124934262978
78370000	78495000	12.114744369904622
78375000	78495000	11.88601453464448
78380000	78495000	16.84985098873758
78385000	78495000	25.65266845078483
78390000	78495000	21.488263582265976
78395000	78495000	22.964060703867403
78400000	78495000	27.20759744595117
78405000	78495000	44.52838801181272
78410000	78495000	46.98989216631922
78415000	78495000	39.42383557911375
78420000	78495000	44.120586499403586
78425000	78495000	44.41043518138897
78430000	78495000	35.300908419992965
78435000	78495000	30.024288454782738
78440000	78495000	24.241157340950213
78445000	78495000	32.8415441270448
78450000	78495000	22.790943835790866
78455000	78495000	29.162050785152633
78460000	78495000	27.31301731123047
78465000	78495000	32.839009548687066
78470000	78495000	47.706681877020195
78475000	78495000	47.855251906498644
78480000	78495000	73.72472739883128
78485000	78495000	74.18874380401292
78490000	78495000	189.83657129698443
78495000	78495000	626.2300788853763
78230000	78500000	15.843690038031962
78235000	78500000	14.85532354927608
78240000	78500000	11.74617312000902
78245000	78500000	26.374442229103206
78250000	78500000	26.728878726331143
78255000	78500000	27.05798315111076
78260000	78500000	16.160986470909823
78265000	78500000	22.663653156434147
78270000	78500000	18.772144329673868
78275000	78500000	19.925842648305856
78280000	78500000	17.47917605358754
78285000	78500000	11.515440162373336
78290000	78500000	18.35054512546296
78295000	78500000	15.58387412150746
78300000	78500000	18.316145754427804
78305000	78500000	11.190481804599152
78310000	78500000	16.271513719598982
78315000	78500000	18.443755491916846
78320000	78500000	11.805452091929572
78325000	78500000	9.928880409350631
78330000	78500000	10.48161423479852
78335000	78500000	7.777161518007222
78340000	78500000	9.672120805827085
78345000	78500000	12.613320322640714
78350000	78500000	14.66204814289486
78355000	78500000	9.265513229859314
78360000	78500000	12.729445812969997
78365000	78500000	17.714020359320738
78370000	78500000	16.755808592222426
78375000	78500000	19.191989470269938
78380000	78500000	13.452742294761652
78385000	78500000	14.90532883516615
78390000	78500000	25.978158183294237
78395000	78500000	18.250005753963006
78400000	78500000	33.017830938674486
78405000	78500000	38.83042914229624
78410000	78500000	35.02380362665202
78415000	78500000	37.66177455172992
78420000	78500000	38.45400244241741
78425000	78500000	37.274059848435066
78430000	78500000	28.636018488795642
78435000	78500000	27.802188372717932
78440000	78500000	37.8539179920453
78445000	78500000	28.74152704778018
78450000	78500000	28.581391462819838
78455000	78500000	29.81665717052482
78460000	78500000	22.028434395627485
78465000	78500000	37.78522139188669
78470000	78500000	45.11640354159037
78475000	78500000	46.26058822550031
78480000	78500000	54.67916350659066
78485000	78500000	58.96495479955112
78490000	78500000	106.0047376574926
78495000	78500000	150.22800964874006
78500000	78500000	498.62356481314276
78230000	78505000	8.985647534337502
78235000	78505000	9.71169369789331
78240000	78505000	14.139260582161647
78245000	78505000	34.72415219082228
78250000	78505000	18.38539618791436
78255000	78505000	25.521736696528915
78260000	78505000	11.915280231566564
78265000	78505000	18.807353057718558
78270000	78505000	18.912419111312236
78275000	78505000	16.789781237817397
78280000	78505000	21.040267537191237
78285000	78505000	13.476477409257436
78290000	78505000	11.369422425043853
78295000	78505000	16.882946415750354
78300000	78505000	11.871868560328624
78305000	78505000	20.626483239135315
78310000	78505000	8.569121786407836
78315000	78505000	15.72596616483051
78320000	78505000	14.506671172670014
78325000	78505000	8.714799259674257
78330000	78505000	11.68934319992236
78335000	78505000	7.645330236906407
78340000	78505000	9.055398018756975
78345000	78505000	8.856793521756012
78350000	78505000	12.167249210412686
78355000	78505000	8.783150895929655
78360000	78505000	12.618824842084175
78365000	78505000	12.721082578737738
78370000	78505000	12.524625005858999
78375000	78505000	18.086464122969726
78380000	78505000	17.503284433526307
78385000	78505000	14.577908917814117
78390000	78505000	13.029489982447794
78395000	78505000	21.58273498998132
78400000	78505000	30.003325527192075
78405000	78505000	46.605607016639524
78410000	78505000	43.64380439534794
78415000	78505000	34.87287299269279
78420000	78505000	38.5736383675346
78425000	78505000	33.887169847459674
78430000	78505000	36.19363766203268
78435000	78505000	20.23197328131346
78440000	78505000	28.4787652261811
78445000	78505000	26.117445260556647
78450000	78505000	21.998951151068127
78455000	78505000	26.26590977938692
78460000	78505000	30.606651447854752
78465000	78505000	33.3002966221453
78470000	78505000	27.592029006495988
78475000	78505000	40.479012391851676
78480000	78505000	39.59432272831229
78485000	78505000	53.34242501113279
78490000	78505000	58.3504073950386
78495000	78505000	87.80401947397525
78500000	78505000	168.1240419501263
78505000	78505000	749.579052205937
78230000	78510000	11.850545766763284
78235000	78510000	14.559609545789096
78240000	78510000	15.061270825043472
78245000	78510000	8.630647034048119
78250000	78510000	23.66435482511575
78255000	78510000	24.76945700897833
78260000	78510000	22.966958313668332
78265000	78510000	16.437961845484082
78270000	78510000	17.09330706689593
78275000	78510000	19.58792796591391
78280000	78510000	25.400592051466965
78285000	78510000	9.57017871615723
78290000	78510000	18.5699142859504
78295000	78510000	15.319593209169078
78300000	78510000	19.67159277030823
78305000	78510000	11.508891560703573
78310000	78510000	10.649225519436156
78315000	78510000	24.96293653106426
78320000	78510000	17.660159972445495
78325000	78510000	11.139701492009047
78330000	78510000	7.378723689382421
78335000	78510000	10.08289447457817
78340000	78510000	17.684138115072358
78345000	78510000	11.006727870511329
78350000	78510000	11.9636918007755
78355000	78510000	9.009378800977153
78360000	78510000	11.201407205609334
78365000	78510000	12.647240229189212
78370000	78510000	16.17132862068981
78375000	78510000	18.13258207506689
78380000	78510000	16.573031172425107
78385000	78510000	12.741352270176357
78390000	78510000	24.982439297692302
78395000	78510000	20.116362384921104
78400000	78510000	24.211984220424842
78405000	78510000	41.87718096110838
78410000	78510000	36.896653263762175
78415000	78510000	39.004251362025
78420000	78510000	34.24082956724097
78425000	78510000	29.93403617388074
78430000	78510000	29.272327177685934
78435000	78510000	35.540714963154315
78440000	78510000	18.201506083372653
78445000	78510000	30.349683991288078
78450000	78510000	23.022371950009102
78455000	78510000	25.951248170588308
78460000	78510000	32.25192312630321
78465000	78510000	29.415625092780694
78470000	78510000	26.125585662038453
78475000	78510000	44.71560330318239
78480000	78510000	48.566576951483555
78485000	78510000	47.62127817296887
78490000	78510000	50.999296258462884
78495000	78510000	79.24039931379103
78500000	78510000	95.04955995478588
78505000	78510000	139.1808433269036
78510000	78510000	493.322063095592
78230000	78515000	20.780072517106458
78235000	78515000	15.372017096960535
78240000	78515000	11.444384023464396
78245000	78515000	15.739299586494578
78250000	78515000	28.27432969589832
78255000	78515000	29.195811406948547
78260000	78515000	20.941873538756447
78265000	78515000	28.103556980227314
78270000	78515000	25.605776199689736
78275000	78515000	13.978005849949245
78280000	78515000	16.348887853273123
78285000	78515000	22.688482347888915
78290000	78515000	20.613519338332033
78295000	78515000	19.43486043437829
78300000	78515000	14.734024258636865
78305000	78515000	9.540098603783353
78310000	78515000	21.50125119221263
78315000	78515000	11.380929351851407
78320000	78515000	14.761079625157528
78325000	78515000	11.286079221533672
78330000	78515000	11.774198327555382
78335000	78515000	14.144380013397006
78340000	78515000	14.658963502337505
78345000	78515000	15.054333707910454
78350000	78515000	17.57530052636624
78355000	78515000	10.742675736804824
78360000	78515000	10.213736183619107
78365000	78515000	13.179525218133126
78370000	78515000	13.270896514579025
78375000	78515000	15.155949223414803
78380000	78515000	26.985220480869422
78385000	78515000	9.439542439724656
78390000	78515000	26.154403590192583
78395000	78515000	22.27318820776084
78400000	78515000	30.02488420314913
78405000	78515000	38.184709349397366
78410000	78515000	35.66193390810471
78415000	78515000	35.565096968512414
78420000	78515000	31.221684337386755
78425000	78515000	47.63181826144751
78430000	78515000	25.389260495130735
78435000	78515000	32.40695385389443
78440000	78515000	23.35819115293804
78445000	78515000	22.292651211248963
78450000	78515000	38.98588783572399
78455000	78515000	34.01560148006176
78460000	78515000	25.572302089785637
78465000	78515000	31.02929925290355
78470000	78515000	33.25153134161101
78475000	78515000	35.918945549666226
78480000	78515000	34.9612702473774
78485000	78515000	40.95514978788419
78490000	78515000	47.22909421422699
78495000	78515000	52.11725667488062
78500000	78515000	83.4978705998917
78505000	78515000	107.98374796405916
78510000	78515000	207.91511928009774
78515000	78515000	411.6029531474687
78230000	78520000	23.297197792901954
78235000	78520000	20.160158490812407
78240000	78520000	11.321171988200966
78245000	78520000	23.169416392769122
78250000	78520000	22.694894330129987
78255000	78520000	23.159681141269317
78260000	78520000	19.989518459826446
78265000	78520000	23.93974110754478
78270000	78520000	21.108416993997157
78275000	78520000	21.125372345460537
78280000	78520000	16.285184778893434
78285000	78520000	17.264780449726537
78290000	78520000	23.06191833929022
78295000	78520000	19.526022014181088
78300000	78520000	12.146162866749778
78305000	78520000	15.728980673895693
78310000	78520000	16.581268683706355
78315000	78520000	17.282632315091767
78320000	78520000	17.146475198984536
78325000	78520000	9.303809600519205
78330000	78520000	17.332493243616703
78335000	78520000	13.40909525582571
78340000	78520000	18.126428499609847
78345000	78520000	10.046363436046379
78350000	78520000	10.991201315843963
78355000	78520000	18.232629613212918
78360000	78520000	11.78773574559205
78365000	78520000	10.864693650279825
78370000	78520000	10.332237930740149
78375000	78520000	14.765614593029794
78380000	78520000	22.245577800217053
78385000	78520000	23.34478710932289
78390000	78520000	15.301130802226591
78395000	78520000	21.241341542803823
78400000	78520000	37.49103006522343
78405000	78520000	42.647620550402536
78410000	78520000	39.382663945248105
78415000	78520000	40.95282254558235
78420000	78520000	46.32832017260585
78425000	78520000	33.97156844862194
78430000	78520000	31.663227095900726
78435000	78520000	26.71504625044389
78440000	78520000	21.78922516624083
78445000	78520000	27.24895793710724
78450000	78520000	19.159470337036897
78455000	78520000	23.77402142713082
78460000	78520000	22.661883892247165
78465000	78520000	32.51613659457594
78470000	78520000	26.593036178316996
78475000	78520000	29.610197118579052
78480000	78520000	37.46694436622988
78485000	78520000	39.04985080959686
78490000	78520000	40.1318132157222
78495000	78520000	42.96346175555076
78500000	78520000	60.99076328121324
78505000	78520000	84.42910974293136
78510000	78520000	106.22717874277166
78515000	78520000	171.14041518543306
78520000	78520000	488.39698186693624
78230000	78525000	19.438931691811927
78235000	78525000	19.142089122392044
78240000	78525000	13.764556623279027
78245000	78525000	25.540746259051037
78250000	78525000	28.338762145004182
78255000	78525000	24.66134631187822
78260000	78525000	28.722605807537185
78265000	78525000	21.90813354099456
78270000	78525000	19.34108156671321
78275000	78525000	24.387532991114384
78280000	78525000	18.206826914586443
78285000	78525000	17.492450453040146
78290000	78525000	25.579659346003925
78295000	78525000	17.450071174010546
78300000	78525000	17.97794858762939
78305000	78525000	17.84876592123828
78310000	78525000	12.976493981071384
78315000	78525000	12.807707597001249
78320000	78525000	14.346392869537077
78325000	78525000	13.574157960891885
78330000	78525000	14.610798735909896
78335000	78525000	17.011935216120367
78340000	78525000	16.651351327514483
78345000	78525000	15.328142228591528
78350000	78525000	8.908913495732776
78355000	78525000	11.822760068252077
78360000	78525000	13.30811504506901
78365000	78525000	20.181270912598347
78370000	78525000	11.330599598473542
78375000	78525000	16.57144045796628
78380000	78525000	15.146160549274589
78385000	78525000	18.92210714341608
78390000	78525000	21.985939747631885
78395000	78525000	25.971648504924357
78400000	78525000	35.698921671681894
78405000	78525000	52.67506358974815
78410000	78525000	40.014401641817415
78415000	78525000	45.64215244522849
78420000	78525000	38.385875530311964
78425000	78525000	32.54212021747079
78430000	78525000	35.66946504606523
78435000	78525000	30.40756105990219
78440000	78525000	23.000693871621014
78445000	78525000	21.57298854308721
78450000	78525000	25.54886200610024
78455000	78525000	22.72874488226592
78460000	78525000	27.339282209860514
78465000	78525000	34.78984148793468
78470000	78525000	33.82472847499069
78475000	78525000	33.081815108458024
78480000	78525000	31.147503209798774
78485000	78525000	50.77482629114973
78490000	78525000	46.12295930160302
78495000	78525000	54.214660391040404
78500000	78525000	66.03242075114277
78505000	78525000	47.60624595632662
78510000	78525000	77.65062527077646
78515000	78525000	89.58857262206604
78520000	78525000	169.5451097166576
78525000	78525000	466.9865632048618
78230000	78530000	12.923986188075018
78235000	78530000	23.539092472009475
78240000	78530000	8.897169447346794
78245000	78530000	33.50374783615145
78250000	78530000	35.67127513922406
78255000	78530000	34.61741286026448
78260000	78530000	26.42054969883815
78265000	78530000	28.52437171279479
78270000	78530000	18.031352822122514
78275000	78530000	23.645514275891216
78280000	78530000	18.535506448258225
78285000	78530000	30.52840058504846
78290000	78530000	18.601026612411314
78295000	78530000	23.214623946103885
78300000	78530000	14.11076811116396
78305000	78530000	24.104363271692133
78310000	78530000	9.436251930204534
78315000	78530000	23.2837844547977
78320000	78530000	14.779255342197471
78325000	78530000	13.161148606725263
78330000	78530000	14.166248394948628
78335000	78530000	14.20344871377526
78340000	78530000	8.54720196836473
78345000	78530000	13.004045151613711
78350000	78530000	11.386256245167775
78355000	78530000	15.147587259935301
78360000	78530000	17.204267136438652
78365000	78530000	17.788393231430597
78370000	78530000	20.061123025841397
78375000	78530000	16.067235339617593
78380000	78530000	21.328680804930077
78385000	78530000	20.698480327164795
78390000	78530000	21.863581811833352
78395000	78530000	30.27430499180984
78400000	78530000	50.91791645034348
78405000	78530000	61.047435393253615
78410000	78530000	54.92597307700289
78415000	78530000	38.036012404609394
78420000	78530000	40.45428386705685
78425000	78530000	36.40614094080519
78430000	78530000	37.114730382705204
78435000	78530000	24.121944059734727
78440000	78530000	30.66369807907963
78445000	78530000	34.86100929486275
78450000	78530000	29.142951201295116
78455000	78530000	25.3906831559438
78460000	78530000	27.33581104317028
78465000	78530000	29.64267566410735
78470000	78530000	32.15252180665768
78475000	78530000	36.47774992959248
78480000	78530000	45.299706949079784
78485000	78530000	40.279044972566496
78490000	78530000	43.77814967996284
78495000	78530000	41.82188144854914
78500000	78530000	46.904776794442164
78505000	78530000	38.9456194654167
78510000	78530000	66.58123843408207
78515000	78530000	63.04553517547489
78520000	78530000	90.08534462067685
78525000	78530000	122.32181976353388
78530000	78530000	351.5643978708503
78230000	78535000	11.031847688505508
78235000	78535000	17.61988160687586
78240000	78535000	15.189155539723455
78245000	78535000	20.88943092222468
78250000	78535000	33.57599142114823
78255000	78535000	23.395690384033298
78260000	78535000	21.94291889007325
78265000	78535000	26.10961919154941
78270000	78535000	25.118878062262315
78275000	78535000	12.367877237413932
78280000	78535000	15.369760544878115
78285000	78535000	16.21441712204051
78290000	78535000	25.404383997537973
78295000	78535000	12.091047127842755
78300000	78535000	14.453854311340846
78305000	78535000	8.86323185957797
78310000	78535000	14.728659722621243
78315000	78535000	10.334957279376455
78320000	78535000	16.029100586164436
78325000	78535000	13.481145961218834
78330000	78535000	11.162064254529618
78335000	78535000	14.07947257772597
78340000	78535000	11.673355747148292
78345000	78535000	13.32022272627501
78350000	78535000	16.891385115045647
78355000	78535000	9.22565984067198
78360000	78535000	16.266985856113834
78365000	78535000	13.847881281342636
78370000	78535000	12.720738261360193
78375000	78535000	14.629236147432335
78380000	78535000	12.177162310166585
78385000	78535000	25.056600345956486
78390000	78535000	20.715530647380522
78395000	78535000	27.822404162976916
78400000	78535000	47.467750864157104
78405000	78535000	58.03598441879504
78410000	78535000	32.149389398806676
78415000	78535000	38.211565499027884
78420000	78535000	33.979062157048226
78425000	78535000	28.41242824465831
78430000	78535000	25.920770458137582
78435000	78535000	32.94458646985352
78440000	78535000	25.290563872926572
78445000	78535000	15.303691039092612
78450000	78535000	28.85647579891002
78455000	78535000	21.59156941873202
78460000	78535000	18.66696540720698
78465000	78535000	23.732313695044308
78470000	78535000	23.712675372287723
78475000	78535000	33.49935226842486
78480000	78535000	30.93407622841894
78485000	78535000	33.39964181355823
78490000	78535000	28.930685325967257
78495000	78535000	33.01333300766764
78500000	78535000	32.263936315422825
78505000	78535000	41.37003622769544
78510000	78535000	47.2154403018336
78515000	78535000	45.92242548904996
78520000	78535000	49.686894081582984
78525000	78535000	77.99032150189007
78530000	78535000	132.02050133360478
78535000	78535000	708.5312124908847
78230000	78540000	20.986829863543917
78235000	78540000	18.29541380710212
78240000	78540000	12.842503594397776
78245000	78540000	16.821060638702725
78250000	78540000	26.440419743887173
78255000	78540000	19.57511418888074
78260000	78540000	21.644983245475483
78265000	78540000	21.900602974661492
78270000	78540000	24.986036987196808
78275000	78540000	21.059436105462414
78280000	78540000	17.836557240252446
78285000	78540000	22.848945269569313
78290000	78540000	22.718731614363197
78295000	78540000	10.79098468959911
78300000	78540000	17.37270999347385
78305000	78540000	13.381973022619324
78310000	78540000	10.377626817026508
78315000	78540000	14.003615013063383
78320000	78540000	15.68597354753736
78325000	78540000	8.443239506354148
78330000	78540000	12.583438224269266
78335000	78540000	14.549652757570762
78340000	78540000	13.708163984108618
78345000	78540000	8.714884262048958
78350000	78540000	14.168399637802946
78355000	78540000	8.864022139367838
78360000	78540000	13.849326876764854
78365000	78540000	10.270569999375851
78370000	78540000	13.789032037859068
78375000	78540000	11.596021005456246
78380000	78540000	13.626858871546595
78385000	78540000	17.65456277697458
78390000	78540000	16.962802854971887
78395000	78540000	23.278934263515126
78400000	78540000	26.83872080831758
78405000	78540000	32.25238640085894
78410000	78540000	31.46118330023101
78415000	78540000	25.86756536702276
78420000	78540000	22.773351988850116
78425000	78540000	23.522367943772142
78430000	78540000	21.91613529189341
78435000	78540000	28.370635022723718
78440000	78540000	13.795672653214085
78445000	78540000	20.127868298928153
78450000	78540000	20.33190682216061
78455000	78540000	25.58574544005631
78460000	78540000	22.12012548901518
78465000	78540000	22.623188565331493
78470000	78540000	27.846083812245915
78475000	78540000	19.064138173251635
78480000	78540000	26.154909278128176
78485000	78540000	27.685839963477854
78490000	78540000	25.81997895725863
78495000	78540000	24.922259661860654
78500000	78540000	35.087521302758496
78505000	78540000	33.312917455832874
78510000	78540000	41.39943153337293
78515000	78540000	47.86044695277969
78520000	78540000	50.568202134283254
78525000	78540000	54.500573312135586
78530000	78540000	86.46926848680543
78535000	78540000	131.51550079548903
78540000	78540000	542.7471857893117
78230000	78545000	16.431563227158946
78235000	78545000	10.129346703423947
78240000	78545000	9.049492946794974
78245000	78545000	14.81623778500965
78250000	78545000	15.689506266116764
78255000	78545000	18.87550593049021
78260000	78545000	17.431058117615176
78265000	78545000	13.580422898839286
78270000	78545000	14.67204608392655
78275000	78545000	11.257604085390097
78280000	78545000	13.4663161181645
78285000	78545000	6.900235641265597
78290000	78545000	21.345059395219746
78295000	78545000	12.006136594912892
78300000	78545000	18.573630368583345
78305000	78545000	7.543704829343156
78310000	78545000	10.054843083587933
78315000	78545000	12.63062037548556
78320000	78545000	11.495275058808085
78325000	78545000	8.924315551001662
78330000	78545000	7.75857431476997
78335000	78545000	16.776717764659104
78340000	78545000	5.795689245910635
78345000	78545000	10.392391578125304
78350000	78545000	9.584436428717648
78355000	78545000	9.160871763558527
78360000	78545000	8.076374697369333
78365000	78545000	11.579480600273
78370000	78545000	18.461285198777112
78375000	78545000	18.158126174702033
78380000	78545000	14.936740442827936
78385000	78545000	15.311161832355968
78390000	78545000	13.34273763597
78395000	78545000	16.115760892705836
78400000	78545000	27.349592474274168
78405000	78545000	30.843380348165482
78410000	78545000	28.376548659620394
78415000	78545000	31.247358579131912
78420000	78545000	35.38631611689712
78425000	78545000	25.391609328997127
78430000	78545000	22.306907456283025
78435000	78545000	16.356614982880767
78440000	78545000	23.492767604093324
78445000	78545000	17.222381995220015
78450000	78545000	15.809008795776432
78455000	78545000	15.592684044281965
78460000	78545000	15.165715794774517
78465000	78545000	13.169040407830387
78470000	78545000	21.583971608244475
78475000	78545000	24.308380673165587
78480000	78545000	13.82257742600903
78485000	78545000	33.16508963986559
78490000	78545000	32.55785240270095
78495000	78545000	35.12302899048194
78500000	78545000	41.78786053308263
78505000	78545000	23.474006398972655
78510000	78545000	39.59081964079568
78515000	78545000	33.249949593655245
78520000	78545000	41.50654040565445
78525000	78545000	42.52996729923581
78530000	78545000	62.161647185452004
78535000	78545000	86.99879645798451
78540000	78545000	165.2387567203435
78545000	78545000	638.518810761742
78230000	78550000	7.654608478951355
78235000	78550000	17.695254117874576
78240000	78550000	5.269608594379936
78245000	78550000	20.70633776118882
78250000	78550000	15.417259106291187
78255000	78550000	18.389445027825325
78260000	78550000	17.762983501958825
78265000	78550000	23.724040775693293
78270000	78550000	7.689308841501721
78275000	78550000	12.514880109103297
78280000	78550000	17.251449804964828
78285000	78550000	6.027112444681994
78290000	78550000	11.01700156225337
78295000	78550000	11.186065952260403
78300000	78550000	16.223410990190445
78305000	78550000	9.883740125634878
78310000	78550000	12.774619308993463
78315000	78550000	13.100976645310148
78320000	78550000	6.95126582153711
78325000	78550000	11.692612277479933
78330000	78550000	10.649321571918241
78335000	78550000	7.326935606053338
78340000	78550000	6.749773504475224
78345000	78550000	8.252170435237623
78350000	78550000	7.6740282247582865
78355000	78550000	12.366261100911325
78360000	78550000	12.345249743619986
78365000	78550000	11.378551351626863
78370000	78550000	11.881786329405234
78375000	78550000	7.930241366335388
78380000	78550000	14.910532482203125
78385000	78550000	11.702039824067656
78390000	78550000	13.596812476873682
78395000	78550000	16.590218108356513
78400000	78550000	19.31443329629048
78405000	78550000	30.485421236513282
78410000	78550000	22.462234874998252
78415000	78550000	27.293465549124942
78420000	78550000	25.158243345510837
78425000	78550000	20.330452198411685
78430000	78550000	28.477049234420733
78435000	78550000	19.842953125364236
78440000	78550000	14.859385550582772
78445000	78550000	15.92803397419273
78450000	78550000	19.84987911925142
78455000	78550000	15.322116961219507
78460000	78550000	16.92636165293421
78465000	78550000	19.372955439837682
78470000	78550000	19.9954341162482
78475000	78550000	21.232513102760034
78480000	78550000	16.09804510127313
78485000	78550000	23.28843089205101
78490000	78550000	26.765304169160192
78495000	78550000	25.906480534872042
78500000	78550000	28.591840736618217
78505000	78550000	23.06668118022761
78510000	78550000	21.840748100514443
78515000	78550000	29.872448397352912
78520000	78550000	29.414027497454736
78525000	78550000	38.811788672997544
78530000	78550000	58.05909576553954
78535000	78550000	59.470732211903176
78540000	78550000	90.78836773216776
78545000	78550000	259.17746511163165
78550000	78550000	630.4319274844885
78230000	78555000	14.052411697295577
78235000	78555000	15.187855699805125
78240000	78555000	19.34800706148684
78245000	78555000	13.576041141173006
78250000	78555000	10.782159360100712
78255000	78555000	9.312976237693405
78260000	78555000	21.29598310293022
78265000	78555000	15.837398727372621
78270000	78555000	14.788310944112437
78275000	78555000	14.066295963312779
78280000	78555000	8.22607665513261
78285000	78555000	6.3226498054984495
78290000	78555000	13.335249691242229
78295000	78555000	6.600696076462466
78300000	78555000	6.962285577711744
78305000	78555000	9.216343006557786
78310000	78555000	10.050763740179297
78315000	78555000	9.403364219698561
78320000	78555000	12.153531202516158
78325000	78555000	16.354607267411602
78330000	78555000	10.15591577126991
78335000	78555000	9.394255863846434
78340000	78555000	5.310559724111873
78345000	78555000	12.98521911018904
78350000	78555000	12.441405997191865
78355000	78555000	6.867866334475242
78360000	78555000	9.867119822995681
78365000	78555000	14.589049024640806
78370000	78555000	6.232202793136366
78375000	78555000	12.478646987080161
78380000	78555000	11.731248939323637
78385000	78555000	14.029537455556374
78390000	78555000	11.716468971790187
78395000	78555000	15.294172626649193
78400000	78555000	15.46273117081562
78405000	78555000	23.05553862607592
78410000	78555000	24.37620283807425
78415000	78555000	19.769570067372364
78420000	78555000	18.097281634911937
78425000	78555000	18.742215651988825
78430000	78555000	22.011987370491052
78435000	78555000	23.31385887595546
78440000	78555000	15.588010348822309
78445000	78555000	16.70905957591039
78450000	78555000	18.10714002830164
78455000	78555000	15.180463209050918
78460000	78555000	13.1242512340436
78465000	78555000	16.512357522797497
78470000	78555000	16.780722614525466
78475000	78555000	14.067563363476815
78480000	78555000	14.072839282858293
78485000	78555000	19.067606629962626
78490000	78555000	21.058298657000137
78495000	78555000	26.46161695381974
78500000	78555000	27.441165167703733
78505000	78555000	16.131831908588843
78510000	78555000	29.59428120921451
78515000	78555000	31.33723350655876
78520000	78555000	31.573923262456383
78525000	78555000	29.08207944359077
78530000	78555000	39.47611326119821
78535000	78555000	47.36780024967678
78540000	78555000	72.4476307100549
78545000	78555000	64.2431390141725
78550000	78555000	179.36476338179764
78555000	78555000	631.7545872896102
78230000	78560000	12.878043705819737
78235000	78560000	12.372087120891575
78240000	78560000	15.198071289456339
78245000	78560000	19.07694168320178
78250000	78560000	20.860075100727265
78255000	78560000	14.224475912481951
78260000	78560000	13.010843835473175
78265000	78560000	24.189763934121252
78270000	78560000	15.605843957142731
78275000	78560000	17.18769020783337
78280000	78560000	13.569513799734166
78285000	78560000	9.013297045063293
78290000	78560000	9.233504919121465
78295000	78560000	13.442382606645495
78300000	78560000	6.144130715338923
78305000	78560000	8.446128010120793
78310000	78560000	9.21081573121055
78315000	78560000	10.60617815966559
78320000	78560000	7.920251539705285
78325000	78560000	9.159237688556527
78330000	78560000	8.686701471097747
78335000	78560000	9.391824642900051
78340000	78560000	10.815007211362468
78345000	78560000	6.346686403552794
78350000	78560000	8.942486794522729
78355000	78560000	9.790534228952964
78360000	78560000	7.535432533356148
78365000	78560000	8.91322263218485
78370000	78560000	10.334867385962962
78375000	78560000	11.18167052671475
78380000	78560000	13.13994223915076
78385000	78560000	11.785657654280502
78390000	78560000	12.760289809404831
78395000	78560000	14.821548936070739
78400000	78560000	21.174313308637664
78405000	78560000	27.717316727034444
78410000	78560000	23.331917329306215
78415000	78560000	24.156554557524483
78420000	78560000	16.584881575578752
78425000	78560000	19.742434588702004
78430000	78560000	23.534505329143776
78435000	78560000	17.29588621985193
78440000	78560000	15.419066391459445
78445000	78560000	13.611265794682488
78450000	78560000	17.70017717062235
78455000	78560000	12.00235736970145
78460000	78560000	10.376623647875155
78465000	78560000	13.96837889326955
78470000	78560000	19.03985959815824
78475000	78560000	15.756802280621969
78480000	78560000	24.93374401657866
78485000	78560000	12.741542889048032
78490000	78560000	12.865629820549781
78495000	78560000	18.78844685545554
78500000	78560000	22.61360784071672
78505000	78560000	29.56737118849512
78510000	78560000	22.746704201822933
78515000	78560000	23.931969318987015
78520000	78560000	22.797487536078282
78525000	78560000	34.46949788191192
78530000	78560000	32.042549622292334
78535000	78560000	38.1154358622731
78540000	78560000	50.727343873440056
78545000	78560000	57.4725344280978
78550000	78560000	91.21749405567408
78555000	78560000	178.5362870535835
78560000	78560000	404.52758215237924
78230000	78565000	11.579380341243494
78235000	78565000	16.032289890313933
78240000	78565000	13.12954892225505
78245000	78565000	11.976504065625694
78250000	78565000	10.365422056364032
78255000	78565000	12.639563003673814
78260000	78565000	15.35465987805202
78265000	78565000	12.282573348340025
78270000	78565000	5.473822461907672
78275000	78565000	9.545382137721912
78280000	78565000	12.839087443924734
78285000	78565000	4.2905473248880925
78290000	78565000	8.446008167398825
78295000	78565000	11.446919577200763
78300000	78565000	9.974163732515745
78305000	78565000	9.38130935173315
78310000	78565000	8.525554713034767
78315000	78565000	10.798816339255243
78320000	78565000	4.398603108340375
78325000	78565000	11.098229163311425
78330000	78565000	4.82425992412575
78335000	78565000	8.113557225102857
78340000	78565000	8.408734714724696
78345000	78565000	6.461960171049584
78350000	78565000	8.939363860388122
78355000	78565000	5.696204576510636
78360000	78565000	9.625245692617062
78365000	78565000	11.250138785111492
78370000	78565000	6.041671461182406
78375000	78565000	9.597071487710092
78380000	78565000	9.729891445458172
78385000	78565000	9.520437830829575
78390000	78565000	7.950790594211259
78395000	78565000	14.315336125877778
78400000	78565000	17.729555853322548
78405000	78565000	20.692406626051753
78410000	78565000	13.78473360263121
78415000	78565000	20.35473590077982
78420000	78565000	24.561614416440527
78425000	78565000	17.54270226650958
78430000	78565000	14.93732476623942
78435000	78565000	23.73116127973579
78440000	78565000	12.089162100413706
78445000	78565000	6.299311300573209
78450000	78565000	11.058747398601351
78455000	78565000	15.755167283365637
78460000	78565000	13.097222068473105
78465000	78565000	12.929167402995933
78470000	78565000	10.574005786429796
78475000	78565000	24.661125670172062
78480000	78565000	14.324733647150241
78485000	78565000	20.62196047088908
78490000	78565000	18.458113042113396
78495000	78565000	16.500881293513295
78500000	78565000	19.487681567436617
78505000	78565000	20.981853317222754
78510000	78565000	18.13918216431884
78515000	78565000	23.628258461794555
78520000	78565000	23.860828607216455
78525000	78565000	27.234418789019312
78530000	78565000	28.319242642733997
78535000	78565000	37.63172841874019
78540000	78565000	43.086612578235105
78545000	78565000	50.60176335063354
78550000	78565000	80.2379221842325
78555000	78565000	81.31906040437153
78560000	78565000	178.68131007753968
78565000	78565000	578.9382564093172
78230000	78570000	10.980678451080749
78235000	78570000	9.23060787440406
78240000	78570000	12.09496270322419
78245000	78570000	14.851813615308137
78250000	78570000	6.552991222697888
78255000	78570000	8.732690133894765
78260000	78570000	15.531477770803871
78265000	78570000	11.55045085698345
78270000	78570000	12.74630559805597
78275000	78570000	10.258759223079975
78280000	78570000	8.999100400244584
78285000	78570000	18.444810823157493
78290000	78570000	9.725596284829402
78295000	78570000	7.488422657146514
78300000	78570000	10.71958594293385
78305000	78570000	7.561818305026039
78310000	78570000	9.773562325858991
78315000	78570000	10.023250687589417
78320000	78570000	5.9091675895340785
78325000	78570000	7.951772500829983
78330000	78570000	10.36960496229469
78335000	78570000	6.851370768720172
78340000	78570000	2.5820468867114177
78345000	78570000	6.944896762378488
78350000	78570000	3.2024833274724913
78355000	78570000	11.687286901921935
78360000	78570000	9.445061718013067
78365000	78570000	5.320005409663361
78370000	78570000	6.49319764583214
78375000	78570000	6.6739663246372
78380000	78570000	10.93237870420379
78385000	78570000	11.510944532662068
78390000	78570000	12.26021077342723
78395000	78570000	13.077417617740792
78400000	78570000	11.666069199027731
78405000	78570000	16.81474782986362
78410000	78570000	19.555720708215134
78415000	78570000	17.898507312314194
78420000	78570000	16.498271414970333
78425000	78570000	18.382417505740673
78430000	78570000	12.04025276328837
78435000	78570000	16.395889471271968
78440000	78570000	6.496324683891932
78445000	78570000	14.217193784384559
78450000	78570000	10.56464560412631
78455000	78570000	15.630124229132301
78460000	78570000	10.134753846648396
78465000	78570000	12.969070544614032
78470000	78570000	17.92055971179228
78475000	78570000	10.259683556902894
78480000	78570000	7.184471954460477
78485000	78570000	12.16800340697021
78490000	78570000	15.998053086532154
78495000	78570000	14.604536271969513
78500000	78570000	16.75527957975277
78505000	78570000	22.549938612173868
78510000	78570000	27.84974221677783
78515000	78570000	23.489564388696618
78520000	78570000	24.59737807139487
78525000	78570000	27.14879211381687
78530000	78570000	27.96793134909344
78535000	78570000	29.49052405636901
78540000	78570000	40.96362267283678
78545000	78570000	39.323455133218815
78550000	78570000	45.30966731050345
78555000	78570000	67.46393830106587
78560000	78570000	98.35944813828308
78565000	78570000	219.02045778145842
78570000	78570000	423.8120587033295
78230000	78575000	12.286094262482175
78235000	78575000	5.163985037453518
78240000	78575000	4.833159982360816
78245000	78575000	15.430481414450337
78250000	78575000	4.713448093639192
78255000	78575000	15.121566552914363
78260000	78575000	8.145893522392125
78265000	78575000	2.967153729732019
78270000	78575000	17.63112910529757
78275000	78575000	7.378940007678239
78280000	78575000	16.541830495477996
78285000	78575000	14.741132112616826
78290000	78575000	12.436347639078972
78295000	78575000	7.053471084170124
78300000	78575000	13.527025148216914
78305000	78575000	7.050658186043833
78310000	78575000	10.252005535567251
78315000	78575000	8.221408657554692
78320000	78575000	8.500714792173007
78325000	78575000	5.957881431127266
78330000	78575000	5.327620959681892
78335000	78575000	3.733384170998849
78340000	78575000	6.190732121285304
78345000	78575000	7.5686949421154495
78350000	78575000	6.398578748155919
78355000	78575000	6.004610097192768
78360000	78575000	8.626872515261
78365000	78575000	6.9574248972459785
78370000	78575000	12.454505746672705
78375000	78575000	8.728115085384907
78380000	78575000	7.407609431782782
78385000	78575000	9.966202348228927
78390000	78575000	12.025292614212336
78395000	78575000	7.838625019385505
78400000	78575000	13.052966307176371
78405000	78575000	20.157573442484765
78410000	78575000	12.076934191752182
78415000	78575000	16.09259083050505
78420000	78575000	9.229817568894866
78425000	78575000	11.300974800298286
78430000	78575000	16.49587828139548
78435000	78575000	11.647670935366751
78440000	78575000	8.43679936113224
78445000	78575000	11.362411566897862
78450000	78575000	9.498698188062292
78455000	78575000	13.272355375870204
78460000	78575000	10.799622492900204
78465000	78575000	13.326311332459646
78470000	78575000	13.09952698840605
78475000	78575000	14.349231680550334
78480000	78575000	12.303954203336795
78485000	78575000	11.982212559012488
78490000	78575000	15.342813739058379
78495000	78575000	19.383818129916147
78500000	78575000	12.832902845168523
78505000	78575000	17.63017727177605
78510000	78575000	20.866474990035613
78515000	78575000	17.504470052806994
78520000	78575000	24.468280906332375
78525000	78575000	20.849818893265624
78530000	78575000	33.03498600108478
78535000	78575000	20.201905427256406
78540000	78575000	35.58501578981734
78545000	78575000	42.12607479670759
78550000	78575000	34.16738041470236
78555000	78575000	46.87130941129918
78560000	78575000	67.94070532328843
78565000	78575000	111.63580533208685
78570000	78575000	236.60651643128247
78575000	78575000	492.56138616431014
78230000	78580000	10.180681491018365
78235000	78580000	9.413923472223985
78240000	78580000	8.4103384510239
78245000	78580000	6.884892616382025
78250000	78580000	10.936031880733932
78255000	78580000	6.072352715432001
78260000	78580000	6.749968349540345
78265000	78580000	14.91602795532041
78270000	78580000	12.272199851892323
78275000	78580000	6.657950364903128
78280000	78580000	5.006082745546682
78285000	78580000	10.688134218506145
78290000	78580000	14.42726127019367
78295000	78580000	7.438772009740299
78300000	78580000	10.984780433926598
78305000	78580000	5.8424185718115815
78310000	78580000	13.59226465588661
78315000	78580000	12.472193732906366
78320000	78580000	6.57438645971907
78325000	78580000	8.294002179894767
78330000	78580000	8.240680920643998
78335000	78580000	6.063477363953195
78340000	78580000	5.386346881714663
78345000	78580000	10.536425250239777
78350000	78580000	11.134374420445706
78355000	78580000	8.513850719696128
78360000	78580000	6.8804544784689154
78365000	78580000	8.071227153935679
78370000	78580000	12.64228549341377
78375000	78580000	5.062692053472242
78380000	78580000	8.59348096092591
78385000	78580000	12.451034230857623
78390000	78580000	8.783585908741056
78395000	78580000	9.628408690984099
78400000	78580000	14.060979554731338
78405000	78580000	13.578134464733665
78410000	78580000	10.713766423615075
78415000	78580000	18.6688261830556
78420000	78580000	16.825919445152305
78425000	78580000	17.043167095239607
78430000	78580000	11.163060552267439
78435000	78580000	15.201367494057944
78440000	78580000	11.293190938221628
78445000	78580000	16.005986452966983
78450000	78580000	9.182773784219536
78455000	78580000	10.868544039702531
78460000	78580000	13.311547818276896
78465000	78580000	14.815543657606735
78470000	78580000	14.588743553008015
78475000	78580000	13.07929515153332
78480000	78580000	17.128407834811924
78485000	78580000	13.296058199785717
78490000	78580000	13.349263919199931
78495000	78580000	18.134629382110973
78500000	78580000	13.59275246721511
78505000	78580000	12.271537325338743
78510000	78580000	19.36556263661995
78515000	78580000	22.07253340887581
78520000	78580000	17.467917638894477
78525000	78580000	18.288208618084127
78530000	78580000	14.87180613704513
78535000	78580000	26.951393017090858
78540000	78580000	33.851043304879866
78545000	78580000	32.579977391970665
78550000	78580000	23.37577159934053
78555000	78580000	40.51459948165941
78560000	78580000	55.367466262992146
78565000	78580000	75.24451741100843
78570000	78580000	91.75400848789566
78575000	78580000	237.70105639067657
78580000	78580000	622.8801026501142
78230000	78585000	6.948234203015496
78235000	78585000	7.787791453662678
78240000	78585000	6.377765720725856
78245000	78585000	7.831474150893548
78250000	78585000	12.43959140096533
78255000	78585000	8.442158727218308
78260000	78585000	6.142399667700683
78265000	78585000	14.356509720445665
78270000	78585000	7.7552582048354886
78275000	78585000	6.491426010866327
78280000	78585000	3.796235206893231
78285000	78585000	4.863044437575999
78290000	78585000	9.231085454148932
78295000	78585000	10.153805548697452
78300000	78585000	7.140024133987282
78305000	78585000	5.316538987402442
78310000	78585000	8.696824310870278
78315000	78585000	5.841687418474606
78320000	78585000	6.543492821938788
78325000	78585000	7.8619313447662895
78330000	78585000	5.858540867273794
78335000	78585000	10.838339571831435
78340000	78585000	4.084598818726036
78345000	78585000	6.99127575541446
78350000	78585000	8.44346894170474
78355000	78585000	5.28239586301938
78360000	78585000	8.537919084880217
78365000	78585000	15.301523287774405
78370000	78585000	11.298911079988212
78375000	78585000	14.396862870584986
78380000	78585000	10.526891587819465
78385000	78585000	14.16288650586001
78390000	78585000	8.81577584121716
78395000	78585000	9.126822786635499
78400000	78585000	6.151606917592302
78405000	78585000	8.580526717689345
78410000	78585000	12.18676738771622
78415000	78585000	18.089536193435283
78420000	78585000	17.399327714103606
78425000	78585000	14.166967668650829
78430000	78585000	13.604821615195204
78435000	78585000	11.527569440437443
78440000	78585000	11.989464757923798
78445000	78585000	12.851715930414569
78450000	78585000	8.356226832471238
78455000	78585000	11.332589469451255
78460000	78585000	16.92308687903112
78465000	78585000	10.990750863574535
78470000	78585000	18.668815360640313
78475000	78585000	10.820018167938148
78480000	78585000	9.74166851093041
78485000	78585000	12.37425551751742
78490000	78585000	8.0984591349406
78495000	78585000	14.85208850621129
78500000	78585000	11.780248286496862
78505000	78585000	6.203871623789018
78510000	78585000	17.622456779684217
78515000	78585000	11.047174322954113
78520000	78585000	14.07424682308782
78525000	78585000	15.43418342390735
78530000	78585000	21.470920074025052
78535000	78585000	15.994879589857888
78540000	78585000	26.29617497336792
78545000	78585000	25.14737719947126
78550000	78585000	20.809276081631808
78555000	78585000	52.14861237302112
78560000	78585000	47.42005417633468
78565000	78585000	70.77604997800529
78570000	78585000	76.95000274623894
78575000	78585000	100.73047561040134
78580000	78585000	170.97913776044814
78585000	78585000	680.0031734460432
78230000	78590000	8.246034774913337
78235000	78590000	12.477247645219933
78240000	78590000	6.8121120768897185
78245000	78590000	7.807167877793196
78250000	78590000	6.643383790244112
78255000	78590000	6.557888644444496
78260000	78590000	15.30833929036492
78265000	78590000	12.08151785631083
78270000	78590000	13.253465966585008
78275000	78590000	8.474293664606838
78280000	78590000	10.136927582473247
78285000	78590000	1.7314111343626128
78290000	78590000	9.494576058062359
78295000	78590000	6.627690887097786
78300000	78590000	10.168376985973334
78305000	78590000	5.678612390173741
78310000	78590000	4.816573489260248
78315000	78590000	5.348164387074491
78320000	78590000	9.318834302220662
78325000	78590000	11.196472203908423
78330000	78590000	12.515052682231705
78335000	78590000	7.016039607419874
78340000	78590000	2.908515422767454
78345000	78590000	6.400632101107597
78350000	78590000	4.8098647095561216
78355000	78590000	6.269048899130639
78360000	78590000	9.11937883209049
78365000	78590000	5.447868744207294
78370000	78590000	12.434112451016247
78375000	78590000	3.4171856737062742
78380000	78590000	9.637548650501255
78385000	78590000	5.762828428212933
78390000	78590000	12.136382101605495
78395000	78590000	7.798711015856634
78400000	78590000	7.008587874076933
78405000	78590000	4.887940363582924
78410000	78590000	11.347914485166273
78415000	78590000	17.361340442939454
78420000	78590000	17.964801957259787
78425000	78590000	11.149735377907842
78430000	78590000	14.854272691177837
78435000	78590000	12.312633991430394
78440000	78590000	9.147132761050221
78445000	78590000	6.100870718117899
78450000	78590000	14.875521254965115
78455000	78590000	14.671970008938185
78460000	78590000	12.684634048640234
78465000	78590000	12.000128706280872
78470000	78590000	13.785832303493853
78475000	78590000	5.778448100911817
78480000	78590000	8.09286136186418
78485000	78590000	10.769392833027078
78490000	78590000	8.649990246278294
78495000	78590000	9.400630220488328
78500000	78590000	12.582521079509263
78505000	78590000	13.252750465433152
78510000	78590000	21.959703219229155
78515000	78590000	14.302451420023349
78520000	78590000	12.969429900558433
78525000	78590000	17.202053165899812
78530000	78590000	18.068549342207657
78535000	78590000	22.77890977156958
78540000	78590000	28.755767843320008
78545000	78590000	24.503854594622112
78550000	78590000	22.226454704404407
78555000	78590000	41.45123764316956
78560000	78590000	38.51473336188656
78565000	78590000	42.77920342130923
78570000	78590000	57.94275997597291
78575000	78590000	73.23707269855228
78580000	78590000	98.97573362100509
78585000	78590000	214.20770772174035
78590000	78590000	515.766354945248
