74045000	74045000	785.2907204316874
74045000	74050000	196.17361186722846
74050000	74050000	584.3042655043914
74045000	74055000	93.80801139079298
74050000	74055000	132.41496193739343
74055000	74055000	879.2978118728754
74045000	74060000	64.4595371485745
74050000	74060000	78.30307369839318
74055000	74060000	126.98280556571152
74060000	74060000	557.4648727239635
74045000	74065000	42.54494126262669
74050000	74065000	75.38236780917605
74055000	74065000	83.34179692280428
74060000	74065000	186.09326563283787
74065000	74065000	549.0361178896478
74045000	74070000	42.02246895977329
74050000	74070000	50.06566913156427
74055000	74070000	59.97038230856446
74060000	74070000	97.46332417078052
74065000	74070000	193.19452651006367
74070000	74070000	604.9844914662051
74045000	74075000	44.52596517497793
74050000	74075000	44.838478243260376
74055000	74075000	38.83191199494731
74060000	74075000	68.76313034942203
74065000	74075000	75.37471357694754
74070000	74075000	180.12732754123724
74075000	74075000	563.5043177778317
74045000	74080000	29.65545618829306
74050000	74080000	38.986571917266545
74055000	74080000	39.597248930631935
74060000	74080000	55.052404329096376
74065000	74080000	53.813639720663296
74070000	74080000	90.88406118708193
74075000	74080000	201.3973789855196
74080000	74080000	503.9104855049316
74045000	74085000	27.728006030675196
74050000	74085000	37.48225989775913
74055000	74085000	41.29559181166822
74060000	74085000	38.73690389202924
74065000	74085000	48.36021385682872
74070000	74085000	64.11731464527863
74075000	74085000	77.16770162058343
74080000	74085000	171.25683367077465
74085000	74085000	570.826358753924
74045000	74090000	23.253941141926592
74050000	74090000	29.090040629159404
74055000	74090000	25.553038332512156
74060000	74090000	41.47829059816478
74065000	74090000	41.007663455583526
74070000	74090000	47.86844596440289
74075000	74090000	60.09368151940216
74080000	74090000	83.59269601378007
74085000	74090000	213.17253644952436
74090000	74090000	642.4194980537662
74045000	74095000	30.980927851228497
74050000	74095000	25.837525616861964
74055000	74095000	19.453706046827893
74060000	74095000	32.15185171742238
74065000	74095000	36.76953886006786
74070000	74095000	42.921262411490034
74075000	74095000	44.49764016367701
74080000	74095000	66.98426991938766
74085000	74095000	75.96128568721376
74090000	74095000	163.41346513827406
74095000	74095000	648.6094011285575
74045000	74100000	18.83868202704582
74050000	74100000	25.65080048400335
74055000	74100000	26.75671295736449
74060000	74100000	18.328771716238396
74065000	74100000	31.6395044319721
74070000	74100000	44.84715132750587
74075000	74100000	41.72880696661556
74080000	74100000	39.545010848892495
74085000	74100000	67.01680897655521
74090000	74100000	66.6410339104854
74095000	74100000	212.2282306049179
74100000	74100000	601.2067135276342
74045000	74105000	37.76539234272691
74050000	74105000	23.47501458717606
74055000	74105000	24.057521305119373
74060000	74105000	25.560479333644498
74065000	74105000	17.465365066841525
74070000	74105000	36.48272652502103
74075000	74105000	26.79946054862728
74080000	74105000	37.05235465364615
74085000	74105000	40.43882714089566
74090000	74105000	64.66231579984247
74095000	74105000	75.1843853490551
74100000	74105000	175.7498341408851
74105000	74105000	820.4679177410641
74045000	74110000	20.337131328051242
74050000	74110000	15.940596363648636
74055000	74110000	22.403855676440166
74060000	74110000	20.133796619843025
74065000	74110000	25.167685862334043
74070000	74110000	34.274756491086954
74075000	74110000	26.787522963371185
74080000	74110000	39.88188094724062
74085000	74110000	41.592431816765426
74090000	74110000	51.09368579995579
74095000	74110000	57.86074352715202
74100000	74110000	82.04575800226065
74105000	74110000	201.13224480066145
74110000	74110000	567.9680308838591
74045000	74115000	24.147740157313645
74050000	74115000	15.038693679354948
74055000	74115000	12.635812613795274
74060000	74115000	18.510525505441397
74065000	74115000	29.49530914906657
74070000	74115000	20.80146952202535
74075000	74115000	31.05244414501857
74080000	74115000	30.52888019526438
74085000	74115000	33.03972128719097
74090000	74115000	40.60566772331022
74095000	74115000	51.655256824307784
74100000	74115000	54.57369637630053
74105000	74115000	78.61646002997857
74110000	74115000	183.28970385225654
74115000	74115000	471.1261149261119
74045000	74120000	24.031912120863595
74050000	74120000	17.724371518075095
74055000	74120000	15.56929914931326
74060000	74120000	25.979372922139746
74065000	74120000	23.063724156657102
74070000	74120000	20.191798443843894
74075000	74120000	22.413525096154018
74080000	74120000	26.424264070124227
74085000	74120000	38.83118056914781
74090000	74120000	34.14131076146505
74095000	74120000	50.21657811924323
74100000	74120000	48.995679235334535
74105000	74120000	57.85768176031287
74110000	74120000	89.89090290633796
74115000	74120000	185.00323514162372
74120000	74120000	493.9693296994832
74045000	74125000	8.793401054973465
74050000	74125000	20.952957722730854
74055000	74125000	24.540436992114284
74060000	74125000	16.160177974631416
74065000	74125000	22.152732175067918
74070000	74125000	25.85899253281507
74075000	74125000	23.9202391880145
74080000	74125000	27.687855733619894
74085000	74125000	28.07330523009273
74090000	74125000	37.602371881190884
74095000	74125000	30.757325090540352
74100000	74125000	43.51822238334376
74105000	74125000	50.632600455281015
74110000	74125000	74.06348283855954
74115000	74125000	81.72768909783628
74120000	74125000	181.60662987759093
74125000	74125000	675.6881721651873
74045000	74130000	22.379247868318192
74050000	74130000	22.560736811961224
74055000	74130000	23.420823701061746
74060000	74130000	18.982029447002123
74065000	74130000	21.20228739196125
74070000	74130000	21.374597279868933
74075000	74130000	16.85828034910296
74080000	74130000	23.940278591423553
74085000	74130000	21.669547504707076
74090000	74130000	28.247237523629174
74095000	74130000	33.938513804289066
74100000	74130000	29.1249560917303
74105000	74130000	34.08872374914037
74110000	74130000	51.06302825631978
74115000	74130000	59.15076461415318
74120000	74130000	95.03281653261426
74125000	74130000	134.00552216840933
74130000	74130000	541.7934145939109
74045000	74135000	20.421750953980972
74050000	74135000	17.572044024648147
74055000	74135000	14.248147258999664
74060000	74135000	20.6048799758027
74065000	74135000	13.973366603775096
74070000	74135000	22.242516991691026
74075000	74135000	27.15887520368854
74080000	74135000	27.387947962882635
74085000	74135000	27.32077529969471
74090000	74135000	25.724398042117805
74095000	74135000	20.202610652044896
74100000	74135000	39.17306341499107
74105000	74135000	36.32827802548707
74110000	74135000	48.61001397809953
74115000	74135000	47.291227193583694
74120000	74135000	53.303296760289435
74125000	74135000	75.0902160798306
74130000	74135000	210.48273582233458
74135000	74135000	750.4017755739449
74045000	74140000	10.471686092315917
74050000	74140000	11.782880986887593
74055000	74140000	10.959059717471296
74060000	74140000	8.30153451578372
74065000	74140000	15.633033165006664
74070000	74140000	17.48816118131961
74075000	74140000	17.724368446528878
74080000	74140000	20.149730285694144
74085000	74140000	21.650747495516967
74090000	74140000	18.05047385445104
74095000	74140000	31.07795175891886
74100000	74140000	28.121547167662868
74105000	74140000	32.35406032539405
74110000	74140000	30.03880393549822
74115000	74140000	38.01285533417034
74120000	74140000	58.081342256664605
74125000	74140000	75.25801655405077
74130000	74140000	87.88544074121118
74135000	74140000	173.42396925619335
74140000	74140000	538.4241042130908
74045000	74145000	9.526271349975547
74050000	74145000	19.86183896913301
74055000	74145000	12.462054306353002
74060000	74145000	13.902632835192922
74065000	74145000	17.332619810951844
74070000	74145000	17.897938142555546
74075000	74145000	22.026754456126373
74080000	74145000	19.37206183606474
74085000	74145000	14.33756877806303
74090000	74145000	21.315492398269605
74095000	74145000	20.446817346490946
74100000	74145000	32.89197966303014
74105000	74145000	18.06118377176404
74110000	74145000	27.472167397430876
74115000	74145000	24.147037439628875
74120000	74145000	39.86129737886826
74125000	74145000	42.09311155433006
74130000	74145000	57.85919210316892
74135000	74145000	70.7177091932423
74140000	74145000	144.33700353688536
74145000	74145000	616.3450506420858
74045000	74150000	12.34562537497235
74050000	74150000	15.934324614697498
74055000	74150000	6.460107977889586
74060000	74150000	16.015285207122126
74065000	74150000	8.063392230951173
74070000	74150000	13.446338798013052
74075000	74150000	22.38878222800457
74080000	74150000	14.037390710581793
74085000	74150000	12.38723570632705
74090000	74150000	28.23779842678722
74095000	74150000	22.245376347396665
74100000	74150000	11.36707934910327
74105000	74150000	22.539586357825222
74110000	74150000	45.20979189885244
74115000	74150000	20.862326730864105
74120000	74150000	41.08510242505271
74125000	74150000	27.855731034345755
74130000	74150000	42.71755831047151
74135000	74150000	57.504010187047584
74140000	74150000	97.05940425504676
74145000	74150000	284.16973651942885
74150000	74150000	727.8519928052494
74045000	74155000	19.86065915310742
74050000	74155000	18.14089456877636
74055000	74155000	8.314005892402024
74060000	74155000	9.446842428941086
74065000	74155000	17.048577065556806
74070000	74155000	13.844095532834784
74075000	74155000	18.728990939915235
74080000	74155000	17.370951175269788
74085000	74155000	10.869599204293678
74090000	74155000	12.640479119317586
74095000	74155000	20.20889805527872
74100000	74155000	21.9437426614159
74105000	74155000	21.198090676241627
74110000	74155000	18.90977754497831
74115000	74155000	28.340949058283115
74120000	74155000	33.43601164002566
74125000	74155000	36.84548983686839
74130000	74155000	40.35507966003928
74135000	74155000	46.25393657971445
74140000	74155000	67.2001141764492
74145000	74155000	84.95701399122855
74150000	74155000	188.74375548498628
74155000	74155000	525.4026100367523
74045000	74160000	11.718383327632344
74050000	74160000	12.692099704169246
74055000	74160000	11.148891622227847
74060000	74160000	11.746690437043064
74065000	74160000	11.927870431631948
74070000	74160000	18.796672955807278
74075000	74160000	11.59160686483885
74080000	74160000	16.21265738273496
74085000	74160000	15.1589191151681
74090000	74160000	14.619886636016265
74095000	74160000	16.259801867269992
74100000	74160000	15.448679762715235
74105000	74160000	18.851028736693383
74110000	74160000	20.481121424841263
74115000	74160000	24.002882563364928
74120000	74160000	30.03031347707587
74125000	74160000	23.23556431579915
74130000	74160000	31.528008361712015
74135000	74160000	32.25324458573579
74140000	74160000	53.43219155778946
74145000	74160000	69.00624918083068
74150000	74160000	70.86829579171737
74155000	74160000	249.73021438630235
74160000	74160000	481.0659941943721
74045000	74165000	9.097018255970978
74050000	74165000	18.424955494392492
74055000	74165000	11.424494444072556
74060000	74165000	10.620944968831797
74065000	74165000	8.148486509882385
74070000	74165000	14.267652189417594
74075000	74165000	11.878153695673117
74080000	74165000	11.45754310546187
74085000	74165000	12.94470884622166
74090000	74165000	18.455216194409655
74095000	74165000	16.198921091601097
74100000	74165000	15.076737337088568
74105000	74165000	9.198585677300686
74110000	74165000	25.984423308946866
74115000	74165000	17.42233567633621
74120000	74165000	25.64389067374497
74125000	74165000	23.262596873824656
74130000	74165000	35.361319114361656
74135000	74165000	40.25387648222482
74140000	74165000	38.02294859527311
74145000	74165000	32.24293749696896
74150000	74165000	53.792721615694276
74155000	74165000	96.42744160704186
74160000	74165000	196.9444959599679
74165000	74165000	608.1570296429933
74045000	74170000	4.212199412757302
74050000	74170000	13.382464973973875
74055000	74170000	14.694145877226694
74060000	74170000	8.196373965956134
74065000	74170000	9.432500058263289
74070000	74170000	12.845703985958579
74075000	74170000	15.27764086286527
74080000	74170000	12.526155010086882
74085000	74170000	21.51619998953134
74090000	74170000	11.728888508630165
74095000	74170000	13.393926761300156
74100000	74170000	14.543736193426438
74105000	74170000	16.56366543441879
74110000	74170000	22.366412960031706
74115000	74170000	15.02690923548814
74120000	74170000	24.737313690180425
74125000	74170000	26.400240827784664
74130000	74170000	23.5677424893839
74135000	74170000	21.25475325330901
74140000	74170000	31.85810587828544
74145000	74170000	37.752688665107065
74150000	74170000	37.065008297846006
74155000	74170000	61.058287881488624
74160000	74170000	90.57727933589673
74165000	74170000	158.6268431454177
74170000	74170000	606.0057431842644
74045000	74175000	6.251804104455761
74050000	74175000	13.03472490205561
74055000	74175000	6.542775816488434
74060000	74175000	14.192699017990815
74065000	74175000	9.916557495827865
74070000	74175000	14.299327447700799
74075000	74175000	13.605170386319324
74080000	74175000	15.310639614335752
74085000	74175000	14.826796652605575
74090000	74175000	16.78645648039487
74095000	74175000	23.192691302485038
74100000	74175000	17.988343839405672
74105000	74175000	12.29200963683078
74110000	74175000	16.598268344321557
74115000	74175000	20.54237008075148
74120000	74175000	22.02927602996517
74125000	74175000	25.077503552696992
74130000	74175000	26.234674831925425
74135000	74175000	20.626620536441568
74140000	74175000	32.35237297106732
74145000	74175000	40.11457560482576
74150000	74175000	45.110162555744076
74155000	74175000	59.471703238046054
74160000	74175000	56.39477929047162
74165000	74175000	70.0471145076329
74170000	74175000	211.72174673880426
74175000	74175000	488.07538838735826
74045000	74180000	4.961101109067676
74050000	74180000	10.048134956501375
74055000	74180000	5.1920008716248205
74060000	74180000	9.010060284983606
74065000	74180000	9.99858357197973
74070000	74180000	16.210271484251567
74075000	74180000	15.114881188027724
74080000	74180000	14.058954645207384
74085000	74180000	10.860703111982126
74090000	74180000	11.248712801364732
74095000	74180000	14.513257547182315
74100000	74180000	17.129518023450924
74105000	74180000	17.557719807196158
74110000	74180000	16.35083746071926
74115000	74180000	17.325994071029783
74120000	74180000	21.56023106809577
74125000	74180000	22.387703163023147
74130000	74180000	24.10557428545454
74135000	74180000	31.195854407322287
74140000	74180000	34.95495695451291
74145000	74180000	26.678922898022947
74150000	74180000	33.526983188581674
74155000	74180000	47.1935985137683
74160000	74180000	50.44761258832403
74165000	74180000	60.21782608187065
74170000	74180000	82.93317883187298
74175000	74180000	162.88276792342415
74180000	74180000	565.8596817902725
74045000	74185000	17.897340866007795
74050000	74185000	13.859907316335434
74055000	74185000	7.492127842848315
74060000	74185000	18.57377068960924
74065000	74185000	5.009754175279809
74070000	74185000	4.678328425984414
74075000	74185000	13.631861900420843
74080000	74185000	10.331476366899935
74085000	74185000	8.815580010853983
74090000	74185000	13.882670491947609
74095000	74185000	15.934760395124833
74100000	74185000	8.651344584090404
74105000	74185000	6.032387709154765
74110000	74185000	15.729653829970076
74115000	74185000	17.138224388894333
74120000	74185000	10.510711669576633
74125000	74185000	20.1911000152406
74130000	74185000	17.392335704229524
74135000	74185000	18.756684173523535
74140000	74185000	32.059625909070235
74145000	74185000	28.436058507550364
74150000	74185000	30.237432837149097
74155000	74185000	48.643574464929934
74160000	74185000	40.11640084337406
74165000	74185000	63.500295854513936
74170000	74185000	58.03142999762364
74175000	74185000	78.47495104633995
74180000	74185000	258.81503647528376
74185000	74185000	744.6458985300017
74045000	74190000	12.940308993879052
74050000	74190000	14.231182901434511
74055000	74190000	13.542577363020245
74060000	74190000	12.26722928257296
74065000	74190000	13.37428082773461
74070000	74190000	9.10692030092561
74075000	74190000	8.123275564131879
74080000	74190000	12.537002947519014
74085000	74190000	10.350820274385828
74090000	74190000	13.06667619680736
74095000	74190000	8.229503589392202
74100000	74190000	16.497175589410954
74105000	74190000	14.259062128278542
74110000	74190000	20.777608735709478
74115000	74190000	15.13886974449061
74120000	74190000	18.706601115867297
74125000	74190000	20.21367459184924
74130000	74190000	18.906732039305876
74135000	74190000	20.864061119311135
74140000	74190000	26.746225035337787
74145000	74190000	31.630945918005796
74150000	74190000	23.123863640616843
74155000	74190000	37.19983071900506
74160000	74190000	36.460757981033616
74165000	74190000	48.329052473688876
74170000	74190000	48.0549739580755
74175000	74190000	62.80757031134964
74180000	74190000	80.08312942765477
74185000	74190000	266.9606407563989
74190000	74190000	542.5522749466534
74045000	74195000	8.890370510073097
74050000	74195000	6.178671625019865
74055000	74195000	7.753455402773411
74060000	74195000	13.45514038291332
74065000	74195000	9.124712664985191
74070000	74195000	12.587925631442312
74075000	74195000	12.092010118811798
74080000	74195000	13.219003683562931
74085000	74195000	9.731274624593409
74090000	74195000	16.79822388332799
74095000	74195000	9.4231825090473
74100000	74195000	12.278545309960244
74105000	74195000	3.745679469670272
74110000	74195000	17.906139515087123
74115000	74195000	16.692715814190382
74120000	74195000	19.144097800774194
74125000	74195000	16.716297082468245
74130000	74195000	15.70820539042907
74135000	74195000	34.508306981236785
74140000	74195000	23.888069871372256
74145000	74195000	26.25875613080092
74150000	74195000	26.598304664253124
74155000	74195000	30.2041657448763
74160000	74195000	30.78235219441599
74165000	74195000	42.88781755503919
74170000	74195000	44.84150186699136
74175000	74195000	61.0081740650461
74180000	74195000	50.55057122904682
74185000	74195000	72.12861120150191
74190000	74195000	115.05038420900678
74195000	74195000	776.302568807082
74045000	74200000	10.658817067629947
74050000	74200000	11.111572430658088
74055000	74200000	8.366175112487907
74060000	74200000	6.9135418467619365
74065000	74200000	11.188405104676981
74070000	74200000	10.44822396694064
74075000	74200000	11.597853987328184
74080000	74200000	11.886366989973618
74085000	74200000	10.208617452813325
74090000	74200000	11.129821807713324
74095000	74200000	9.320531941514055
74100000	74200000	15.641017568124452
74105000	74200000	17.963036395820282
74110000	74200000	13.173531054261474
74115000	74200000	17.261369587524207
74120000	74200000	18.779061164790335
74125000	74200000	18.0373087042295
74130000	74200000	18.24430964855722
74135000	74200000	26.37503167261614
74140000	74200000	16.706558761008083
74145000	74200000	21.983170456316696
74150000	74200000	32.358120069490866
74155000	74200000	32.591061226437894
74160000	74200000	40.061878271671475
74165000	74200000	52.2482747604049
74170000	74200000	49.921153805477914
74175000	74200000	42.74634273491498
74180000	74200000	59.02295228146289
74185000	74200000	58.73856728095817
74190000	74200000	70.10227648865411
74195000	74200000	202.6246176380305
74200000	74200000	541.1268317632147
74045000	74205000	5.972381046187409
74050000	74205000	8.89438616970239
74055000	74205000	12.500695678547833
74060000	74205000	10.652996629035448
74065000	74205000	7.52294572580716
74070000	74205000	12.684491894943186
74075000	74205000	13.80940831830608
74080000	74205000	7.835535977454906
74085000	74205000	9.805926545577961
74090000	74205000	10.690792912583074
74095000	74205000	19.940488996077693
74100000	74205000	12.372738211676104
74105000	74205000	13.839517458156486
74110000	74205000	11.48222956876162
74115000	74205000	15.979732754756963
74120000	74205000	14.029788140549115
74125000	74205000	17.967502388280174
74130000	74205000	16.48823789829706
74135000	74205000	17.386515976801007
74140000	74205000	21.39673190120114
74145000	74205000	24.635354887014007
74150000	74205000	18.91930539926033
74155000	74205000	44.639279203681
74160000	74205000	40.81380802498033
74165000	74205000	39.03455125712428
74170000	74205000	41.95796084592215
74175000	74205000	27.943722063900474
74180000	74205000	41.815073178987426
74185000	74205000	47.99750380721307
74190000	74205000	53.390185799558644
74195000	74205000	88.55749246762468
74200000	74205000	158.23874055447362
74205000	74205000	598.3445007267534
74045000	74210000	7.855945230928082
74050000	74210000	10.028134039702865
74055000	74210000	9.396087933984738
74060000	74210000	5.095537877728851
74065000	74210000	8.167735424397787
74070000	74210000	5.133820180604523
74075000	74210000	12.82207563127975
74080000	74210000	10.601177446847172
74085000	74210000	14.741155286991038
74090000	74210000	9.37496373690145
74095000	74210000	13.560727851297438
74100000	74210000	12.399879090525065
74105000	74210000	9.456733546867493
74110000	74210000	8.630562768712792
74115000	74210000	10.114601651738823
74120000	74210000	14.49995655231789
74125000	74210000	14.349261155667648
74130000	74210000	15.367698092119419
74135000	74210000	13.06849132116705
74140000	74210000	20.103438601880388
74145000	74210000	25.375211611799703
74150000	74210000	11.850504280762088
74155000	74210000	25.16467504048186
74160000	74210000	28.83685281569496
74165000	74210000	44.01019977291947
74170000	74210000	33.15480766512481
74175000	74210000	34.806238525970876
74180000	74210000	37.144662625676624
74185000	74210000	45.354060357191656
74190000	74210000	39.55718448502854
74195000	74210000	63.15028541248725
74200000	74210000	112.0332320390536
74205000	74210000	158.22690306281189
74210000	74210000	486.06375230240417
74045000	74215000	10.401746200960194
74050000	74215000	9.914132064658927
74055000	74215000	4.354345872378693
74060000	74215000	2.6987200243122498
74065000	74215000	10.481819096040157
74070000	74215000	5.437990514473812
74075000	74215000	5.659067647307252
74080000	74215000	15.284297279485987
74085000	74215000	9.10848417326828
74090000	74215000	9.930414794700283
74095000	74215000	9.261115080956323
74100000	74215000	5.746366223386856
74105000	74215000	7.011920531233202
74110000	74215000	12.570125292116037
74115000	74215000	7.030980488226325
74120000	74215000	10.995687057338207
74125000	74215000	10.952531225309256
74130000	74215000	11.946104789798628
74135000	74215000	24.22486108786685
74140000	74215000	14.906173805394454
74145000	74215000	21.61188816568215
74150000	74215000	8.7868389079512
74155000	74215000	22.616906932926888
74160000	74215000	29.57053570821514
74165000	74215000	21.36646010625345
74170000	74215000	38.9737186518122
74175000	74215000	22.248202857866133
74180000	74215000	19.06739696111021
74185000	74215000	26.750221006797275
74190000	74215000	35.06921652371326
74195000	74215000	34.801833137029696
74200000	74215000	51.20735591159679
74205000	74215000	90.86009824378093
74210000	74215000	238.43187422377756
74215000	74215000	1037.2034635745526
74045000	74220000	3.463897523238883
74050000	74220000	10.317239300606914
74055000	74220000	9.062785944336014
74060000	74220000	11.233798426156865
74065000	74220000	7.756805979036251
74070000	74220000	7.922737837350142
74075000	74220000	11.307195943046198
74080000	74220000	9.997902947324397
74085000	74220000	12.322484040868213
74090000	74220000	11.367602492615001
74095000	74220000	3.304344252629318
74100000	74220000	16.744035497716617
74105000	74220000	7.297024248391484
74110000	74220000	8.562256261953717
74115000	74220000	7.8046497926344625
74120000	74220000	14.239891766386203
74125000	74220000	10.420900230617912
74130000	74220000	16.065751806694653
74135000	74220000	4.033574493257774
74140000	74220000	11.37565496230067
74145000	74220000	14.81735264058162
74150000	74220000	18.288221120712876
74155000	74220000	22.359681873055667
74160000	74220000	16.0965779407042
74165000	74220000	12.936853767810236
74170000	74220000	24.959005939450844
74175000	74220000	18.522249362507225
74180000	74220000	19.401726353171757
74185000	74220000	11.135152514462465
74190000	74220000	31.85029178882351
74195000	74220000	38.19233653261352
74200000	74220000	56.84206923430424
74205000	74220000	67.68108518796437
74210000	74220000	80.79696472927677
74215000	74220000	96.14998314221535
74220000	74220000	854.3535786764417
74045000	74225000	10.810992804920884
74050000	74225000	16.10030306861017
74055000	74225000	5.657079228206594
74060000	74225000	11.394900331564978
74065000	74225000	11.348141760734677
74070000	74225000	3.532464356788565
74075000	74225000	11.028221566529798
74080000	74225000	7.800985458048094
74085000	74225000	5.177182849198435
74090000	74225000	11.288722071106449
74095000	74225000	11.17243755303634
74100000	74225000	11.19834641737984
74105000	74225000	10.24846556598433
74110000	74225000	7.423116287429651
74115000	74225000	10.656927732944022
74120000	74225000	15.872641232727677
74125000	74225000	11.180172075314221
74130000	74225000	19.101711819741904
74135000	74225000	14.162605157539836
74140000	74225000	17.75198647240896
74145000	74225000	17.342129607321528
74150000	74225000	9.988724979381828
74155000	74225000	12.85525236116776
74160000	74225000	19.947521934976436
74165000	74225000	21.450042411444322
74170000	74225000	17.52711134186279
74175000	74225000	21.678315746092704
74180000	74225000	22.01953908855377
74185000	74225000	21.10025009436276
74190000	74225000	25.541899420658755
74195000	74225000	27.74486055821547
74200000	74225000	27.71982271172413
74205000	74225000	57.98634246269346
74210000	74225000	60.70789602333909
74215000	74225000	66.36578751111841
74220000	74225000	237.82110999187734
74225000	74225000	724.4447294580857
74045000	74230000	6.062576967860886
74050000	74230000	6.019140475541816
74055000	74230000	9.517112494611593
74060000	74230000	11.141573342673933
74065000	74230000	7.919394042410342
74070000	74230000	9.904657895761405
74075000	74230000	5.497239360150989
74080000	74230000	11.665675389973568
74085000	74230000	11.613020216114935
74090000	74230000	12.058052331736029
74095000	74230000	14.137013996532074
74100000	74230000	10.466327853076907
74105000	74230000	9.365682814415582
74110000	74230000	6.660363523829517
74115000	74230000	12.52152109325962
74120000	74230000	11.274654153527903
74125000	74230000	9.119425343658381
74130000	74230000	9.81918437373676
74135000	74230000	8.236242055777904
74140000	74230000	18.703220537934378
74145000	74230000	12.966801159791078
74150000	74230000	13.870297993080957
74155000	74230000	13.044775085756802
74160000	74230000	17.124476526801285
74165000	74230000	26.416038491415097
74170000	74230000	19.657669457692002
74175000	74230000	22.152286678108204
74180000	74230000	22.638171507932885
74185000	74230000	25.057219027908502
74190000	74230000	25.291696981434523
74195000	74230000	36.11162765644078
74200000	74230000	37.99813721161286
74205000	74230000	50.324731831800875
74210000	74230000	59.358261708513005
74215000	74230000	61.48818867498611
74220000	74230000	91.6042887076717
74225000	74230000	124.0307737951332
74230000	74230000	556.9547021514444
74045000	74235000	6.286464279799608
74050000	74235000	8.559666794070326
74055000	74235000	5.639184983205991
74060000	74235000	5.825054585701883
74065000	74235000	5.530431268322876
74070000	74235000	7.042581215829141
74075000	74235000	10.260448371202127
74080000	74235000	9.425829933664817
74085000	74235000	9.830107796345185
74090000	74235000	13.932303097704962
74095000	74235000	10.28039755281646
74100000	74235000	9.922599341646745
74105000	74235000	9.080931584693639
74110000	74235000	10.852799151604886
74115000	74235000	8.09388050946817
74120000	74235000	10.548289022494998
74125000	74235000	10.807085969098917
74130000	74235000	15.471048169546696
74135000	74235000	8.366107600440314
74140000	74235000	14.478409721708552
74145000	74235000	15.366465495056879
74150000	74235000	15.172768071820627
74155000	74235000	18.91677445220533
74160000	74235000	20.620884913062437
74165000	74235000	27.671072649457063
74170000	74235000	22.001362587046522
74175000	74235000	20.169094186724177
74180000	74235000	21.94988777002772
74185000	74235000	25.570145319436836
74190000	74235000	23.396692288450794
74195000	74235000	22.535414108843955
74200000	74235000	34.386663715658145
74205000	74235000	46.792841943999534
74210000	74235000	43.96451894487123
74215000	74235000	42.18634673605837
74220000	74235000	75.03188997030965
74225000	74235000	80.3430462841924
74230000	74235000	193.72351402888253
74235000	74235000	478.05007338633914
74050000	74240000	5.058496000584346
74055000	74240000	3.55475453212597
74060000	74240000	8.261821222864688
74065000	74240000	8.557035896695712
74070000	74240000	5.549261012315905
74075000	74240000	4.157900465608912
74080000	74240000	5.793186246087134
74085000	74240000	7.435887351326869
74090000	74240000	5.573484346897236
74095000	74240000	7.020455507946075
74100000	74240000	7.036735932743393
74105000	74240000	5.724317042755258
74110000	74240000	10.261865079434061
74115000	74240000	13.871369434926423
74120000	74240000	12.966116154211303
74125000	74240000	15.96662652526639
74130000	74240000	12.378089135494868
74135000	74240000	15.82114738077518
74140000	74240000	15.718218684815072
74145000	74240000	12.973002357606882
74150000	74240000	13.449948775272604
74155000	74240000	16.15578101315407
74160000	74240000	14.855679488529404
74165000	74240000	23.785804445076828
74170000	74240000	18.967796856234724
74175000	74240000	19.524957347901953
74180000	74240000	17.29559840263539
74185000	74240000	21.058129936240025
74190000	74240000	24.725419996904925
74195000	74240000	26.47402620871957
74200000	74240000	23.224508959303364
74205000	74240000	33.83439289859464
74210000	74240000	29.343991269013674
74215000	74240000	32.63670280458752
74220000	74240000	46.794440229457884
74225000	74240000	68.31264606802822
74230000	74240000	103.47642228994214
74235000	74240000	196.0711361606667
74240000	74240000	452.20116830035033
74045000	74245000	4.2410741934981155
74050000	74245000	3.7896193855961484
74055000	74245000	6.657693652631229
74060000	74245000	5.501706939134291
74065000	74245000	7.1228701428721095
74070000	74245000	10.393201410842261
74075000	74245000	7.498905203736653
74080000	74245000	7.789778454674
74085000	74245000	8.123885372215714
74090000	74245000	4.428483925319985
74095000	74245000	4.720009916367982
74100000	74245000	9.518232123368502
74105000	74245000	5.3605317746662795
74110000	74245000	4.076848674866669
74115000	74245000	10.750205780659996
74120000	74245000	6.226722219640593
74125000	74245000	10.36667402253602
74130000	74245000	11.240194843179088
74135000	74245000	9.877133244353223
74140000	74245000	10.762507975066654
74145000	74245000	12.958460701386976
74150000	74245000	15.674017918770145
74155000	74245000	6.483885961695047
74160000	74245000	14.491237800678233
74165000	74245000	15.839428358266439
74170000	74245000	18.335356968561992
74175000	74245000	18.709341841417213
74180000	74245000	17.816093084534305
74185000	74245000	13.633488766028833
74190000	74245000	17.873339042245195
74195000	74245000	21.768215785342473
74200000	74245000	21.023619071803942
74205000	74245000	23.560037341859598
74210000	74245000	28.08980330069525
74215000	74245000	27.166766480242735
74220000	74245000	37.695151254441626
74225000	74245000	50.735873448573315
74230000	74245000	65.42495545644191
74235000	74245000	84.53663850922324
74240000	74245000	180.19718952775295
74245000	74245000	639.7906431091996
74045000	74250000	6.392484786427542
74050000	74250000	4.442679224506953
74055000	74250000	2.2300013547609026
74060000	74250000	4.837356334000137
74065000	74250000	5.368078574741064
74070000	74250000	9.74739788582787
74075000	74250000	8.114936408852058
74080000	74250000	10.06403526004648
74085000	74250000	5.830936678415057
74090000	74250000	3.8142649483805338
74095000	74250000	5.420476076722674
74100000	74250000	6.621524997561948
74105000	74250000	5.386546938076787
74110000	74250000	9.948968294968783
74115000	74250000	6.60145293956047
74120000	74250000	6.882635195162626
74125000	74250000	8.013064972114627
74130000	74250000	10.82413020606748
74135000	74250000	4.962533949130401
74140000	74250000	11.45090057884136
74145000	74250000	7.812809595845355
74150000	74250000	14.625079297800848
74155000	74250000	16.650346219047186
74160000	74250000	12.231714714833148
74165000	74250000	19.8953732368787
74170000	74250000	16.888978494126974
74175000	74250000	15.951633966483136
74180000	74250000	17.90255625505806
74185000	74250000	22.50657338626447
74190000	74250000	27.21224247389427
74195000	74250000	18.633287277522665
74200000	74250000	23.311060597786632
74205000	74250000	26.93980764184271
74210000	74250000	15.340285733892154
74215000	74250000	31.848377569933685
74220000	74250000	38.82504159247512
74225000	74250000	42.85451833657205
74230000	74250000	59.11297623852762
74235000	74250000	74.14440644104445
74240000	74250000	99.35729365356364
74245000	74250000	155.94131497723663
74250000	74250000	507.9581946622587
74045000	74255000	6.370756715381769
74050000	74255000	3.7950673261882937
74055000	74255000	5.556053937084522
74060000	74255000	4.820914148275731
74065000	74255000	4.755406633647755
74070000	74255000	3.4693808775536388
74075000	74255000	5.199013106119771
74080000	74255000	4.4577011467458325
74085000	74255000	3.4866703864371864
74090000	74255000	6.3355004211960395
74095000	74255000	4.051538899200784
74100000	74255000	5.865794149592789
74105000	74255000	1.789412684059464
74110000	74255000	6.4156864122284025
74115000	74255000	7.177106820287412
74120000	74255000	7.48280847459026
74125000	74255000	4.791497127089955
74130000	74255000	5.159162112099938
74135000	74255000	7.418499426590117
74140000	74255000	6.33998830024691
74145000	74255000	6.488544864485445
74150000	74255000	11.211822014124992
74155000	74255000	13.70788179989947
74160000	74255000	16.25351878309927
74165000	74255000	20.81913625655115
74170000	74255000	13.006215357754154
74175000	74255000	19.30400310839415
74180000	74255000	15.138416723071302
74185000	74255000	13.653088211066324
74190000	74255000	20.611008477552083
74195000	74255000	20.992120431716074
74200000	74255000	31.217766519646933
74205000	74255000	21.15315813502024
74210000	74255000	23.237978980427258
74215000	74255000	29.472973082950563
74220000	74255000	31.143206854963907
74225000	74255000	36.081619493049494
74230000	74255000	39.64175400530027
74235000	74255000	54.80760010449329
74240000	74255000	73.5706210190334
74245000	74255000	85.5050853946712
74250000	74255000	161.97090429978348
74255000	74255000	475.58258019142596
74045000	74260000	4.633760307147251
74050000	74260000	7.360897352150295
74060000	74260000	3.0055582704967367
74065000	74260000	1.729418928377743
74070000	74260000	1.0093795835567627
74075000	74260000	6.7226566342313765
74080000	74260000	2.4317266642410718
74085000	74260000	5.072048914305536
74090000	74260000	8.29461005035547
74095000	74260000	3.9291742928332565
74100000	74260000	5.333095681289648
74105000	74260000	2.603053244359744
74110000	74260000	5.939105269384998
74115000	74260000	4.350214868471698
74120000	74260000	3.6284063201706696
74125000	74260000	12.778656817059096
74130000	74260000	8.187291919073038
74135000	74260000	5.395834390996355
74140000	74260000	9.222761893428109
74145000	74260000	4.719433340093424
74150000	74260000	6.52392149201558
74155000	74260000	6.2970992797443595
74160000	74260000	12.666399022239972
74165000	74260000	10.095178278353693
74170000	74260000	10.016524760230661
74175000	74260000	10.737034637528026
74180000	74260000	15.729863737055817
74185000	74260000	12.767854061019325
74190000	74260000	12.624325044856063
74195000	74260000	11.745067074574441
74200000	74260000	19.009838081739233
74205000	74260000	16.569234476348505
74210000	74260000	22.23961714697541
74215000	74260000	13.192075450305834
74220000	74260000	20.592695115134532
74225000	74260000	20.352421260402362
74230000	74260000	36.84263957699437
74235000	74260000	44.847253614495365
74240000	74260000	49.136327963737465
74245000	74260000	56.3089685840606
74250000	74260000	87.82915065790401
74255000	74260000	154.86186467689092
74260000	74260000	642.7743009241866
74045000	74265000	3.1434407845670482
74050000	74265000	6.553929903774588
74070000	74265000	2.054222536177119
74075000	74265000	5.985658845660538
74080000	74265000	4.948889195781825
74085000	74265000	4.30095763530189
74090000	74265000	1.8756268340819149
74095000	74265000	4.997747200602539
74100000	74265000	3.2560690293012993
74105000	74265000	1.324390428670694
74110000	74265000	5.180088876026825
74115000	74265000	3.541307775827352
74120000	74265000	2.769109666988918
74125000	74265000	5.910517447662348
74130000	74265000	6.9425978114022255
74135000	74265000	3.6604150338258834
74140000	74265000	6.569344152158154
74145000	74265000	0.9604678441230209
74150000	74265000	6.638526661063091
74155000	74265000	10.679533137419993
74160000	74265000	9.451866282458628
74165000	74265000	10.27251940892546
74170000	74265000	12.457480678131668
74175000	74265000	8.404347079757835
74180000	74265000	6.402475561432472
74185000	74265000	8.661430571819336
74190000	74265000	6.42304773982735
74195000	74265000	13.146530826061873
74200000	74265000	8.597236567169146
74205000	74265000	12.043074854733247
74210000	74265000	19.914662761897933
74215000	74265000	13.423819507759646
74220000	74265000	13.969630148806802
74225000	74265000	21.79994789293611
74230000	74265000	22.81990934395024
74235000	74265000	25.3528230391674
74240000	74265000	30.13668590842796
74245000	74265000	41.049416169623974
74250000	74265000	55.8575236319335
74255000	74265000	82.21685726886719
74260000	74265000	140.7798902785322
74265000	74265000	600.9017906523941
74045000	74270000	2.592337316362657
74050000	74270000	4.632775235648132
74055000	74270000	3.6173199753309997
74060000	74270000	2.241928899974499
74065000	74270000	0.9675159970494075
74070000	74270000	4.517544607204289
74075000	74270000	5.1713219267738895
74080000	74270000	4.9882031674514655
74085000	74270000	4.2563039948431385
74090000	74270000	3.609187550367646
74095000	74270000	2.1981596946423196
74100000	74270000	4.177008485963641
74105000	74270000	1.4562669656055236
74110000	74270000	5.221239497764714
74115000	74270000	4.867418075268382
74120000	74270000	3.044844514787383
74125000	74270000	4.549341180390054
74130000	74270000	4.198649881597179
74135000	74270000	3.018676391853412
74140000	74270000	7.739451837652457
74145000	74270000	4.2244267631157655
74150000	74270000	6.387114788113073
74155000	74270000	6.4586228038874625
74160000	74270000	10.86544927480529
74165000	74270000	12.102223201475935
74170000	74270000	8.716869447292336
74175000	74270000	8.317091002248548
74180000	74270000	10.560005708704537
74185000	74270000	11.1112106879496
74190000	74270000	9.269694609595305
74195000	74270000	12.48438199660743
74200000	74270000	11.816635919090904
74205000	74270000	13.90438067232853
74210000	74270000	15.925578705221659
74215000	74270000	13.837968735140045
74220000	74270000	24.577055789028417
74225000	74270000	12.584608905805222
74230000	74270000	20.61145658773652
74235000	74270000	26.682594258285675
74240000	74270000	29.371923395106926
74245000	74270000	33.382515926515985
74250000	74270000	58.58480318952145
74255000	74270000	70.15697840520207
74260000	74270000	84.24851589730244
74265000	74270000	225.82142081622072
74270000	74270000	439.51986844686695
74045000	74275000	3.7286942802091403
74050000	74275000	1.1105938010472989
74055000	74275000	4.877794144702103
74060000	74275000	1.813884489463785
74065000	74275000	3.65302569664655
74070000	74275000	2.4366827135811002
74075000	74275000	3.0428929085796144
74080000	74275000	2.9351427468104907
74085000	74275000	2.5508602250289862
74090000	74275000	2.224835626738635
74095000	74275000	2.964120000654724
74100000	74275000	1.9311459635454957
74105000	74275000	3.1419373575559826
74110000	74275000	3.584309455976585
74115000	74275000	2.100318560638366
74120000	74275000	3.8321141592602874
74125000	74275000	2.8043808184171444
74130000	74275000	4.117593828434948
74135000	74275000	3.2564400449723983
74140000	74275000	2.2264116337683975
74145000	74275000	5.126805436991257
74150000	74275000	2.952938923446006
74155000	74275000	6.33393737211539
74160000	74275000	7.644298548237141
74165000	74275000	4.351815072861916
74170000	74275000	7.388422453894435
74175000	74275000	10.9659978781664
74180000	74275000	9.018473648439155
74185000	74275000	11.130206647857838
74190000	74275000	10.952178067730234
74195000	74275000	11.341224798552382
74200000	74275000	15.296836656344231
74205000	74275000	12.856755594918356
74210000	74275000	9.66371866190702
74215000	74275000	14.927905373294594
74220000	74275000	12.42789754977061
74225000	74275000	14.868761426773673
74230000	74275000	18.36796221385702
74235000	74275000	24.058458926260496
74240000	74275000	28.029374313189283
74245000	74275000	22.82442042128609
74250000	74275000	48.418733334113135
74255000	74275000	51.8097274766635
74260000	74275000	73.88966135666433
74265000	74275000	112.78151204612196
74270000	74275000	174.02983900984842
74275000	74275000	631.4390034185515
74045000	74280000	5.338675778636196
74050000	74280000	2.7259332762101804
74060000	74280000	3.462781861036544
74065000	74280000	2.561796683115266
74070000	74280000	4.983996313693601
74075000	74280000	2.9045053392625615
74080000	74280000	2.8016555415314577
74085000	74280000	2.087014101168318
74090000	74280000	0.9101367609690221
74095000	74280000	3.8802033467599566
74100000	74280000	1.0533254149033668
74105000	74280000	3.213262875924703
74110000	74280000	1.6757382031756585
74115000	74280000	4.725595948953658
74120000	74280000	4.9268779606799535
74125000	74280000	5.736086845973717
74130000	74280000	3.7057397062995476
74135000	74280000	4.4404865378236344
74140000	74280000	3.643125898540395
74145000	74280000	4.194551757858693
74150000	74280000	8.858590295561484
74155000	74280000	6.7368338830807915
74160000	74280000	6.254266191135632
74165000	74280000	6.408872897277467
74170000	74280000	6.594456409232877
74175000	74280000	10.603214474553686
74180000	74280000	5.825180944625783
74185000	74280000	7.705330688231467
74190000	74280000	6.623084607454318
74195000	74280000	6.379275859458511
74200000	74280000	9.907924987168222
74205000	74280000	8.181362581146551
74210000	74280000	11.859715157596025
74215000	74280000	9.770742813512836
74220000	74280000	10.845887853203914
74225000	74280000	13.751783502589271
74230000	74280000	14.237003863502045
74235000	74280000	17.5747236093498
74240000	74280000	21.93547127869639
74245000	74280000	30.2934562719603
74250000	74280000	32.525437177808016
74255000	74280000	41.14196706130931
74260000	74280000	66.49899513728697
74265000	74280000	100.88560976102691
74270000	74280000	112.28414277329145
74275000	74280000	212.33904369353326
74280000	74280000	488.94441678595496
74045000	74285000	1.774031674336478
74050000	74285000	2.641981927610788
74055000	74285000	4.641496815399508
74060000	74285000	1.7260136101669976
74065000	74285000	3.972640473967014
74070000	74285000	2.8983016502217573
74075000	74285000	2.895484582946987
74080000	74285000	1.8619694760811285
74085000	74285000	2.9127452105851974
74090000	74285000	3.704849476508496
74095000	74285000	4.5128443342591655
74100000	74285000	1.2250630201499884
74105000	74285000	2.989730974014171
74110000	74285000	3.4106730279692212
74115000	74285000	1.4989288633340052
74120000	74285000	2.6046237205357357
74125000	74285000	1.3342634243788476
74130000	74285000	3.918123248917195
74135000	74285000	3.0986867526370165
74140000	74285000	3.1778347552228063
74145000	74285000	2.710247296563265
74150000	74285000	5.619776564015266
74155000	74285000	7.23251927477369
74160000	74285000	6.7890499736921175
74165000	74285000	9.11019560192724
74170000	74285000	4.473955531253045
74175000	74285000	5.217383382657652
74180000	74285000	6.323274918313413
74185000	74285000	8.146938992728714
74190000	74285000	4.9842513382904
74195000	74285000	5.395908193705215
74200000	74285000	6.67141045827939
74205000	74285000	10.194941330019951
74210000	74285000	11.749900734514673
74215000	74285000	9.469830445931839
74220000	74285000	8.672287746873739
74225000	74285000	12.918165394864925
74230000	74285000	9.65897994175923
74235000	74285000	11.446491710904057
74240000	74285000	21.64646224984045
74245000	74285000	23.16664110724228
74250000	74285000	24.24903228030419
74255000	74285000	38.66657561873467
74260000	74285000	54.13884547645564
74265000	74285000	57.95171080886039
74270000	74285000	81.02955087682201
74275000	74285000	107.35524341100945
74280000	74285000	177.40357253726953
74285000	74285000	517.2332772386874
74045000	74290000	2.492042780102481
74050000	74290000	0.7422564188800312
74055000	74290000	3.9120412994918623
74060000	74290000	0.8081967227152344
74065000	74290000	4.1853776433255545
74070000	74290000	0.814268629639396
74075000	74290000	2.0336929588728685
74080000	74290000	1.307786004264739
74085000	74290000	2.7277550066035543
74090000	74290000	2.2304264484581764
74095000	74290000	1.5848365764274244
74100000	74290000	2.5813316910002455
74105000	74290000	2.0998885183454843
74110000	74290000	2.7377649670109934
74115000	74290000	3.5093274693604664
74120000	74290000	3.6588037471610746
74125000	74290000	1.8742853251037634
74130000	74290000	4.953529187634696
74135000	74290000	1.4509436446216926
74140000	74290000	6.696019247576597
74145000	74290000	2.284306071441108
74150000	74290000	6.57857645889243
74155000	74290000	6.773177616231321
74160000	74290000	8.174408551409044
74165000	74290000	3.490200649668195
74170000	74290000	4.489084198699455
74175000	74290000	7.995312358767606
74180000	74290000	6.3446570538181435
74185000	74290000	4.577713192039483
74190000	74290000	6.3650434520969155
74195000	74290000	1.89495405447711
74200000	74290000	10.223517532714283
74205000	74290000	9.547454461148792
74210000	74290000	6.458668507141923
74215000	74290000	14.63285308051009
74220000	74290000	5.53739013057801
74225000	74290000	19.874833804062522
74230000	74290000	13.568298455560909
74235000	74290000	14.3564974861217
74240000	74290000	19.547693728341233
74245000	74290000	16.949463880333433
74250000	74290000	27.25075394889142
74255000	74290000	29.873941428298853
74260000	74290000	40.49451906799045
74265000	74290000	75.37661489582217
74270000	74290000	65.75326103845667
74275000	74290000	79.87330626842991
74280000	74290000	97.53614366853927
74285000	74290000	184.90516919516378
74290000	74290000	596.7705649027619
74045000	74295000	2.660514050503171
74050000	74295000	1.5848713732155757
74055000	74295000	5.568679599750568
74060000	74295000	0.8628337978475923
74065000	74295000	2.978883058144924
74070000	74295000	1.7386323760866476
74075000	74295000	0.72372603106866
74080000	74295000	2.792394309743474
74085000	74295000	3.6402016145869918
74090000	74295000	2.3812114912781857
74095000	74295000	1.6919773661201392
74100000	74295000	3.674452294184581
74105000	74295000	4.4836974326088415
74110000	74295000	3.653559952835441
74115000	74295000	0.7493141863051246
74120000	74295000	1.5624609424972042
74125000	74295000	3.001490874417534
74130000	74295000	4.113204670639452
74135000	74295000	4.647098336946142
74140000	74295000	1.5885988468629026
74145000	74295000	6.5032895339181325
74150000	74295000	2.809324982851691
74155000	74295000	4.519418355900965
74160000	74295000	2.909009558907958
74165000	74295000	4.968201424501318
74170000	74295000	5.751075389182776
74175000	74295000	8.535824921829033
74180000	74295000	5.418863390976959
74185000	74295000	7.3307751960585845
74190000	74295000	8.833946982391632
74195000	74295000	9.10376967547138
74200000	74295000	5.457332486128773
74205000	74295000	9.17360779233608
74210000	74295000	6.895298286206303
74215000	74295000	9.941328627458327
74220000	74295000	15.37051905536622
74225000	74295000	12.915575686331014
74230000	74295000	12.416198918298933
74235000	74295000	18.392459511278293
74240000	74295000	22.028589255149843
74245000	74295000	21.714372078444978
74250000	74295000	19.637778566254394
74255000	74295000	30.443823993393902
74260000	74295000	46.39542192487401
74265000	74295000	41.845622875204576
74270000	74295000	67.83881278173423
74275000	74295000	59.18203241603516
74280000	74295000	77.57680993151855
74285000	74295000	136.85162381246744
74290000	74295000	233.06990672738806
74295000	74295000	489.47945534657384
74045000	74300000	2.5258753620499714
74050000	74300000	3.0093338938513963
74055000	74300000	1.3217173761495509
74060000	74300000	4.09584499490814
74065000	74300000	3.535166127751376
74070000	74300000	3.3012933583937336
74075000	74300000	4.809706700415162
74080000	74300000	1.988311240108551
74085000	74300000	1.3823938376782274
74090000	74300000	2.2607072631367306
74095000	74300000	2.409529057789111
74100000	74300000	1.7442509873521466
74105000	74300000	6.3851913545268575
74110000	74300000	4.16240030014989
74115000	74300000	1.4227883827673709
74120000	74300000	5.933562497928049
74125000	74300000	0.9498655404175547
74130000	74300000	2.231457560331708
74135000	74300000	5.8825680408619805
74140000	74300000	3.770514467601775
74145000	74300000	3.087091158735769
74150000	74300000	4.000733292595003
74155000	74300000	2.574424474204377
74160000	74300000	5.523590880058545
74165000	74300000	5.895974111410963
74170000	74300000	8.190052385598976
74175000	74300000	5.402572449170729
74180000	74300000	9.646190503340865
74185000	74300000	8.11975735432571
74190000	74300000	10.322330940638473
74195000	74300000	4.801701034826936
74200000	74300000	3.4541048352718606
74205000	74300000	5.806243822038587
74210000	74300000	9.455843178278501
74215000	74300000	5.39327718939772
74220000	74300000	8.980107348115745
74225000	74300000	15.765385622141475
74230000	74300000	12.442742611883972
74235000	74300000	13.969348613138369
74240000	74300000	16.510898330594138
74245000	74300000	17.866756902973684
74250000	74300000	31.073306451506923
74255000	74300000	36.473055001377496
74260000	74300000	34.03672212085226
74265000	74300000	45.83996774700391
74270000	74300000	43.12384571860759
74275000	74300000	47.12462307695874
74280000	74300000	58.82188932727754
74285000	74300000	84.50943737654353
74290000	74300000	113.86784777517646
74295000	74300000	338.83215129994517
74300000	74300000	556.605297499282
74045000	74305000	1.2201251223847107
74050000	74305000	2.9073199261518043
74055000	74305000	3.830736701173535
74060000	74305000	3.165599348734441
74065000	74305000	4.09839225077735
74070000	74305000	3.1893822026664966
74075000	74305000	3.3190439722114795
74080000	74305000	3.2015151811336633
74085000	74305000	1.335531812632367
74090000	74305000	4.368142256824686
74095000	74305000	4.6556959709024515
74100000	74305000	4.212805749222447
74105000	74305000	6.168738568770084
74110000	74305000	6.031947480788721
74115000	74305000	0.6872785077735116
74120000	74305000	7.882076898476452
74125000	74305000	0.917665872325857
74130000	74305000	3.772672691736529
74135000	74305000	2.8415768880092163
74140000	74305000	3.6426970984840876
74145000	74305000	3.728051603868806
74150000	74305000	3.8651116928385405
74155000	74305000	4.974307163136527
74160000	74305000	5.336345648555537
74165000	74305000	2.2784421566783757
74170000	74305000	3.516629458252367
74175000	74305000	7.176715760358765
74180000	74305000	9.3191925027393
74185000	74305000	6.723860737795508
74190000	74305000	8.102585018103658
74195000	74305000	9.277854562100282
74200000	74305000	9.17678711112222
74205000	74305000	8.414125329063024
74210000	74305000	11.24344344239512
74215000	74305000	15.631348457576921
74220000	74305000	9.76015015189585
74225000	74305000	15.230951891502688
74230000	74305000	10.755581270382011
74235000	74305000	14.058124035534966
74240000	74305000	18.609724380809723
74245000	74305000	18.588864428207135
74250000	74305000	28.685726821888206
74255000	74305000	29.25306638581692
74260000	74305000	40.62005907579791
74265000	74305000	39.36536016006517
74270000	74305000	43.28517659841888
74275000	74305000	51.947630383710084
74280000	74305000	49.664697648023484
74285000	74305000	66.64868268409656
74290000	74305000	94.40387431992637
74295000	74305000	124.94122800462912
74300000	74305000	192.16183824610513
74305000	74305000	443.8737391529522
74045000	74310000	2.3052699370614107
74050000	74310000	2.0598780506865517
74055000	74310000	1.206280950480631
74060000	74310000	1.495248494915781
74065000	74310000	1.9358466342240244
74070000	74310000	1.5064821580010745
74075000	74310000	4.389635541458894
74080000	74310000	3.024426169378591
74085000	74310000	3.154145096645036
74090000	74310000	2.0632611444358275
74095000	74310000	4.398170220789582
74100000	74310000	3.9797780843085753
74105000	74310000	3.8850134605820887
74110000	74310000	1.899431860755665
74115000	74310000	1.2985245966103032
74120000	74310000	1.353833947199126
74125000	74310000	5.201435923896213
74130000	74310000	5.600556660122375
74135000	74310000	5.368795096172713
74140000	74310000	2.752963595911751
74145000	74310000	4.226205228566332
74150000	74310000	1.2171054735040285
74155000	74310000	3.9159647613556503
74160000	74310000	3.780877767685443
74165000	74310000	5.381030304558298
74170000	74310000	4.983165263851707
74175000	74310000	5.547061641130182
74180000	74310000	14.085935234094284
74185000	74310000	7.410592306490075
74190000	74310000	7.654397615472216
74195000	74310000	7.011726522157168
74200000	74310000	4.728644268742709
74205000	74310000	5.299136897764828
74210000	74310000	14.604593029749962
74215000	74310000	11.075035568244012
74220000	74310000	9.220275983825118
74225000	74310000	15.187824283546002
74230000	74310000	10.758330741954044
74235000	74310000	15.405392993966167
74240000	74310000	16.575752683598722
74245000	74310000	18.814968913672065
74250000	74310000	20.166698370419958
74255000	74310000	21.982353437764772
74260000	74310000	32.8913108913936
74265000	74310000	37.18789969721648
74270000	74310000	37.82407779924057
74275000	74310000	40.80326130419472
74280000	74310000	46.015277988541314
74285000	74310000	46.172184007847385
74290000	74310000	63.385558403268455
74295000	74310000	85.76862164176552
74300000	74310000	111.31009697112678
74305000	74310000	225.8994005742963
74310000	74310000	497.71533600375045
74045000	74315000	3.2078433856322173
74050000	74315000	1.2739440712434043
74055000	74315000	5.595238264007191
74060000	74315000	4.854913867895316
74065000	74315000	2.993090224059903
74070000	74315000	0.6987697692758256
74075000	74315000	5.2356793860969475
74080000	74315000	2.8057120561887725
74085000	74315000	2.3408401935482397
74090000	74315000	3.1900909152180623
74095000	74315000	2.720075042902035
74100000	74315000	3.6919768335408407
74105000	74315000	6.3071140987178556
74110000	74315000	4.11150303255526
74115000	74315000	3.6138618487576624
74120000	74315000	4.395755773995746
74125000	74315000	1.608429793936466
74130000	74315000	3.77857988443768
74135000	74315000	6.225682280266199
74140000	74315000	8.9385819046457
74145000	74315000	3.9205833760368725
74150000	74315000	9.032715125237058
74155000	74315000	6.539000811729544
74160000	74315000	4.092036868691632
74165000	74315000	3.9935169859526414
74170000	74315000	9.245606323822075
74175000	74315000	6.289458832285914
74180000	74315000	6.533649045417545
74185000	74315000	3.928393498873863
74190000	74315000	7.64708315607207
74195000	74315000	8.130833973191761
74200000	74315000	10.235605526315648
74205000	74315000	8.193208369015636
74210000	74315000	10.469255797421756
74215000	74315000	5.707852420467239
74220000	74315000	13.305449716040076
74225000	74315000	13.347950245885823
74230000	74315000	15.524961396677506
74235000	74315000	19.21938567996793
74240000	74315000	19.570806360168145
74245000	74315000	20.363405327743585
74250000	74315000	19.2929605095568
74255000	74315000	18.644735700110566
74260000	74315000	32.20789855898778
74265000	74315000	32.77369194928768
74270000	74315000	50.73650147388203
74275000	74315000	43.990785740951196
74280000	74315000	41.85062897332909
74285000	74315000	49.6475736214393
74290000	74315000	56.06680818006451
74295000	74315000	69.34667605799358
74300000	74315000	75.53963842889011
74305000	74315000	119.8460936977688
74310000	74315000	205.56143214604202
74315000	74315000	523.3873710958154
74045000	74320000	4.670677551258104
74050000	74320000	0.9274427177095852
74055000	74320000	1.62935346972921
74060000	74320000	3.0295036023668755
74065000	74320000	3.4863944744986926
74070000	74320000	6.104527963190144
74075000	74320000	5.9291891308347
74080000	74320000	1.6340668468828503
74085000	74320000	4.260381675761598
74090000	74320000	0.9289659271345554
74095000	74320000	3.9604780886508504
74100000	74320000	3.22535072505461
74105000	74320000	2.623791812107271
74110000	74320000	1.7104063480420773
74115000	74320000	3.5078984811502134
74120000	74320000	3.6573138926336837
74125000	74320000	1.1709513258910482
74130000	74320000	4.813970121113073
74135000	74320000	3.625882061193437
74140000	74320000	5.577743872913424
74145000	74320000	4.757033142658177
74150000	74320000	6.575897681183002
74155000	74320000	7.405146434745456
74160000	74320000	7.6603874581776665
74165000	74320000	8.721948624611928
74170000	74320000	12.339954704887724
74175000	74320000	7.492553147072508
74180000	74320000	7.9275919092852645
74185000	74320000	10.009670037910519
74190000	74320000	7.1577580774762355
74195000	74320000	5.919320107971683
74200000	74320000	7.451612689294961
74205000	74320000	5.964729227951279
74210000	74320000	8.07004819451372
74215000	74320000	11.635029814674983
74220000	74320000	9.686486811739089
74225000	74320000	10.797141754350665
74230000	74320000	16.146158908146507
74235000	74320000	20.808444763435624
74240000	74320000	17.64003760530249
74245000	74320000	17.789690211958405
74250000	74320000	17.8760252468655
74255000	74320000	26.29872392504801
74260000	74320000	27.149898046290957
74265000	74320000	32.64989942570877
74270000	74320000	35.210617766097926
74275000	74320000	37.23917074824955
74280000	74320000	40.82662890129469
74285000	74320000	43.93961784007938
74290000	74320000	47.785919488778596
74295000	74320000	48.8907393283569
74300000	74320000	60.5433410159224
74305000	74320000	93.5855537152765
74310000	74320000	104.06470235635413
74315000	74320000	193.93266754775203
74320000	74320000	604.5442745327537
74045000	74325000	2.7095327930158084
74050000	74325000	3.228143792458036
74055000	74325000	1.8904266497507236
74060000	74325000	2.9291037067921417
74065000	74325000	2.5281396688096125
74070000	74325000	1.7706658745571433
74075000	74325000	3.9309885275117553
74080000	74325000	4.265764327677435
74085000	74325000	4.448724777550635
74090000	74325000	1.616722808762988
74095000	74325000	3.4463025351630763
74100000	74325000	3.7421523805079513
74105000	74325000	6.088409982432685
74110000	74325000	3.96893344791407
74115000	74325000	4.57871972451725
74120000	74325000	5.3041618789194676
74125000	74325000	4.75500971153696
74130000	74325000	4.787415504963618
74135000	74325000	3.1551459849005314
74140000	74325000	4.314314791617626
74145000	74325000	2.2077032132562397
74150000	74325000	4.768475830097328
74155000	74325000	5.52322386195494
74160000	74325000	6.912749004898515
74165000	74325000	6.74631765463934
74170000	74325000	5.857036296857666
74175000	74325000	8.210143911536678
74180000	74325000	6.438487353702469
74185000	74325000	3.3181517080114706
74190000	74325000	8.766023545086448
74195000	74325000	5.494223660320789
74200000	74325000	8.645593158987774
74205000	74325000	8.99660404615715
74210000	74325000	9.8832947016886
74215000	74325000	7.713899440462913
74220000	74325000	8.830300075077
74225000	74325000	14.406257222072238
74230000	74325000	12.644961648436244
74235000	74325000	15.817569314076822
74240000	74325000	20.860108059304896
74245000	74325000	17.691559483451297
74250000	74325000	22.22177285091287
74255000	74325000	25.59121181292779
74260000	74325000	36.5115461114313
74265000	74325000	32.053517992077445
74270000	74325000	34.04371294905919
74275000	74325000	36.29307855428016
74280000	74325000	34.28901253592447
74285000	74325000	42.34638446129162
74290000	74325000	48.51237327712108
74295000	74325000	62.27370032249338
74300000	74325000	65.56131882038424
74305000	74325000	70.69067356742634
74310000	74325000	74.25989464394488
74315000	74325000	107.05165621957356
74320000	74325000	243.90632859390442
74325000	74325000	519.0899007538482
74045000	74330000	3.2511901350049786
74050000	74330000	3.8734756336849747
74055000	74330000	2.2683381025919203
74060000	74330000	4.920517050270296
74065000	74330000	3.640242084097461
74070000	74330000	3.541060312801906
74075000	74330000	2.3584123348510815
74080000	74330000	4.549799855991502
74085000	74330000	3.5587070330370563
74090000	74330000	4.526476892136253
74095000	74330000	3.446038382658379
74100000	74330000	6.735357993020164
74105000	74330000	4.565957488080191
74110000	74330000	4.167060698585891
74115000	74330000	1.8313475097594496
74120000	74330000	3.182253195027456
74125000	74330000	4.890492256245588
74130000	74330000	2.3935242793560807
74135000	74330000	6.309808297978237
74140000	74330000	6.470976161447888
74145000	74330000	5.960341791962253
74150000	74330000	2.288692961057167
74155000	74330000	8.100107425518212
74160000	74330000	3.554855565888869
74165000	74330000	4.047480337368514
74170000	74330000	10.932296416936842
74175000	74330000	7.533436945129533
74180000	74330000	8.27742067193366
74185000	74330000	12.939799774289018
74190000	74330000	5.536011565977082
74195000	74330000	8.240703807862014
74200000	74330000	12.596898715152165
74205000	74330000	4.15196052629826
74210000	74330000	6.241602420652468
74215000	74330000	10.412966049492475
74220000	74330000	10.595547899337262
74225000	74330000	12.025171208332177
74230000	74330000	15.172790923542943
74235000	74330000	14.983917089315199
74240000	74330000	16.529384626771392
74245000	74330000	20.63857070242215
74250000	74330000	26.66408351337783
74255000	74330000	23.62084642655794
74260000	74330000	36.079232893874035
74265000	74330000	37.58715353182182
74270000	74330000	32.19887913536401
74275000	74330000	25.403207731406237
74280000	74330000	28.8429789984329
74285000	74330000	42.42535837861135
74290000	74330000	36.727981564416226
74295000	74330000	36.99144187862134
74300000	74330000	49.86960911367626
74305000	74330000	52.92911914045622
74310000	74330000	66.66852161913674
74315000	74330000	79.09321650916608
74320000	74330000	97.84367787444205
74325000	74330000	209.96414268869412
74330000	74330000	650.9394065609208
74045000	74335000	4.515005552285911
74050000	74335000	2.689594158833326
74055000	74335000	1.5750477059762187
74060000	74335000	3.904708452609042
74065000	74335000	2.5276456526495497
74070000	74335000	4.917555205750957
74075000	74335000	7.369163221650765
74080000	74335000	3.1592079759370657
74085000	74335000	2.471030814243139
74090000	74335000	1.7960076553634774
74095000	74335000	4.785595977169486
74100000	74335000	3.117850948149562
74105000	74335000	1.2681708884523253
74110000	74335000	4.960197363225107
74115000	74335000	2.543236117046175
74120000	74335000	0.8838542347697264
74125000	74335000	3.3957718210052126
74130000	74335000	4.653522232445567
74135000	74335000	7.0100654384983425
74140000	74335000	2.695919840222041
74145000	74335000	4.598482942956402
74150000	74335000	1.589181345531329
74155000	74335000	5.113096838343848
74160000	74335000	2.4683565019395797
74165000	74335000	5.620832814183878
74170000	74335000	3.253273217239633
74175000	74335000	5.633311484731231
74180000	74335000	6.130694503119964
74185000	74335000	6.9114652457868235
74190000	74335000	9.225590108233005
74195000	74335000	9.15525008436547
74200000	74335000	9.261325446066206
74205000	74335000	5.765926953109394
74210000	74335000	10.401435196664282
74215000	74335000	9.640490113251245
74220000	74335000	12.038965326448265
74225000	74335000	9.393549220909525
74230000	74335000	10.925609276777182
74235000	74335000	15.259584469767487
74240000	74335000	20.331351801901356
74245000	74335000	15.558978988546688
74250000	74335000	16.457355971254273
74255000	74335000	27.88240954435069
74260000	74335000	45.3322757191375
74265000	74335000	38.84515698259965
74270000	74335000	30.032700502608257
74275000	74335000	30.238322194236616
74280000	74335000	27.095985605992777
74285000	74335000	29.45855528022764
74290000	74335000	35.60728301493012
74295000	74335000	31.849958412427423
74300000	74335000	52.67290795753565
74305000	74335000	49.002623013597116
74310000	74335000	48.96278304298236
74315000	74335000	53.68053968021412
74320000	74335000	68.54015805119522
74325000	74335000	112.3079881457845
74330000	74335000	132.24821390746936
74335000	74335000	810.1798295948071
74050000	74340000	5.094050108704667
74055000	74340000	1.4915581058005267
74060000	74340000	1.8488644887321224
74065000	74340000	2.393661060230656
74070000	74340000	2.794132253910345
74075000	74340000	3.876967272700176
74080000	74340000	8.227300784594027
74085000	74340000	5.46011023174688
74090000	74340000	2.5512082265249565
74095000	74340000	2.719153627061495
74100000	74340000	6.889355553531378
74105000	74340000	1.200948111624932
74110000	74340000	3.1315125907686903
74115000	74340000	3.2112334806974236
74120000	74340000	8.370031861351201
74125000	74340000	7.503463072040796
74130000	74340000	5.665949855715267
74135000	74340000	4.978858681856744
74140000	74340000	8.51005142048347
74145000	74340000	6.09661934346381
74150000	74340000	13.544482987203105
74155000	74340000	2.9052381103267844
74160000	74340000	4.6750293778454
74165000	74340000	2.6614427974260138
74170000	74340000	5.134708004024099
74175000	74340000	8.383104400344363
74180000	74340000	8.708581059753675
74185000	74340000	6.545104615686871
74190000	74340000	7.280469270082256
74195000	74340000	10.837439575760742
74200000	74340000	10.719382929612692
74205000	74340000	8.736461811773367
74210000	74340000	11.491759312510657
74215000	74340000	9.129470248901045
74220000	74340000	10.134051460427614
74225000	74340000	8.895619116501463
74230000	74340000	19.214869601799347
74235000	74340000	15.107559971196293
74240000	74340000	16.7692944158083
74245000	74340000	14.734233852277546
74250000	74340000	19.481237461752503
74255000	74340000	33.39383558529477
74260000	74340000	39.540161004828335
74265000	74340000	49.43127610500107
74270000	74340000	39.81703207165572
74275000	74340000	23.86288280004145
74280000	74340000	30.12224559851839
74285000	74340000	38.92608288685202
74290000	74340000	40.09925029000979
74295000	74340000	37.94532237913175
74300000	74340000	37.87248972892353
74305000	74340000	40.15826690132941
74310000	74340000	46.36738027249035
74315000	74340000	42.23220340094425
74320000	74340000	69.46188185562009
74325000	74340000	83.23419443738824
74330000	74340000	97.4954400717715
74335000	74340000	175.02183668200257
74340000	74340000	629.6200005934529
74045000	74345000	4.777870440965984
74050000	74345000	2.8461830845763627
74055000	74345000	5.000242274575956
74060000	74345000	3.099031254822924
74065000	74345000	6.241213745603821
74070000	74345000	4.163085318463069
74075000	74345000	2.59939932325981
74080000	74345000	5.01470692459666
74085000	74345000	3.486526561076168
74090000	74345000	4.751429311069862
74095000	74345000	5.06421471622498
74100000	74345000	2.1995820694630877
74110000	74345000	5.248981443912498
74115000	74345000	5.382608073152841
74120000	74345000	2.8059374281106986
74125000	74345000	3.5934746081611517
74130000	74345000	4.92445160106677
74135000	74345000	1.854548353261778
74140000	74345000	8.558631146725302
74145000	74345000	7.78593265394819
74150000	74345000	10.090223573219475
74155000	74345000	5.410782769325972
74160000	74345000	8.706883030972403
74165000	74345000	8.922118913974762
74170000	74345000	5.737799492910144
74175000	74345000	7.664508589149266
74180000	74345000	7.298578412267246
74185000	74345000	11.702164303169814
74190000	74345000	6.50847103333431
74195000	74345000	7.2662034826725606
74200000	74345000	7.622628540503589
74205000	74345000	9.762593338148228
74210000	74345000	11.924260474789778
74215000	74345000	6.80117476639759
74220000	74345000	14.155419179921381
74225000	74345000	11.044938099213459
74230000	74345000	16.51671615857812
74235000	74345000	16.882001834165607
74240000	74345000	21.515048802100253
74245000	74345000	17.331396953677327
74250000	74345000	24.381710987792854
74255000	74345000	24.29883749395442
74260000	74345000	30.29781064221261
74265000	74345000	41.106732909305045
74270000	74345000	33.89996025938227
74275000	74345000	23.61816617635204
74280000	74345000	26.803509211619733
74285000	74345000	31.898609011655424
74290000	74345000	19.34936841144176
74295000	74345000	19.570222403898242
74300000	74345000	26.83755601776988
74305000	74345000	35.90000962578851
74310000	74345000	32.97216999656513
74315000	74345000	33.20956551275678
74320000	74345000	31.811660202968238
74325000	74345000	51.67243073579382
74330000	74345000	68.20238058837063
74335000	74345000	83.64377817989104
74340000	74345000	139.7823826922321
74345000	74345000	541.494612258849
74045000	74350000	2.418127685319064
74050000	74350000	5.041685348668226
74055000	74350000	2.5306722789683467
74060000	74350000	2.352675747767229
74065000	74350000	4.738110399197178
74070000	74350000	4.74070236435556
74075000	74350000	5.920118169584586
74080000	74350000	3.8069894730161646
74085000	74350000	3.9702728738656456
74090000	74350000	2.1642710101721425
74095000	74350000	2.306744430371199
74100000	74350000	1.6698454983298152
74105000	74350000	2.037604892997073
74110000	74350000	5.313123286233208
74115000	74350000	5.44838281478443
74120000	74350000	4.970394806028846
74125000	74350000	1.8186931905857053
74130000	74350000	4.272538056567722
74135000	74350000	5.631632048873858
74140000	74350000	7.9412817551414046
74145000	74350000	6.64965761887966
74150000	74350000	3.8300717769977894
74155000	74350000	6.572282162314567
74160000	74350000	6.609959971760679
74165000	74350000	5.644466249180372
74170000	74350000	6.969497550700697
74175000	74350000	9.697709807531147
74180000	74350000	9.234707564928893
74185000	74350000	14.436292608573812
74190000	74350000	11.117256189500315
74195000	74350000	11.951867695777185
74200000	74350000	14.880425198510006
74205000	74350000	5.558563634901361
74210000	74350000	11.837858451174009
74215000	74350000	7.744819726000638
74220000	74350000	13.97018657295792
74225000	74350000	18.446844482311626
74230000	74350000	16.92753004541865
74235000	74350000	17.27403997540172
74240000	74350000	22.129217200334434
74245000	74350000	18.420343490934776
74250000	74350000	22.47611181935005
74255000	74350000	26.352606425450798
74260000	74350000	38.33505723089284
74265000	74350000	33.157213008050974
74270000	74350000	33.24189402038154
74275000	74350000	26.027539441157494
74280000	74350000	22.714362806993556
74285000	74350000	23.665933718471866
74290000	74350000	28.605598329929148
74295000	74350000	25.587100166806557
74300000	74350000	22.724991698225477
74305000	74350000	37.0957591911287
74310000	74350000	30.03757690334472
74315000	74350000	29.855766823881556
74320000	74350000	46.36856791017507
74325000	74350000	42.0298881756854
74330000	74350000	61.19082666432804
74335000	74350000	76.57283044060509
74340000	74350000	94.62177486869673
74345000	74350000	218.38821685235905
74350000	74350000	487.6254954787888
74045000	74355000	2.179439475960431
74055000	74355000	2.2808750336004766
74060000	74355000	4.2408963182124655
74065000	74355000	3.660361423366429
74070000	74355000	2.848505185612141
74075000	74355000	3.557170648866655
74080000	74355000	4.574946251421763
74085000	74355000	1.1927919114406245
74090000	74355000	2.600853933332059
74095000	74355000	1.3860337491757935
74105000	74355000	3.672954548404666
74110000	74355000	2.3943381279995086
74115000	74355000	7.3658769088854825
74120000	74355000	2.5598730118194424
74125000	74355000	4.917521632485563
74130000	74355000	3.8508049676451632
74135000	74355000	10.151491400488325
74140000	74355000	2.602696300486313
74145000	74355000	9.322886447262553
74150000	74355000	6.904027175429725
74155000	74355000	7.4044328173105525
74160000	74355000	9.532007947759098
74165000	74355000	4.069850451281469
74170000	74355000	7.8519417015413
74175000	74355000	11.653959498918823
74180000	74355000	5.548779561462192
74185000	74355000	6.0052232570092965
74190000	74355000	6.67993041361818
74195000	74355000	11.600749365555412
74200000	74355000	8.941073512812974
74205000	74355000	15.029669139175736
74210000	74355000	17.573077982090158
74215000	74355000	11.633908572819127
74220000	74355000	27.119549370546117
74225000	74355000	7.557270880528013
74230000	74355000	14.69158867435166
74235000	74355000	20.088976069018276
74240000	74355000	18.045376235961413
74245000	74355000	16.602110801935126
74250000	74355000	22.64078326066432
74255000	74355000	23.751397036132005
74260000	74355000	20.730651458015018
74265000	74355000	35.15804172221392
74270000	74355000	22.228875137996482
74275000	74355000	22.937118568965193
74280000	74355000	27.296368879885225
74285000	74355000	10.912982347556072
74290000	74355000	19.51070340710003
74295000	74355000	19.34186318765236
74300000	74355000	29.663378228742797
74305000	74355000	34.11644508282931
74310000	74355000	33.51849671669053
74315000	74355000	35.87835729055067
74320000	74355000	38.308990311250774
74325000	74355000	44.44728387970144
74330000	74355000	31.514749202404868
74335000	74355000	50.498407465677445
74340000	74355000	74.92051423551304
74345000	74355000	89.06406483596338
74350000	74355000	262.3435295280862
74355000	74355000	606.9648671723022
74090000	74360000	40.94473267044813
74140000	74360000	40.97373669472069
74205000	74360000	52.57980654756547
74265000	74360000	55.348614587066116
74280000	74360000	107.43034358228867
74300000	74360000	44.474736917407974
74310000	74360000	81.1807862848836
74320000	74360000	54.826446424408
74350000	74360000	127.7326596392111
74355000	74360000	76.74962809098099
74080000	74365000	34.57262923021188
74085000	74365000	36.055464031051166
74130000	74365000	14.550165736141768
74165000	74365000	30.75564672062267
74175000	74365000	17.61367232215303
74180000	74365000	50.31820386497252
74190000	74365000	16.826628101686577
74205000	74365000	25.239649461091066
74230000	74365000	17.080548647329955
74235000	74365000	15.18113400857832
74240000	74365000	57.418089756429836
74245000	74365000	35.846080534565075
74255000	74365000	17.948806353179688
74260000	74365000	26.110074565938728
74265000	74365000	53.13749601078602
74270000	74365000	43.8215074650452
74275000	74365000	15.75769125450085
74280000	74365000	38.676980644393716
74285000	74365000	29.988667666614344
74290000	74365000	21.063051980577114
74305000	74365000	41.25059020782995
74310000	74365000	38.96884989397289
74315000	74365000	36.15078227741783
74320000	74365000	26.31809395680289
74325000	74365000	45.8026086213683
74335000	74365000	25.44092137307574
74340000	74365000	48.184715102995014
74345000	74365000	107.68839578309424
74350000	74365000	20.438312511414242
74355000	74365000	73.68356167431205
74070000	74380000	30.79836418428502
74100000	74380000	32.544867302194554
74125000	74380000	35.445871255884306
74135000	74380000	109.75908723813292
74140000	74380000	28.140650376328082
74160000	74380000	25.76529030607118
74170000	74380000	33.958437049623996
74175000	74380000	50.40157773270509
74190000	74380000	48.14944826581222
74205000	74380000	36.11166743063126
74230000	74380000	24.438021345579905
74245000	74380000	25.643417531439066
74250000	74380000	25.76786744154631
74255000	74380000	51.360564797226566
74270000	74380000	20.899229818625088
74280000	74380000	18.44571658842327
74290000	74380000	30.135994137686385
74295000	74380000	32.17329833555212
74300000	74380000	30.54512776066153
74305000	74380000	29.50967281060676
74310000	74380000	27.87737107234188
74315000	74380000	51.72278755185366
74320000	74380000	75.30930711547913
74325000	74380000	21.844050997882018
74330000	74380000	78.63255609519246
74335000	74380000	72.7992750588411
74340000	74380000	34.47017775982719
74345000	74380000	77.03766925630642
74350000	74380000	29.242147177728505
74055000	74390000	10.262755155647515
74065000	74390000	5.4899095764851005
74070000	74390000	6.408398278923485
74085000	74390000	10.733890422245855
74095000	74390000	6.236433296742784
74100000	74390000	6.771803539929421
74105000	74390000	8.263195631677394
74110000	74390000	5.386640128350529
74130000	74390000	4.331656486316718
74140000	74390000	11.710784011799289
74150000	74390000	10.354847656504413
74175000	74390000	15.731032761900911
74180000	74390000	4.993326264092241
74185000	74390000	9.006797104004455
74190000	74390000	15.028111860979488
74205000	74390000	7.513968794797111
74215000	74390000	31.407934260447078
74225000	74390000	13.6015203900643
74230000	74390000	15.254892077471416
74235000	74390000	4.51949886966297
74240000	74390000	12.820237520090238
74245000	74390000	5.335777958559309
74250000	74390000	32.17003793627309
74255000	74390000	10.686897300182887
74260000	74390000	7.773098664493431
74265000	74390000	23.728944065222503
74270000	74390000	21.743133433827303
74275000	74390000	32.83799974434108
74280000	74390000	15.352438555691588
74285000	74390000	26.78332518744186
74290000	74390000	12.541150030568158
74300000	74390000	12.711411748991598
74305000	74390000	12.2805052449884
74310000	74390000	11.601219839595476
74315000	74390000	16.143400705233862
74325000	74390000	22.726106162964985
74330000	74390000	5.4538474200837275
74335000	74390000	45.44333064598299
74340000	74390000	21.517242913470465
74345000	74390000	8.01484234877476
74350000	74390000	12.169173955115562
74355000	74390000	54.83990417178673
74365000	74390000	165.7689135353074
74390000	74390000	49.350227520864934
74045000	74395000	6.316971692780336
74050000	74395000	1.2543425081589332
74060000	74395000	2.731550656809631
74065000	74395000	1.1788147952614354
74070000	74395000	4.12810881484111
74080000	74395000	2.210033534233023
74085000	74395000	2.3048228143239564
74090000	74395000	2.5128052197419377
74095000	74395000	2.6782225599308638
74100000	74395000	2.908136133121329
74105000	74395000	3.5486111860507115
74110000	74395000	2.3132807532010524
74115000	74395000	3.558257099219602
74120000	74395000	4.946423313927148
74125000	74395000	1.5836816603374644
74130000	74395000	3.720440697917327
74135000	74395000	4.9039125674066995
74140000	74395000	5.029170431640728
74145000	74395000	1.2867530834234207
74150000	74395000	6.6702998201187595
74155000	74395000	10.015270781555028
74160000	74395000	2.30232838326533
74165000	74395000	3.9320706659013585
74170000	74395000	6.068899091911696
74175000	74395000	4.503771608892664
74180000	74395000	3.2165594691532635
74185000	74395000	1.933974601256735
74190000	74395000	6.453789578774337
74195000	74395000	8.005728751814718
74200000	74395000	5.758922971453767
74205000	74395000	4.840286053733481
74210000	74395000	9.70180744197921
74215000	74395000	4.496022758237384
74220000	74395000	5.614596504688259
74225000	74395000	5.841143009908519
74230000	74395000	7.643043151169224
74235000	74395000	8.733999812658759
74240000	74395000	12.846453200281188
74245000	74395000	12.602909584509632
74250000	74395000	12.664072686617963
74255000	74395000	18.357858143027315
74260000	74395000	21.697910790687175
74265000	74395000	13.587123770891852
74270000	74395000	14.940065313672848
74275000	74395000	25.182512055016677
74280000	74395000	9.065472575969173
74285000	74395000	8.62653006139374
74290000	74395000	13.46442322925505
74295000	74395000	12.937201047444736
74300000	74395000	17.741385389406155
74305000	74395000	7.91075394287996
74310000	74395000	17.437414186202368
74315000	74395000	13.865495838893235
74320000	74395000	15.141308123514689
74325000	74395000	20.49532022403489
74330000	74395000	21.079284991095886
74335000	74395000	14.636653782303204
74340000	74395000	20.021154040351817
74345000	74395000	13.767825660214486
74350000	74395000	23.517112429794043
74355000	74395000	16.48561334406083
74360000	74395000	74.15136375351643
74365000	74395000	35.594547623668745
74390000	74395000	127.16007986789447
74395000	74395000	762.2452728635836
74045000	74400000	4.445118508709643
74050000	74400000	0.8826541213808221
74055000	74400000	1.5506677962756583
74060000	74400000	3.8442680995197867
74065000	74400000	1.6590137551973319
74070000	74400000	2.9048622965636817
74075000	74400000	2.418365710438436
74080000	74400000	2.3327303284695455
74085000	74400000	5.676491628156132
74090000	74400000	1.7682075422030077
74095000	74400000	0.9423041015997146
74100000	74400000	1.0231967452030206
74105000	74400000	1.24854107557235
74110000	74400000	0.8139032112212882
74115000	74400000	5.0077395498117045
74120000	74400000	5.22103918475206
74125000	74400000	1.1144030720156144
74130000	74400000	2.617994920852658
74135000	74400000	6.901557764897636
74140000	74400000	6.193110306432075
74145000	74400000	4.527303766298157
74150000	74400000	6.258330654004099
74155000	74400000	5.033952036103219
74160000	74400000	2.430149209298383
74165000	74400000	6.917286060711882
74170000	74400000	9.608748975637258
74175000	74400000	2.3769061559081877
74180000	74400000	4.526848852920966
74185000	74400000	4.082690273210763
74190000	74400000	0.7568990570992153
74195000	74400000	6.760153082415536
74200000	74400000	8.104863005765715
74205000	74400000	5.676677098693266
74210000	74400000	4.266847107052801
74215000	74400000	11.073144273183479
74220000	74400000	13.169573468486606
74225000	74400000	7.19300398897127
74230000	74400000	8.451530631419873
74235000	74400000	8.877454075501579
74240000	74400000	14.20536173613897
74245000	74400000	5.643526758702399
74250000	74400000	12.96209216756472
74255000	74400000	12.918033985351023
74260000	74400000	11.74489071745061
74265000	74400000	14.341454645858345
74270000	74400000	10.51300592703914
74275000	74400000	16.30276585135472
74280000	74400000	9.85873283846419
74285000	74400000	5.395827171873372
74290000	74400000	11.369553605668107
74295000	74400000	15.172721630898858
74300000	74400000	8.642932083478073
74305000	74400000	17.62765897729976
74310000	74400000	12.270337166733226
74315000	74400000	17.074494959127115
74320000	74400000	16.573847435291224
74325000	74400000	16.48242348672255
74330000	74400000	14.833044126408751
74335000	74400000	18.31022522886681
74340000	74400000	22.758281378795942
74345000	74400000	20.58726740311509
74350000	74400000	28.5001796336235
74355000	74400000	18.22947527566425
74360000	74400000	52.178736188343265
74365000	74400000	50.094250899350605
74380000	74400000	107.50864021225695
74390000	74400000	67.10988097775417
74395000	74400000	453.1174435014882
74400000	74400000	440.53002769437006
74045000	74405000	1.3684730737322846
74050000	74405000	4.891206191896127
74060000	74405000	2.6628646879063456
74065000	74405000	2.2983460211933324
74070000	74405000	1.7885803620122054
74075000	74405000	1.4890349270499603
74080000	74405000	2.872615104892594
74085000	74405000	2.246867093181615
74090000	74405000	0.8165398983853784
74095000	74405000	3.481170064051308
74100000	74405000	7.5600262653819446
74110000	74405000	3.0068164715920567
74115000	74405000	1.5416814469072209
74120000	74405000	1.6073478192392232
74125000	74405000	5.146197770711191
74130000	74405000	4.835851574262852
74135000	74405000	4.780601661467749
74140000	74405000	4.08559155416392
74145000	74405000	2.508794291887542
74150000	74405000	4.335048251673988
74155000	74405000	3.719402919334159
74160000	74405000	5.985161028324553
74165000	74405000	6.388661876285335
74170000	74405000	8.874441178327093
74175000	74405000	6.585783618812405
74180000	74405000	5.574538228342089
74185000	74405000	2.5137920153672018
74190000	74405000	3.49528131975825
74195000	74405000	4.162358078628337
74200000	74405000	3.742741650626634
74205000	74405000	13.631439070158345
74210000	74405000	10.246005779483296
74215000	74405000	13.14890522980478
74220000	74405000	9.730515836021445
74225000	74405000	10.439485938907135
74230000	74405000	9.934474234579486
74235000	74405000	10.091116778432756
74240000	74405000	10.734363283964315
74245000	74405000	19.3597642258931
74250000	74405000	12.719739331266158
74255000	74405000	16.404888703074825
74260000	74405000	5.423668683725957
74265000	74405000	9.93410245098074
74270000	74405000	12.743842303331908
74275000	74405000	15.711543931876651
74280000	74405000	11.247749578088722
74285000	74405000	11.835750787716837
74290000	74405000	13.125854748776842
74295000	74405000	12.144782757250795
74300000	74405000	6.2085587953117045
74305000	74405000	17.137410598381127
74310000	74405000	15.379996235794096
74315000	74405000	13.516842222075017
74320000	74405000	18.587389078668714
74325000	74405000	20.931383456898565
74330000	74405000	15.982740408484545
74335000	74405000	22.195614125453666
74340000	74405000	22.01998486417367
74345000	74405000	25.724787000688686
74350000	74405000	30.56768657256075
74355000	74405000	24.48925834809777
74365000	74405000	23.133005353028413
74380000	74405000	99.29274936254954
74390000	74405000	82.64172477695705
74395000	74405000	94.6408184113157
74400000	74405000	126.9500151616498
74405000	74405000	510.31885516908756
