100955000	100955000	1123.01062915766
100955000	100960000	81.54279522518331
100960000	100960000	1273.6501938075808
100955000	100965000	56.3878249641118
100960000	100965000	278.41714998101236
100965000	100965000	900.3553283273
100955000	100970000	52.66355616180667
100960000	100970000	112.16912374358145
100965000	100970000	178.04991587406437
100970000	100970000	591.6198597462615
100955000	100975000	32.89317778866311
100960000	100975000	61.87100424311519
100965000	100975000	69.83947718455975
100970000	100975000	173.93803154545736
100975000	100975000	507.12700540593113
100955000	100980000	29.551687826399718
100960000	100980000	53.40593552508485
100965000	100980000	75.18065407016564
100970000	100980000	115.79343479809125
100975000	100980000	274.3457738628411
100980000	100980000	447.9228289489625
100955000	100985000	24.770977900889562
100960000	100985000	38.371042525498396
100965000	100985000	39.80105704575011
100970000	100985000	71.24691027470634
100975000	100985000	79.60279144346585
100980000	100985000	139.05938190561798
100985000	100985000	725.6054097369775
100955000	100990000	33.944803684548404
100960000	100990000	30.046625205879153
100965000	100990000	38.95800599686521
100970000	100990000	54.577396931173574
100975000	100990000	80.5138974982237
100980000	100990000	73.5014942719987
100985000	100990000	237.88624399914698
100990000	100990000	556.1535663658743
100955000	100995000	34.067067502762576
100960000	100995000	26.38549235112321
100965000	100995000	30.78993217979604
100970000	100995000	38.341783262632084
100975000	100995000	41.053592237503516
100980000	100995000	43.030303772251386
100985000	100995000	81.1554689418544
100990000	100995000	228.30628247951387
100995000	100995000	814.3514102064493
100955000	101000000	27.411166664617756
100960000	101000000	30.329128534721978
100965000	101000000	34.60538012674039
100970000	101000000	37.21672212830925
100975000	101000000	49.28686987282937
100980000	101000000	57.15575566614717
100985000	101000000	66.3361076647844
100990000	101000000	86.57466818005248
100995000	101000000	161.55457934141074
101000000	101000000	568.9001603111934
100955000	101005000	30.05609637764607
100960000	101005000	27.158752398675777
100965000	101005000	24.146491335255178
100970000	101005000	35.08038885060303
100975000	101005000	30.8541125817155
100980000	101005000	39.37009862974547
100985000	101005000	37.12614758072485
100990000	101005000	56.759237099362345
100995000	101005000	87.52954923832115
101000000	101005000	215.756665073902
101005000	101005000	576.320146927267
100955000	101010000	13.924758014164812
100960000	101010000	32.354847922633176
100965000	101010000	24.238247590041578
100970000	101010000	33.665839059839776
100975000	101010000	24.859952655017775
100980000	101010000	26.05694791141749
100985000	101010000	37.67675626704825
100990000	101010000	57.7231847370591
100995000	101010000	72.09202874331048
101000000	101010000	105.65551253165695
101005000	101010000	214.6638172716877
101010000	101010000	613.9018122850653
100955000	101015000	32.1314358381593
100960000	101015000	8.295438152693047
100965000	101015000	19.360334438651368
100970000	101015000	32.14512859178199
100975000	101015000	30.11633205779649
100980000	101015000	39.08223373910613
100985000	101015000	39.689666080366756
100990000	101015000	41.438906104633645
100995000	101015000	44.18742265135445
101000000	101015000	65.7305338463375
101005000	101015000	97.84447066789508
101010000	101015000	202.57107334570128
101015000	101015000	652.1188712541976
100955000	101020000	12.960411725524905
100960000	101020000	20.076095156914462
100965000	101020000	10.412146191561957
100970000	101020000	22.690385867946986
100975000	101020000	25.45212948865398
100980000	101020000	21.827158188967925
100985000	101020000	27.444120433036673
100990000	101020000	39.398787085745084
100995000	101020000	33.54968085230744
101000000	101020000	44.348707036690946
101005000	101020000	72.76574610535091
101010000	101020000	94.85017689612148
101015000	101020000	163.49113869714907
101020000	101020000	502.03407239098976
100955000	101025000	15.1096960710677
100960000	101025000	19.5045048554406
100965000	101025000	22.254540018637663
100970000	101025000	27.712914241626294
100975000	101025000	28.32420103855067
100980000	101025000	11.309713621756604
100985000	101025000	28.440270603391806
100990000	101025000	30.621645414854296
100995000	101025000	34.22420562196761
101000000	101025000	56.1991912338158
101005000	101025000	53.20024464757759
101010000	101025000	65.28194167421672
101015000	101025000	96.83893692626006
101020000	101025000	203.36301539760913
101025000	101025000	640.4257437035741
100955000	101030000	34.49473499683566
100960000	101030000	5.343345542372981
100965000	101030000	22.169926772859217
100970000	101030000	20.70566091968792
100975000	101030000	20.322605803189646
100980000	101030000	38.72932709278139
100985000	101030000	36.52189766835905
100990000	101030000	45.757829814269414
100995000	101030000	46.87936399994963
101000000	101030000	33.871238486574974
101005000	101030000	55.1465402724974
101010000	101030000	56.57271368248524
101015000	101030000	65.27088363152276
101020000	101030000	88.324218406846
101025000	101030000	134.6549436010769
101030000	101030000	653.7004241933327
100955000	101035000	7.60854500206552
100960000	101035000	5.892940621874684
100965000	101035000	18.33767735416039
100970000	101035000	15.223574739681931
100975000	101035000	22.41290748095191
100980000	101035000	8.542574051146477
100985000	101035000	29.537488566070138
100990000	101035000	33.64286437439041
100995000	101035000	29.54353557306206
101000000	101035000	18.67754907556473
101005000	101035000	41.269826782416935
101010000	101035000	42.26524760211298
101015000	101035000	41.79738471566013
101020000	101035000	58.07068625014122
101025000	101035000	87.35588866237568
101030000	101035000	188.460821037568
101035000	101035000	673.0223736097297
100955000	101040000	7.337247057793367
100960000	101040000	8.524223993128068
100965000	101040000	16.21015977154154
100970000	101040000	22.93866816386734
100975000	101040000	22.596172561789004
100980000	101040000	16.475942852606053
100985000	101040000	22.010572367180377
100990000	101040000	19.263185931142132
100995000	101040000	21.367576133289912
101000000	101040000	31.929589970025546
101005000	101040000	28.27771692853099
101010000	101040000	34.93559602465665
101015000	101040000	36.94809714381415
101020000	101040000	42.45165790930734
101025000	101040000	52.65064944208611
101030000	101040000	115.39102995313978
101035000	101040000	249.7471381452304
101040000	101040000	509.29625269666735
100955000	101045000	13.859945058324207
100960000	101045000	21.469501259170357
100965000	101045000	11.134814017526413
100970000	101045000	12.710363828246388
100975000	101045000	16.083757106614236
100980000	101045000	23.342098976889904
100985000	101045000	16.304951889538135
100990000	101045000	22.98180458815314
100995000	101045000	17.939118879283143
101000000	101045000	35.054579220412684
101005000	101045000	29.016188655621104
101010000	101045000	31.774308738630108
101015000	101045000	39.47964829975843
101020000	101045000	53.4603456967165
101025000	101045000	58.34766913420897
101030000	101045000	65.39155582918087
101035000	101045000	118.19251838277947
101040000	101045000	209.6038435334079
101045000	101045000	614.2822880725474
100960000	101050000	8.365075988742321
100965000	101050000	10.846032734148494
100970000	101050000	12.15561666493415
100975000	101050000	20.246100047480393
100980000	101050000	9.094688755055587
100985000	101050000	15.246799809904267
100990000	101050000	29.847695640067357
100995000	101050000	10.48432081291517
101000000	101050000	21.69239659221791
101005000	101050000	23.124807908809974
101010000	101050000	31.426399953750895
101015000	101050000	29.665859688058898
101020000	101050000	37.22726455035445
101025000	101050000	41.85080235734534
101030000	101050000	42.46375101513977
101035000	101050000	79.61338346188464
101040000	101050000	86.93595370967844
101045000	101050000	166.3533941315482
101050000	101050000	646.4941438075657
100955000	101055000	12.234674394123049
100960000	101055000	15.793253881647756
100965000	101055000	18.0200216892763
100970000	101055000	21.419804312590163
100975000	101055000	21.8426363946907
100980000	101055000	11.447174632281705
100985000	101055000	23.02875245647879
100990000	101055000	14.65162794356373
100995000	101055000	21.773824249491202
101000000	101055000	32.76417592795081
101005000	101055000	26.77789464506188
101010000	101055000	19.418075051836464
101015000	101055000	28.626877983686484
101020000	101055000	44.17916348328527
101025000	101055000	32.77628849021295
101030000	101055000	51.3097684861565
101035000	101055000	51.28222736220027
101040000	101055000	63.94869389164899
101045000	101055000	92.34342395013367
101050000	101055000	199.56015653811593
101055000	101055000	526.0553145096649
100955000	101060000	4.186473157508184
100960000	101060000	9.727472621468564
100965000	101060000	18.498327295765655
100970000	101060000	21.988350381472735
100975000	101060000	7.847841994837601
100980000	101060000	18.801627355265367
100985000	101060000	16.252503335195843
100990000	101060000	12.726599128637762
100995000	101060000	22.35176707291428
101000000	101060000	15.882644664510579
101005000	101060000	25.098342247168258
101010000	101060000	28.79281773619157
101015000	101060000	24.275987307358292
101020000	101060000	31.95241260428865
101025000	101060000	24.033049875897934
101030000	101060000	37.857772988124324
101035000	101060000	39.93638152415995
101040000	101060000	46.389899840328795
101045000	101060000	55.1130792600339
101050000	101060000	91.4770625168551
101055000	101060000	190.70920273671788
101060000	101060000	634.2587311705023
100955000	101065000	12.12215531743787
100960000	101065000	15.648007487066856
100965000	101065000	11.36182491684563
100970000	101065000	12.127321152135506
100975000	101065000	18.39549210962712
100980000	101065000	22.68379596681532
100985000	101065000	18.538782508990728
100990000	101065000	13.40019764485668
100995000	101065000	19.612341931872095
101000000	101065000	28.8558688310958
101005000	101065000	23.07097861193543
101010000	101065000	26.72151685008114
101015000	101065000	25.897203770663324
101020000	101065000	24.870942816766412
101025000	101065000	31.315037401158424
101030000	101065000	30.184994851101884
101035000	101065000	47.30641904127508
101040000	101065000	41.395575407806625
101045000	101065000	47.874854203774184
101050000	101065000	58.44696952797402
101055000	101065000	97.66955230419379
101060000	101065000	189.91935810451912
101065000	101065000	625.2915490766738
100955000	101070000	36.78938576801877
100960000	101070000	8.141134766890243
100965000	101070000	16.889078218753944
100970000	101070000	11.830198981702788
100975000	101070000	11.259481287766505
100980000	101070000	8.85121508967437
100985000	101070000	20.403113701776782
100990000	101070000	29.04864379163214
100995000	101070000	17.85637935461878
101000000	101070000	21.11167003285387
101005000	101070000	19.504969731031238
101010000	101070000	26.414391293004893
101015000	101070000	24.05972980412572
101020000	101070000	25.879038902334997
101025000	101070000	30.170678270622805
101030000	101070000	22.729825300205757
101035000	101070000	34.183259884357746
101040000	101070000	39.55726456675246
101045000	101070000	47.04784928180364
101050000	101070000	50.140855697965726
101055000	101070000	68.40373127515352
101060000	101070000	101.56730616391921
101065000	101070000	173.06738475131476
101070000	101070000	686.3277996462779
100960000	101075000	12.411226911359288
100965000	101075000	6.436884663460727
100970000	101075000	10.687547051063648
100975000	101075000	24.317326759482665
100980000	101075000	17.99166693828658
100985000	101075000	13.19593954846922
100990000	101075000	13.28546891392058
100995000	101075000	12.96295104349085
101000000	101075000	13.112372616618364
101005000	101075000	15.248967579232696
101010000	101075000	19.781241926707292
101015000	101075000	26.08302646964882
101020000	101075000	23.671684593974312
101025000	101075000	10.732271006676298
101030000	101075000	16.80087545140084
101035000	101075000	20.8450643377219
101040000	101075000	29.035921384286514
101045000	101075000	36.565601233828644
101050000	101075000	39.45297905044786
101055000	101075000	53.38247845545189
101060000	101075000	84.11072245918622
101065000	101075000	89.7926040065304
101070000	101075000	100.79155910511595
101075000	101075000	717.0686172838278
100955000	101080000	11.354929058725732
100960000	101080000	11.726100533983786
100965000	101080000	10.64272091307543
100970000	101080000	17.986299240442953
100975000	101080000	17.2312185774991
100980000	101080000	16.99848828798787
100985000	101080000	14.69383380351073
100990000	101080000	8.368055000437623
100995000	101080000	23.88236820303613
101000000	101080000	21.11683208637322
101005000	101080000	8.644315093935791
101010000	101080000	19.023011945795073
101015000	101080000	15.016942320554847
101020000	101080000	19.56933717533534
101025000	101080000	22.814609851415657
101030000	101080000	22.322012411649155
101035000	101080000	26.25916269811844
101040000	101080000	37.19292057953162
101045000	101080000	26.906877149083986
101050000	101080000	41.934476121228634
101055000	101080000	40.46581302059596
101060000	101080000	37.92773248094493
101065000	101080000	69.72810365320564
101070000	101080000	77.08904886886953
101075000	101080000	192.41492617805463
101080000	101080000	441.6921830933453
100955000	101085000	10.389061562774126
100960000	101085000	16.092990943684587
100965000	101085000	12.51955918634525
100970000	101085000	22.086163790702727
100975000	101085000	23.648257467406605
100980000	101085000	8.748321232688815
100985000	101085000	12.832865185102783
100990000	101085000	7.177739572717203
100995000	101085000	10.085029718797278
101000000	101085000	16.229305937011336
101005000	101085000	8.897643601845548
101010000	101085000	10.992559379212766
101015000	101085000	19.02403165809248
101020000	101085000	23.020379563195707
101025000	101085000	25.34695691479794
101030000	101085000	20.423268164007
101035000	101085000	27.02870828189067
101040000	101085000	35.83929997288605
101045000	101085000	30.088834538524814
101050000	101085000	30.37424387713916
101055000	101085000	49.499116696164755
101060000	101085000	40.89824593299027
101065000	101085000	53.828655763659576
101070000	101085000	48.23126160132331
101075000	101085000	104.3636780700159
101080000	101085000	163.59064231566592
101085000	101085000	655.0860548924992
100955000	101090000	5.55786728788009
100960000	101090000	4.304657710882396
100965000	101090000	11.162709939364161
100970000	101090000	9.730412585309415
100975000	101090000	16.372113890480854
100980000	101090000	31.200770226285805
100985000	101090000	5.884488179453979
100990000	101090000	7.6797935465260645
100995000	101090000	24.278483089858327
101000000	101090000	22.32576067064495
101005000	101090000	25.386661160931325
101010000	101090000	10.291264054566968
101015000	101090000	8.481119187813839
101020000	101090000	17.78873950821834
101025000	101090000	25.524587729638668
101030000	101090000	24.03697286610944
101035000	101090000	21.68944317336315
101040000	101090000	18.592055591967263
101045000	101090000	24.876739298680036
101050000	101090000	23.9464841368641
101055000	101090000	31.001783733525208
101060000	101090000	37.128775101826484
101065000	101090000	38.395835621495145
101070000	101090000	48.27549931234057
101075000	101090000	77.82607367530318
101080000	101090000	81.52228851131679
101085000	101090000	195.79318223548114
101090000	101090000	672.4744909108601
100955000	101095000	36.9819102729742
100970000	101095000	9.249417511889508
100975000	101095000	9.903603397018134
100980000	101095000	20.76091466725718
100990000	101095000	10.220230931815683
100995000	101095000	35.899649059471834
101000000	101095000	8.253058583762092
101005000	101095000	10.557638125321057
101015000	101095000	22.57326219372643
101020000	101095000	18.210127520755062
101025000	101095000	31.844994366047136
101030000	101095000	29.08025777529483
101035000	101095000	64.14267278043835
101040000	101095000	23.195826387116888
101045000	101095000	19.474023841825193
101050000	101095000	11.381379144091659
101055000	101095000	8.595212313090078
101060000	101095000	17.646710229960963
101065000	101095000	17.03232882040268
101070000	101095000	33.23006565743883
101075000	101095000	11.257668534562551
101080000	101095000	39.885828962765515
101085000	101095000	21.895847896540825
101090000	101095000	81.99580993960437
101095000	101095000	1792.6793848952652
100955000	101100000	12.616770364667596
100960000	101100000	12.214864763668727
100965000	101100000	5.068035656751677
100970000	101100000	11.833262792511082
100975000	101100000	9.291477766607931
100980000	101100000	14.165611834749473
100985000	101100000	8.905482652272298
100990000	101100000	9.588535068069852
100995000	101100000	24.495090978927117
101000000	101100000	12.670282547601724
101005000	101100000	18.009250311466246
101010000	101100000	14.184029890965528
101015000	101100000	14.43957650734552
101020000	101100000	17.084589134206933
101025000	101100000	23.53922371232109
101030000	101100000	12.401297410951965
101035000	101100000	20.515267643862668
101040000	101100000	19.783754596826476
101045000	101100000	20.761779633846036
101050000	101100000	26.20942673678828
101055000	101100000	30.789650980393912
101060000	101100000	29.349265194029776
101065000	101100000	36.317246039405305
101070000	101100000	32.12090170859839
101075000	101100000	34.56605565378954
101080000	101100000	59.87288111668052
101085000	101100000	73.76625403503711
101090000	101100000	90.9146516775263
101095000	101100000	285.8525762117271
101100000	101100000	412.7659850750428
100955000	101105000	4.784745993718723
100960000	101105000	3.7058628192489733
100965000	101105000	7.687946313923453
100970000	101105000	14.360355013868542
100975000	101105000	16.657358753438437
100980000	101105000	13.430309920021635
100985000	101105000	11.82050946783633
100990000	101105000	10.5784062845713
100995000	101105000	13.934166792250048
101000000	101105000	13.881226068105843
101005000	101105000	21.855276312290663
101010000	101105000	12.65672653217942
101015000	101105000	17.52326881700185
101020000	101105000	20.026334212691182
101025000	101105000	21.974016750459985
101030000	101105000	15.049698175092077
101035000	101105000	18.672355951364022
101040000	101105000	14.005098815478924
101045000	101105000	15.117378773186177
101050000	101105000	20.615433601188474
101055000	101105000	25.577258439683593
101060000	101105000	27.397727846468133
101065000	101105000	22.036548811454235
101070000	101105000	34.39463723790026
101075000	101105000	32.043554496749614
101080000	101105000	44.37993080327138
101085000	101105000	49.5757579922979
101090000	101105000	69.71415997659416
101095000	101105000	121.01120379624344
101100000	101105000	253.72614316758714
101105000	101105000	673.2301910925971
100955000	101110000	7.722989012772084
100960000	101110000	11.963158702038667
100965000	101110000	6.204501241148103
100970000	101110000	9.65785018832121
100975000	101110000	15.511385091547925
100980000	101110000	15.174367722054653
100985000	101110000	13.628080461370782
100990000	101110000	9.60437921548884
100995000	101110000	14.993957489063865
101000000	101110000	16.37323931592604
101005000	101110000	16.535758153276863
101010000	101110000	12.257423078341422
101015000	101110000	11.785022367541986
101020000	101110000	9.507122112263149
101025000	101110000	14.408851143755397
101030000	101110000	19.73684312940279
101035000	101110000	18.418142438571124
101040000	101110000	13.724723281954434
101045000	101110000	14.233765878820773
101050000	101110000	23.76790853452692
101055000	101110000	13.462135223639597
101060000	101110000	18.425947741963515
101065000	101110000	23.119767689424172
101070000	101110000	23.131618501387532
101075000	101110000	38.790776924224645
101080000	101110000	38.315326499543424
101085000	101110000	37.72348371751348
101090000	101110000	51.36993204915786
101095000	101110000	40.692172172757694
101100000	101110000	85.37777786882165
101105000	101110000	115.82521128648126
101110000	101110000	543.0099754733893
100960000	101115000	42.076216208606446
100975000	101115000	29.096457841944545
100980000	101115000	40.66325182595898
100990000	101115000	5.004449837117674
100995000	101115000	26.367994141254428
101000000	101115000	8.082404000609657
101005000	101115000	5.16966502509585
101010000	101115000	14.370395992399756
101015000	101115000	5.526624548029639
101020000	101115000	13.3751874561035
101025000	101115000	10.395503971902613
101030000	101115000	14.239471911918901
101035000	101115000	15.704086849402023
101040000	101115000	15.144126110816984
101045000	101115000	4.767836269719887
101050000	101115000	16.719056951985667
101055000	101115000	12.626224147146662
101060000	101115000	21.602270223922858
101065000	101115000	29.190242877955768
101070000	101115000	21.695295377209973
101075000	101115000	44.09954165613553
101080000	101115000	27.342756168893693
101085000	101115000	26.80386411286554
101090000	101115000	63.09311019313636
101100000	101115000	58.592467995103476
101105000	101115000	108.63321867586711
101110000	101115000	286.9254007029277
101115000	101115000	616.7085803474154
100955000	101120000	12.65483547629154
100960000	101120000	4.900686926418542
100965000	101120000	10.16665209406961
100970000	101120000	3.16505707792033
100975000	101120000	5.08336930217858
100980000	101120000	21.3125247597172
100990000	101120000	3.497259606579855
100995000	101120000	9.213372480305974
101000000	101120000	18.356735376516976
101005000	101120000	10.838150801944721
101010000	101120000	11.716207558393553
101015000	101120000	9.655427380449446
101020000	101120000	10.904812397028564
101025000	101120000	5.448517416638947
101030000	101120000	12.438712435287476
101035000	101120000	8.230865087699778
101040000	101120000	13.228961786041117
101045000	101120000	9.995720852193442
101050000	101120000	13.63107471315796
101055000	101120000	11.764778715115572
101060000	101120000	18.11557702208337
101065000	101120000	8.742435858882965
101070000	101120000	20.84681905842583
101075000	101120000	23.113561538592062
101080000	101120000	32.756464961400155
101085000	101120000	31.843284743061545
101090000	101120000	34.07059425776564
101095000	101120000	13.335581422362807
101100000	101120000	47.77053581211203
101105000	101120000	65.56394826324613
101110000	101120000	97.47114688038378
101115000	101120000	248.13680350723322
101120000	101120000	723.2832117149144
100955000	101125000	4.417000825058073
100960000	101125000	3.4210382644477346
100965000	101125000	12.419868097139583
100970000	101125000	11.047207805049084
100975000	101125000	8.279982520359756
100980000	101125000	4.959234205986858
100985000	101125000	3.1177173781955756
100990000	101125000	7.324029741822754
100995000	101125000	12.86321704405264
101000000	101125000	12.814345228802447
101005000	101125000	11.348734116057216
101010000	101125000	8.178770644459027
101015000	101125000	9.436273288560198
101020000	101125000	16.312194466810947
101025000	101125000	10.142570811913345
101030000	101125000	10.41975833359637
101035000	101125000	9.576244050853923
101040000	101125000	14.775654155745055
101045000	101125000	18.607319901352348
101050000	101125000	13.593554442883734
101055000	101125000	12.319015301774433
101060000	101125000	14.753665548634944
101065000	101125000	20.342867606640986
101070000	101125000	11.90667758984617
101075000	101125000	16.134958147383138
101080000	101125000	21.913643601068166
101085000	101125000	35.304793516388294
101090000	101125000	34.97613113712842
101095000	101125000	18.6184243186912
101100000	101125000	30.96537913885437
101105000	101125000	52.995031117495266
101110000	101125000	87.4825670498923
101115000	101125000	72.93374967409575
101120000	101125000	238.91386509143322
101125000	101125000	551.4837809226284
100955000	101130000	3.5022916859055218
100960000	101130000	8.137743920785272
100965000	101130000	12.661532839496672
100970000	101130000	9.635406498332234
100975000	101130000	9.378993021685464
100980000	101130000	1.9661174421285836
100985000	101130000	8.652261183084311
100990000	101130000	7.743078614668616
100995000	101130000	5.0996977238272825
101000000	101130000	14.068584571788223
101005000	101130000	7.998705952435892
101010000	101130000	6.485043033389153
101015000	101130000	3.2066278318765473
101020000	101130000	6.03592735220049
101025000	101130000	6.031622389577846
101030000	101130000	11.01593122460557
101035000	101130000	9.111739277359167
101040000	101130000	8.054605096926968
101045000	101130000	14.753961877884384
101050000	101130000	11.856337377353515
101055000	101130000	14.6518372688034
101060000	101130000	20.054321499062702
101065000	101130000	13.710583283055408
101070000	101130000	16.783900642607577
101075000	101130000	25.587194573942856
101080000	101130000	17.375584662905
101085000	101130000	31.103982519237594
101090000	101130000	27.732984017519527
101095000	101130000	36.90691675111701
101100000	101130000	38.40311586781264
101105000	101130000	36.29032891461934
101110000	101130000	53.95129600450281
101115000	101130000	83.1306599505398
101120000	101130000	101.03338761575819
101125000	101130000	228.33667086972284
101130000	101130000	471.1515563143925
100955000	101135000	4.635578209606861
100960000	101135000	3.5903299684569765
100965000	101135000	7.448269240673504
100970000	101135000	10.434495719087844
100975000	101135000	13.655276469342041
100980000	101135000	10.409288534061984
100985000	101135000	13.087996416107554
100990000	101135000	12.810771389301905
100995000	101135000	8.999839634256809
101000000	101135000	7.2414834106117505
101005000	101135000	10.586961436530888
101010000	101135000	9.809715423898504
101015000	101135000	12.732726543239838
101020000	101135000	3.4238822321353886
101025000	101135000	9.313920654276009
101030000	101135000	10.935385025642095
101035000	101135000	12.060154845390722
101040000	101135000	16.476011573626593
101045000	101135000	10.984562981924942
101050000	101135000	8.559742766048664
101055000	101135000	16.160784534143776
101060000	101135000	9.953844234721737
101065000	101135000	7.472340426596556
101070000	101135000	16.661180250388437
101075000	101135000	14.111170181474249
101080000	101135000	15.998643942156301
101085000	101135000	21.956662517619144
101090000	101135000	29.365553284177683
101095000	101135000	9.769882946286824
101100000	101135000	34.164265158549476
101105000	101135000	32.86489547115731
101110000	101135000	47.946101355842636
101115000	101135000	38.27145546545315
101120000	101135000	96.95149740679815
101125000	101135000	115.52146687064354
101130000	101135000	241.48649071420581
101135000	101135000	547.4083978999618
100960000	101140000	4.1661868157217
100965000	101140000	5.401815672769422
100970000	101140000	4.70870384443862
100975000	101140000	9.363226839220363
100980000	101140000	4.52956702789041
100985000	101140000	8.542796681092884
100990000	101140000	8.176027560594855
100995000	101140000	3.9162500616863176
101000000	101140000	6.602319936821143
101005000	101140000	6.142507728110729
101010000	101140000	12.094550260864787
101015000	101140000	8.208301174216096
101020000	101140000	6.621737249513744
101025000	101140000	6.947865197446993
101030000	101140000	9.516992306890357
101035000	101140000	3.4986239812118742
101040000	101140000	10.683932815112556
101045000	101140000	4.248796245639442
101050000	101140000	7.449486768177351
101055000	101140000	10.001509320779599
101060000	101140000	7.058548390763212
101065000	101140000	9.90952807485671
101070000	101140000	15.305675383181873
101075000	101140000	18.011923374469767
101080000	101140000	6.96175630584344
101085000	101140000	11.146762813458853
101090000	101140000	13.630210259642901
101100000	101140000	25.623501532576906
101105000	101140000	27.135324020743766
101110000	101140000	43.79873237687569
101115000	101140000	49.961086836559936
101120000	101140000	35.884147406066134
101125000	101140000	69.05610077236985
101130000	101140000	87.50126222309262
101135000	101140000	204.63070512233978
101140000	101140000	390.3935847681474
100955000	101145000	6.866008012326551
100960000	101145000	10.635667533009816
100965000	101145000	6.895023928520721
100970000	101145000	5.151700461973958
100975000	101145000	15.628853892884095
100980000	101145000	3.8544414119349852
100985000	101145000	12.115841351795032
100990000	101145000	8.538629867000054
100995000	101145000	8.331346199488172
101000000	101145000	4.596752786217313
101005000	101145000	10.780637096231827
101010000	101145000	8.172959160681273
101015000	101145000	6.286378851543668
101020000	101145000	8.452164892247541
101025000	101145000	6.897678234173976
101030000	101145000	1.3497496574129653
101035000	101145000	5.954317962373759
101040000	101145000	9.33075780591964
101045000	101145000	9.038797802984394
101050000	101145000	10.565252013464338
101055000	101145000	11.170422869344307
101060000	101145000	9.009722471700343
101065000	101145000	10.277142045404561
101070000	101145000	12.338891926891435
101075000	101145000	13.585536053201379
101080000	101145000	13.329261646772638
101085000	101145000	11.17916655623766
101090000	101145000	10.8737311193303
101095000	101145000	14.470707116898556
101100000	101145000	22.832861838205957
101105000	101145000	26.211226069692312
101110000	101145000	32.485854459486845
101115000	101145000	7.085742813178789
101120000	101145000	44.56556591977864
101125000	101145000	38.02336725333884
101130000	101145000	56.872304034590606
101135000	101145000	74.36835625407043
101140000	101145000	149.96626336945795
101145000	101145000	474.8584181064718
100960000	101150000	5.702947297024123
100965000	101150000	5.9154851095569825
100970000	101150000	2.7623913716281816
100975000	101150000	6.901458020013631
100980000	101150000	8.267154332723603
100985000	101150000	6.496630744985208
100990000	101150000	4.069773792898041
100995000	101150000	8.934696038866754
101000000	101150000	9.859292346581077
101005000	101150000	8.408263813995731
101010000	101150000	4.869354849763042
101015000	101150000	10.112450535392496
101020000	101150000	6.344985031479841
101025000	101150000	11.624176009950315
101030000	101150000	8.684985087973114
101035000	101150000	14.367431701571242
101040000	101150000	10.006484283812002
101045000	101150000	7.754704605256087
101050000	101150000	10.197341671879535
101055000	101150000	12.835046261276378
101060000	101150000	7.905436209502774
101065000	101150000	9.32580419666216
101070000	101150000	11.027054350269607
101075000	101150000	17.931557389165985
101080000	101150000	15.882840857866853
101085000	101150000	16.34830010271948
101090000	101150000	15.159558136620998
101100000	101150000	15.221276022075875
101105000	101150000	25.097699456283127
101110000	101150000	24.305899297624233
101115000	101150000	34.194991455464766
101120000	101150000	26.551650421537126
101125000	101150000	25.948994256562496
101130000	101150000	43.35501521821873
101135000	101150000	51.5483537873698
101140000	101150000	84.08133135124801
101145000	101150000	215.36767355852325
101150000	101150000	485.875023537335
100955000	101155000	3.548975641280201
100960000	101155000	5.497477564203478
100965000	101155000	4.276768437980145
100970000	101155000	7.100976061740129
100975000	101155000	7.603208586572676
100980000	101155000	1.9923248934665434
100985000	101155000	3.757539381306295
100990000	101155000	2.9423588741800755
100995000	101155000	6.8902325002762375
101000000	101155000	3.16802497909198
101005000	101155000	4.0526625325352335
101010000	101155000	4.693918362648424
101015000	101155000	8.664988593443313
101020000	101155000	7.863921666952816
101025000	101155000	8.149361563899358
101030000	101155000	15.348806794642561
101035000	101155000	9.23319461802134
101040000	101155000	2.967988843540138
101045000	101155000	6.540898647412199
101050000	101155000	7.645512612487104
101055000	101155000	6.598728709388565
101060000	101155000	14.394492509635075
101065000	101155000	8.17255242518635
101070000	101155000	6.377858401899566
101075000	101155000	10.803441767032313
101080000	101155000	9.951891867626916
101085000	101155000	11.55681430218954
101090000	101155000	13.489272999292274
101095000	101155000	14.959547666642163
101100000	101155000	17.22467741477044
101105000	101155000	13.54833881382345
101110000	101155000	27.335221121934204
101115000	101155000	32.96299063339425
101120000	101155000	29.43428355813723
101125000	101155000	34.84104825892837
101130000	101155000	31.16765409583699
101135000	101155000	30.939762688670186
101140000	101155000	66.90869051072268
101145000	101155000	99.29090596995168
101150000	101155000	167.54078842535247
101155000	101155000	499.58729332253745
