44655000	44655000	648.561092307955
44655000	44660000	237.8357609658397
44660000	44660000	520.9681372779918
44655000	44665000	117.98302747085813
44660000	44665000	199.51225166528522
44665000	44665000	518.0848127143362
44655000	44670000	63.723119781820415
44660000	44670000	116.22132792483744
44665000	44670000	204.72995074719933
44670000	44670000	543.5066499336292
44655000	44675000	73.7240399855855
44660000	44675000	85.51779102161593
44665000	44675000	119.16493061076403
44670000	44675000	215.51213752534062
44675000	44675000	551.8481965219156
44655000	44680000	46.70685679423451
44660000	44680000	66.92588015569717
44665000	44680000	89.80583452395788
44670000	44680000	100.01672353187949
44675000	44680000	233.60659056007108
44680000	44680000	425.22343286708383
44655000	44685000	39.58272372751541
44660000	44685000	49.17034352414842
44665000	44685000	47.58851498489191
44670000	44685000	79.09284139495423
44675000	44685000	116.93866032438726
44680000	44685000	199.17034971931037
44685000	44685000	540.8989712620449
44655000	44690000	37.58549116834598
44660000	44690000	38.518711044739504
44665000	44690000	56.806932646140645
44670000	44690000	57.76645615665054
44675000	44690000	90.99504317617726
44680000	44690000	117.4471191589409
44685000	44690000	254.54575561876493
44690000	44690000	532.6709932806917
44655000	44695000	34.44762323888375
44660000	44695000	38.87525269963554
44665000	44695000	52.72719677051442
44670000	44695000	56.03925910124587
44675000	44695000	49.6951743530431
44680000	44695000	82.4992751811977
44685000	44695000	135.53537559557043
44690000	44695000	182.01382359704212
44695000	44695000	628.8780984835097
44655000	44700000	29.473888412321866
44660000	44700000	24.272440077026705
44665000	44700000	33.158906052872084
44670000	44700000	42.3540725748003
44675000	44700000	46.99569589347168
44680000	44700000	71.32286933327416
44685000	44700000	82.53705566970443
44690000	44700000	111.23834269031336
44695000	44700000	201.77897439162427
44700000	44700000	547.9208082857031
44655000	44705000	31.799701053288498
44660000	44705000	37.4472909905535
44665000	44705000	43.67976713669357
44670000	44705000	49.18253482669316
44675000	44705000	46.61004545712424
44680000	44705000	64.01663036165195
44685000	44705000	58.617385639845644
44690000	44705000	88.2604095681181
44695000	44705000	113.18487683743759
44700000	44705000	210.7350186869889
44705000	44705000	503.6757919782775
44655000	44710000	29.252457539712562
44660000	44710000	53.5335256606776
44665000	44710000	38.37876437233756
44670000	44710000	51.66673670660733
44675000	44710000	43.78695644387681
44680000	44710000	49.20689410745157
44685000	44710000	51.339669611235564
44690000	44710000	77.50715485478085
44695000	44710000	93.95800387027985
44700000	44710000	121.36075432970598
44705000	44710000	229.74789957237113
44710000	44710000	483.9879646575958
44655000	44715000	30.25508133807093
44660000	44715000	26.468786343499914
44665000	44715000	29.27688626367538
44670000	44715000	26.890297603732826
44675000	44715000	48.40938504591142
44680000	44715000	53.60749035738902
44685000	44715000	53.32787749072387
44690000	44715000	55.3825232157986
44695000	44715000	58.708152207722506
44700000	44715000	79.71528669690662
44705000	44715000	109.00543243591157
44710000	44715000	195.08154212579356
44715000	44715000	396.3181534463849
44655000	44720000	16.953399225611037
44660000	44720000	19.50180970749237
44665000	44720000	27.877383521626765
44670000	44720000	26.616622259894424
44675000	44720000	37.513732015922706
44680000	44720000	39.31306867827419
44685000	44720000	45.89528521440707
44690000	44720000	34.82142310489607
44695000	44720000	54.91921977216059
44700000	44720000	54.356711558603756
44705000	44720000	80.69786351015615
44710000	44720000	77.91597199893255
44715000	44720000	267.0379548559772
44720000	44720000	428.7910602683901
44655000	44725000	35.1030122202713
44660000	44725000	23.28712557072551
44665000	44725000	24.98462056959425
44670000	44725000	27.600964280722753
44675000	44725000	27.9856268737012
44680000	44725000	27.147242129667102
44685000	44725000	42.27980400335848
44690000	44725000	52.0470493966739
44695000	44725000	34.1501820953367
44700000	44725000	53.56888796527539
44705000	44725000	51.171215176093355
44710000	44725000	83.77741530326568
44715000	44725000	94.93985469165676
44720000	44725000	221.9592901140138
44725000	44725000	590.6318408098708
44655000	44730000	16.720186297469397
44660000	44730000	25.838998919196793
44665000	44730000	26.61643413555551
44670000	44730000	24.178074525807112
44675000	44730000	27.083275434159827
44680000	44730000	37.81885697856155
44685000	44730000	29.536641647075935
44690000	44730000	35.25821331410151
44695000	44730000	39.62827642261398
44700000	44730000	38.48849438592623
44705000	44730000	59.83821551492151
44710000	44730000	54.57048393098469
44715000	44730000	71.03291171416849
44720000	44730000	112.65086729780054
44725000	44730000	205.45824175004026
44730000	44730000	483.81515538837067
44655000	44735000	17.83080910391136
44660000	44735000	23.357149837120573
44665000	44735000	16.547993775620274
44670000	44735000	38.269003858208514
44675000	44735000	23.086803945118685
44680000	44735000	28.468898357483233
44685000	44735000	23.510905973125467
44690000	44735000	38.049970549407234
44695000	44735000	32.46187169876868
44700000	44735000	38.88479064165093
44705000	44735000	35.43875037914872
44710000	44735000	49.6191313547784
44715000	44735000	58.41280323520609
44720000	44735000	97.98681733271557
44725000	44735000	129.83696070416752
44730000	44735000	252.80175830490887
44735000	44735000	488.8771943252703
44655000	44740000	16.863980342141264
44660000	44740000	19.13441837699195
44665000	44740000	24.7803103140437
44670000	44740000	28.531627729747612
44675000	44740000	23.048037269725775
44680000	44740000	30.29090305988488
44685000	44740000	25.999119313704053
44690000	44740000	32.73268437978406
44695000	44740000	28.19440553863788
44700000	44740000	35.56143157512353
44705000	44740000	25.285752858173034
44710000	44740000	37.50568651881453
44715000	44740000	45.98532063074439
44720000	44740000	76.0097349412773
44725000	44740000	108.4836243504629
44730000	44740000	112.62597441413632
44735000	44740000	258.08359913221545
44740000	44740000	493.47000256153063
44655000	44745000	13.639421412061923
44660000	44745000	19.96868304601493
44665000	44745000	23.38241642506503
44670000	44745000	23.667794713959655
44675000	44745000	20.71225091485817
44680000	44745000	14.517916697704019
44685000	44745000	19.713592454205585
44690000	44745000	27.45438695942134
44695000	44745000	28.831831770878757
44700000	44745000	35.321430230743914
44705000	44745000	35.34717956899997
44710000	44745000	40.064077778652184
44715000	44745000	30.993729145711136
44720000	44745000	63.392441599428075
44725000	44745000	78.12509226503738
44730000	44745000	91.59966726022304
44735000	44745000	97.68408986842665
44740000	44745000	172.45653006945497
44745000	44745000	689.1032763322594
44655000	44750000	16.197021097014474
44660000	44750000	20.22589296244402
44665000	44750000	23.100257657644878
44670000	44750000	27.2792242896851
44675000	44750000	23.438649887884395
44680000	44750000	19.014979033073754
44685000	44750000	37.63991641385985
44690000	44750000	31.232650444257633
44695000	44750000	27.463829094084925
44700000	44750000	29.608049991888596
44705000	44750000	30.687835497475145
44710000	44750000	32.78394718096733
44715000	44750000	31.063487753601063
44720000	44750000	48.81324099847541
44725000	44750000	54.57337614146158
44730000	44750000	65.40779259437083
44735000	44750000	82.60157879463092
44740000	44750000	123.26407392008171
44745000	44750000	255.76145299915112
44750000	44750000	503.89184781957056
44655000	44755000	15.91728162657099
44660000	44755000	21.749994569109518
44665000	44755000	17.93172768504421
44670000	44755000	24.8584047889251
44675000	44755000	22.237608421513524
44680000	44755000	22.872362274878167
44685000	44755000	32.71946446513333
44690000	44755000	29.29318788386294
44695000	44755000	34.25867210475428
44700000	44755000	22.769313026481367
44705000	44755000	18.85730637165139
44710000	44755000	38.29457509106436
44715000	44755000	41.51670487343472
44720000	44755000	42.66715219813112
44725000	44755000	55.171004564226585
44730000	44755000	64.93022869296142
44735000	44755000	79.19852937204729
44740000	44755000	71.8777650491927
44745000	44755000	139.52167036816672
44750000	44755000	255.8357627152909
44755000	44755000	417.91127666841146
44655000	44760000	27.38983934086673
44660000	44760000	20.049934815979682
44665000	44760000	14.374015432135685
44670000	44760000	24.89572173613357
44675000	44760000	20.202341711709014
44680000	44760000	20.824270740197782
44685000	44760000	31.418740112363697
44690000	44760000	23.628083792748093
44695000	44760000	27.069332575160153
44700000	44760000	17.370686553253613
44705000	44760000	18.83196227405092
44710000	44760000	29.554601806542543
44715000	44760000	40.20451557919217
44720000	44760000	44.830170016184674
44725000	44760000	49.421950851311614
44730000	44760000	49.635889038618664
44735000	44760000	58.99642857744858
44740000	44760000	61.842231703419
44745000	44760000	104.79833816188618
44750000	44760000	109.80849356516211
44755000	44760000	221.25227230732915
44760000	44760000	445.49702904589947
44655000	44765000	19.660593866844913
44660000	44765000	22.30754667379825
44665000	44765000	17.333830107522793
44670000	44765000	19.616716808128015
44675000	44765000	20.600467372620074
44680000	44765000	15.69517808140818
44685000	44765000	20.83856861217823
44690000	44765000	28.83265071341274
44695000	44765000	35.13687897856082
44700000	44765000	20.36568190344588
44705000	44765000	29.478978715343466
44710000	44765000	25.57522648068458
44715000	44765000	37.87749878283237
44720000	44765000	31.875790722355298
44725000	44765000	37.249146893034066
44730000	44765000	51.34759595219794
44735000	44765000	45.20648631492143
44740000	44765000	55.26646059621245
44745000	44765000	68.21529509645258
44750000	44765000	76.74319331581744
44755000	44765000	119.83043805589617
44760000	44765000	273.9714415787959
44765000	44765000	513.1230971567954
44655000	44770000	7.873192915791042
44660000	44770000	19.760028876699685
44665000	44770000	23.964452341889775
44670000	44770000	22.444634589640668
44675000	44770000	24.59499258329252
44680000	44770000	24.242992821270025
44685000	44770000	24.926382562251376
44690000	44770000	26.197245782708546
44695000	44770000	25.93687812642698
44700000	44770000	26.6303650511154
44705000	44770000	29.981000923889216
44710000	44770000	26.430296947148925
44715000	44770000	32.00334625736782
44720000	44770000	36.47095903034529
44725000	44770000	48.565758041033575
44730000	44770000	39.44628877748476
44735000	44770000	44.09206896601786
44740000	44770000	61.70989328235853
44745000	44770000	59.563797736436634
44750000	44770000	68.00690376808122
44755000	44770000	106.42417812718719
44760000	44770000	98.98950693370328
44765000	44770000	210.50124421949252
44770000	44770000	529.4564717047801
44655000	44775000	20.895821012211595
44660000	44775000	17.131719003099455
44665000	44775000	21.493351089764126
44670000	44775000	21.030484545510106
44675000	44775000	20.562020900403343
44680000	44775000	21.35202281941798
44685000	44775000	19.32899348666981
44690000	44775000	25.957385629630956
44695000	44775000	28.911827116607938
44700000	44775000	21.64520800990099
44705000	44775000	20.42321666890459
44710000	44775000	27.357423663253076
44715000	44775000	25.764639756191634
44720000	44775000	39.027996154261636
44725000	44775000	43.45629348595026
44730000	44775000	37.4219246603346
44735000	44775000	35.286756395777495
44740000	44775000	41.32941085208332
44745000	44775000	41.211149110789655
44750000	44775000	62.05320587355086
44755000	44775000	72.67483858063957
44760000	44775000	86.69851273328705
44765000	44775000	112.86752699053075
44770000	44775000	225.8033101166697
44775000	44775000	490.4978705489207
44655000	44780000	18.15669914596614
44660000	44780000	17.942962361199257
44665000	44780000	22.01088472233014
44670000	44780000	16.54085851010941
44675000	44780000	19.851839014100314
44680000	44780000	24.640835789299466
44685000	44780000	20.994073367989817
44690000	44780000	14.096731387630223
44695000	44780000	21.98168849687457
44700000	44780000	20.15127106505214
44705000	44780000	29.24064395832464
44710000	44780000	32.76170651323952
44715000	44780000	26.90780093338638
44720000	44780000	27.67126961367593
44725000	44780000	30.399870752357707
44730000	44780000	33.87133739582568
44735000	44780000	39.01090619987855
44740000	44780000	38.12549708195097
44745000	44780000	39.787776780123366
44750000	44780000	48.63825665899843
44755000	44780000	58.81457555641714
44760000	44780000	70.38751671163783
44765000	44780000	76.70861608251516
44770000	44780000	135.34135831803786
44775000	44780000	209.68704867465982
44780000	44780000	515.7486419317772
44655000	44785000	24.611610732898953
44660000	44785000	22.36495458156687
44665000	44785000	25.56480909215162
44670000	44785000	22.82630330413658
44675000	44785000	15.465167797174436
44680000	44785000	15.582584524859588
44685000	44785000	11.44850142125775
44690000	44785000	27.08836428175873
44695000	44785000	18.592187614689223
44700000	44785000	19.4660583977268
44705000	44785000	29.22037374435888
44710000	44785000	26.35329489320881
44715000	44785000	21.632753176688965
44720000	44785000	31.371928856261356
44725000	44785000	27.6710094355917
44730000	44785000	31.66412437471965
44735000	44785000	38.38818431761961
44740000	44785000	39.09019849920816
44745000	44785000	49.59336160194146
44750000	44785000	42.22099409575093
44755000	44785000	57.15228572263898
44760000	44785000	68.46833812514119
44765000	44785000	61.65713421123477
44770000	44785000	76.67993295182376
44775000	44785000	122.51429415473463
44780000	44785000	199.91173831482777
44785000	44785000	474.4437866154508
44655000	44790000	15.502421412885305
44660000	44790000	22.02865783086742
44665000	44790000	22.10961675051782
44670000	44790000	15.823861131243541
44675000	44790000	14.124794552103078
44680000	44790000	21.111458149015967
44685000	44790000	21.0882443869966
44690000	44790000	20.453280883096557
44695000	44790000	22.08028956246847
44700000	44790000	18.21749544891726
44705000	44790000	16.205134232137446
44710000	44790000	19.132943272935208
44715000	44790000	24.32564871277362
44720000	44790000	33.709305028102946
44725000	44790000	24.911136972320474
44730000	44790000	26.53815112455548
44735000	44790000	23.374041753094094
44740000	44790000	30.884284530670257
44745000	44790000	41.631509206557645
44750000	44790000	41.17898967772038
44755000	44790000	41.97675379241278
44760000	44790000	50.6388120178785
44765000	44790000	52.568664665841055
44770000	44790000	67.56225778228253
44775000	44790000	82.65909542516127
44780000	44790000	122.36639727755936
44785000	44790000	212.6207249381759
44790000	44790000	442.2278152955182
44655000	44795000	10.793914597083978
44660000	44795000	16.59287923940293
44665000	44795000	22.20514771182962
44670000	44795000	17.793624800461185
44675000	44795000	19.6694209293052
44680000	44795000	17.233702394151656
44685000	44795000	10.400579659204494
44690000	44795000	19.55407559325803
44695000	44795000	27.380193374227122
44700000	44795000	19.966101506138077
44705000	44795000	22.777948755379335
44710000	44795000	11.776425473017916
44715000	44795000	21.75500535599154
44720000	44795000	24.500296946400198
44725000	44795000	20.925839845548165
44730000	44795000	28.995921620364054
44735000	44795000	34.176890685601094
44740000	44795000	27.051890765172825
44745000	44795000	33.50884265470693
44750000	44795000	40.48070951833146
44755000	44795000	29.443770844310386
44760000	44795000	40.713505763594966
44765000	44795000	52.84746200654751
44770000	44795000	49.73805961234396
44775000	44795000	67.40128693064857
44780000	44795000	69.27162623070907
44785000	44795000	110.38221586424824
44790000	44795000	182.6536715033684
44795000	44795000	569.047298899542
44655000	44800000	12.578930519727468
44660000	44800000	15.904796409734994
44665000	44800000	21.844446187870624
44670000	44800000	22.819741442365086
44675000	44800000	21.88028270744646
44680000	44800000	16.432103205215714
44685000	44800000	4.407472300376898
44690000	44800000	20.716164233329053
44695000	44800000	11.866657157482523
44700000	44800000	13.537713045743509
44705000	44800000	24.131630516836406
44710000	44800000	31.67058833086027
44715000	44800000	14.23546401415026
44720000	44800000	25.214727345837705
44725000	44800000	18.138642323340896
44730000	44800000	18.77280429827451
44735000	44800000	19.828193594497254
44740000	44800000	28.659570698735553
44745000	44800000	37.58850626087136
44750000	44800000	22.756079348185718
44755000	44800000	41.916398627900485
44760000	44800000	35.944240366103195
44765000	44800000	44.24870666329198
44770000	44800000	37.195741323314394
44775000	44800000	42.22989342122966
44780000	44800000	52.539425086420806
44785000	44800000	77.96144939629079
44790000	44800000	110.57639149409984
44795000	44800000	201.2856806099781
44800000	44800000	571.4625802916701
44655000	44805000	7.416895112974363
44660000	44805000	17.063584144841954
44665000	44805000	9.3416157855318
44670000	44805000	16.54734999182465
44675000	44805000	10.619385429685423
44680000	44805000	13.533611201912844
44685000	44805000	10.209457474875187
44690000	44805000	15.538605338369358
44695000	44805000	15.88189433962916
44700000	44805000	18.81523416073594
44705000	44805000	18.828950474758525
44710000	44805000	9.781555889091543
44715000	44805000	29.520469159061363
44720000	44805000	23.362931769839047
44725000	44805000	24.27608694011855
44730000	44805000	26.091165290045932
44735000	44805000	27.95737701738752
44740000	44805000	30.143266366001395
44745000	44805000	13.54420962313582
44750000	44805000	28.38345113736197
44755000	44805000	32.51554751830945
44760000	44805000	32.19430968067029
44765000	44805000	34.30531585319176
44770000	44805000	39.250721022187854
44775000	44805000	54.068454077931925
44780000	44805000	62.58969711382464
44785000	44805000	58.5110629328861
44790000	44805000	79.17019562845421
44795000	44805000	99.22329895946552
44800000	44805000	233.6001966800792
44805000	44805000	522.1720121386745
44655000	44810000	11.943314268332268
44660000	44810000	9.537551614870724
44665000	44810000	13.561188541898183
44670000	44810000	12.246370025450272
44675000	44810000	15.828317707714731
44680000	44810000	17.335316946750098
44685000	44810000	15.692856418660522
44690000	44810000	15.922824702575971
44695000	44810000	16.274602128564435
44700000	44810000	14.460355454466272
44705000	44810000	16.882713236650822
44710000	44810000	20.958064335558927
44715000	44810000	14.803394434343312
44720000	44810000	24.644757298319835
44725000	44810000	17.22209255618231
44730000	44810000	17.014018808861156
44735000	44810000	28.64867236781261
44740000	44810000	22.06329405545252
44745000	44810000	19.82730577605788
44750000	44810000	23.26822553621909
44755000	44810000	33.31955165653578
44760000	44810000	32.99037064799749
44765000	44810000	36.01097943568445
44770000	44810000	41.20227062227402
44775000	44810000	47.38619032357392
44780000	44810000	50.676414838432045
44785000	44810000	58.477411151966386
44790000	44810000	58.06206586016741
44795000	44810000	64.01870681955239
44800000	44810000	125.67259565089233
44805000	44810000	231.96198992813572
44810000	44810000	458.3492695287491
44655000	44815000	14.226159383960859
44660000	44815000	12.149486977408756
44665000	44815000	7.839088925613781
44670000	44815000	17.485867999895024
44675000	44815000	9.721460919497153
44680000	44815000	13.24963990750461
44685000	44815000	17.1346899434192
44690000	44815000	8.181546979033381
44695000	44815000	17.769885480750744
44700000	44815000	14.034621193162355
44705000	44815000	25.017393405575397
44710000	44815000	17.90894848620209
44715000	44815000	20.380072369823576
44720000	44815000	21.52726125935316
44725000	44815000	15.670358126354827
44730000	44815000	23.000390566856943
44735000	44815000	29.493386712602096
44740000	44815000	26.499476064359772
44745000	44815000	21.649005625396192
44750000	44815000	24.498711673606415
44755000	44815000	22.232770142985885
44760000	44815000	26.08451347260549
44765000	44815000	23.404528738599048
44770000	44815000	39.63216824811153
44775000	44815000	39.79996508420106
44780000	44815000	48.41591954123642
44785000	44815000	50.91852855333212
44790000	44815000	49.501542105126575
44795000	44815000	61.67703444168079
44800000	44815000	98.01370324243979
44805000	44815000	107.96951013111435
44810000	44815000	237.82267894192077
44815000	44815000	553.2173090817728
44655000	44820000	7.860075642577741
44660000	44820000	18.539827721074683
44665000	44820000	12.83307904798535
44670000	44820000	12.12372422387749
44675000	44820000	12.731711822701559
44680000	44820000	11.85230320917788
44685000	44820000	13.46426857058681
44690000	44820000	15.06791734692375
44695000	44820000	21.146493515272265
44700000	44820000	20.677997711277772
44705000	44820000	10.66986524007543
44710000	44820000	14.659034600231566
44715000	44820000	21.22605928037676
44720000	44820000	23.22161385494483
44725000	44820000	25.396823149917964
44730000	44820000	20.20232478281573
44735000	44820000	15.143153809671722
44740000	44820000	23.070964271056003
44745000	44820000	17.54318448903446
44750000	44820000	24.731986372369004
44755000	44820000	24.56759415544501
44760000	44820000	26.53623080927269
44765000	44820000	22.069254482813168
44770000	44820000	33.14157863713317
44775000	44820000	29.90616017008785
44780000	44820000	31.208581522207204
44785000	44820000	35.12894435622003
44790000	44820000	50.54157323500129
44795000	44820000	59.06696117093192
44800000	44820000	68.19319001333407
44805000	44820000	88.4590165515735
44810000	44820000	135.58861523256633
44815000	44820000	249.51618791061455
44820000	44820000	480.3649669580457
44655000	44825000	7.680449880078709
44660000	44825000	8.99559972070163
44665000	44825000	12.414407528371717
44670000	44825000	15.992993155425529
44675000	44825000	18.19460403698817
44680000	44825000	16.554651373192627
44685000	44825000	16.281256088435807
44690000	44825000	15.238896273553172
44695000	44825000	9.741238965075093
44700000	44825000	14.20695342168867
44705000	44825000	12.795579267313387
44710000	44825000	14.825373845640478
44715000	44825000	19.577463141279647
44720000	44825000	18.927557851370658
44725000	44825000	16.92029407853336
44730000	44825000	22.924617048373264
44735000	44825000	20.26557754732482
44740000	44825000	17.688153561706862
44745000	44825000	25.245890479001726
44750000	44825000	28.80419867779606
44755000	44825000	21.605537369970595
44760000	44825000	21.727384280773133
44765000	44825000	15.769338495014262
44770000	44825000	28.451829732412083
44775000	44825000	28.878920101883892
44780000	44825000	28.005955693367277
44785000	44825000	39.27143711264958
44790000	44825000	45.573158324904796
44795000	44825000	38.626064592369275
44800000	44825000	56.443574778685836
44805000	44825000	72.56389186902601
44810000	44825000	98.47432238978095
44815000	44825000	136.04821858776742
44820000	44825000	240.3214668447124
44825000	44825000	353.50778164856644
44655000	44830000	4.764196424844937
44660000	44830000	7.6724809691567835
44665000	44830000	7.000616901200976
44670000	44830000	12.40060185329714
44675000	44830000	11.286144543345422
44680000	44830000	11.409865613802417
44685000	44830000	11.017408888986381
44690000	44830000	13.15160191256937
44695000	44830000	6.591826341936109
44700000	44830000	13.395148850611108
44705000	44830000	12.699392134780465
44710000	44830000	15.993400335795723
44715000	44830000	19.20436145890899
44720000	44830000	15.448417197066194
44725000	44830000	14.274135487934283
44730000	44830000	15.642197829152156
44735000	44830000	17.958247164811976
44740000	44830000	16.135282988659057
44745000	44830000	20.880093057058318
44750000	44830000	14.585546579655214
44755000	44830000	17.057030359000727
44760000	44830000	21.96338919005821
44765000	44830000	10.534190269742714
44770000	44830000	18.94008920891201
44775000	44830000	16.634098361638667
44780000	44830000	21.541457379356025
44785000	44830000	29.881772683450382
44790000	44830000	26.52410265415078
44795000	44830000	36.35282287583203
44800000	44830000	32.38614407520588
44805000	44830000	42.17294479772939
44810000	44830000	49.03324922567384
44815000	44830000	54.44577207632831
44820000	44830000	90.91375816558885
44825000	44830000	205.76011320393434
44830000	44830000	496.6760891773139
44655000	44835000	7.904370829458978
44660000	44835000	9.643607733490311
44665000	44835000	4.839524784415901
44670000	44835000	9.144035292152209
44675000	44835000	7.201946783419613
44680000	44835000	16.82695970495703
44685000	44835000	16.502052930956843
44690000	44835000	9.091699247209503
44695000	44835000	6.07590395848165
44700000	44835000	12.671665413862081
44705000	44835000	10.242267859022554
44710000	44835000	6.63374028927857
44715000	44835000	16.399728227143196
44720000	44835000	15.378461427451763
44725000	44835000	12.769973038154161
44730000	44835000	16.711691756074714
44735000	44835000	15.890600904978342
44740000	44835000	12.492835330474628
44745000	44835000	16.840137208299964
44750000	44835000	19.15767121799376
44755000	44835000	14.599025994243762
44760000	44835000	15.183285678269902
44765000	44835000	16.645218757523857
44770000	44835000	19.04476963864103
44775000	44835000	10.614598344952505
44780000	44835000	15.37197865161196
44785000	44835000	23.35168780349116
44790000	44835000	22.19633860232834
44795000	44835000	18.27687107880077
44800000	44835000	26.62420215465211
44805000	44835000	35.88202661140232
44810000	44835000	48.25967064194118
44815000	44835000	52.693688845448214
44820000	44835000	67.46988415243534
44825000	44835000	95.09888158316727
44830000	44835000	244.02701566710246
44835000	44835000	542.3361402068059
44655000	44840000	10.964456459121909
44660000	44840000	10.032764091921702
44665000	44840000	6.041781684309121
44670000	44840000	9.51303199691284
44675000	44840000	5.827556628900554
44680000	44840000	10.211828501560815
44685000	44840000	9.684497993215128
44690000	44840000	7.882153327430229
44695000	44840000	10.53514976712231
44700000	44840000	7.436572818223609
44705000	44840000	15.222260624515105
44710000	44840000	9.968742354903842
44715000	44840000	14.624159845119378
44720000	44840000	13.03625563658443
44725000	44840000	11.272367410540388
44730000	44840000	13.63613511109177
44735000	44840000	11.021231511720694
44740000	44840000	16.09148529370841
44745000	44840000	6.6741718029832215
44750000	44840000	17.483119587940397
44755000	44840000	9.34655531222946
44760000	44840000	12.445324803252644
44765000	44840000	17.316916829032554
44770000	44840000	23.115515198416073
44775000	44840000	19.631889561751102
44780000	44840000	8.662494006812416
44785000	44840000	24.91694100863314
44790000	44840000	20.749374248667166
44795000	44840000	20.598946924349587
44800000	44840000	28.537941492301606
44805000	44840000	23.331252037688046
44810000	44840000	35.86223745934114
44815000	44840000	40.897520145510754
44820000	44840000	53.846340759925184
44825000	44840000	68.77635939944112
44830000	44840000	125.88815038594812
44835000	44840000	225.30180468705936
44840000	44840000	502.99054064295996
44655000	44845000	6.858855225850144
44660000	44845000	9.414047565169012
44665000	44845000	5.669187437612572
44670000	44845000	8.18250321115596
44675000	44845000	9.37401180894494
44680000	44845000	7.528768613676024
44685000	44845000	4.1305722257774065
44690000	44845000	14.05252179309677
44695000	44845000	5.9312707906922455
44700000	44845000	8.246682792908768
44705000	44845000	5.7134039734462005
44710000	44845000	14.390729266039903
44715000	44845000	7.115263446019413
44720000	44845000	10.008257722496552
44725000	44845000	6.79963181506058
44730000	44845000	10.875920121316788
44735000	44845000	4.524431011061937
44740000	44845000	9.29177222586385
44745000	44845000	14.090801201980412
44750000	44845000	10.499163285758618
44755000	44845000	12.424389090350536
44760000	44845000	8.982943559747948
44765000	44845000	12.863783379809874
44770000	44845000	12.39428038417758
44775000	44845000	18.421198827677195
44780000	44845000	20.00807750187792
44785000	44845000	16.950734376025604
44790000	44845000	24.49422511777672
44795000	44845000	29.736335617904498
44800000	44845000	21.264896740245348
44805000	44845000	32.10888722428345
44810000	44845000	35.14621115088041
44815000	44845000	31.02690825471146
44820000	44845000	38.495739870636804
44825000	44845000	46.02082426871039
44830000	44845000	74.81229656007933
44835000	44845000	115.23071541192172
44840000	44845000	252.97662552885262
44845000	44845000	497.18981264774834
