34670000	34670000	676.9863079553933
34670000	34710000	84.50415970158947
34670000	34715000	42.0842877545731
34710000	34715000	119.35112331342856
34715000	34715000	1010.4558118386877
34670000	34720000	22.567954973297777
34710000	34720000	186.6747310837813
34715000	34720000	199.21436311993344
34720000	34720000	819.0293288895774
34670000	34725000	39.70078420548275
34710000	34725000	76.76693354571123
34715000	34725000	136.99455201342076
34720000	34725000	247.72798398649837
34725000	34725000	391.3955561028999
34670000	34730000	22.835164772747458
34710000	34730000	56.665500904935115
34715000	34730000	76.59778073304153
34720000	34730000	90.079002751791
34725000	34730000	127.0592677884959
34730000	34730000	471.4048308899181
34670000	34735000	45.35380558990974
34710000	34735000	45.936957986232684
34715000	34735000	57.193165558037855
34720000	34735000	68.15596107303364
34725000	34735000	77.66098749236248
34730000	34735000	230.68104565379107
34735000	34735000	491.13519286291665
34670000	34740000	26.33388000818346
34710000	34740000	26.672477068154755
34715000	34740000	26.56655492528052
34720000	34740000	35.61619118077047
34725000	34740000	51.26301872664573
34730000	34740000	124.33073813189404
34735000	34740000	187.4616330813466
34740000	34740000	602.6124802705251
34670000	34745000	3.3292434670400524
34710000	34745000	47.20870528834669
34715000	34745000	35.26592202487014
34720000	34745000	42.02569984157649
34725000	34745000	41.585732907069655
34730000	34745000	71.75805834565287
34735000	34745000	108.58777921329848
34740000	34745000	131.35325281990168
34745000	34745000	567.2694532223815
34670000	34750000	11.083024309072405
34710000	34750000	68.75636001154176
34715000	34750000	44.02498739048951
34720000	34750000	56.835679677448454
34725000	34750000	40.90230334932251
34730000	34750000	58.393375363853934
34735000	34750000	80.33062890538841
34740000	34750000	96.20025926853062
34745000	34750000	143.18055108066608
34750000	34750000	471.816004480785
34670000	34755000	11.896334054209067
34710000	34755000	42.1725336354112
34715000	34755000	21.002528717159404
34720000	34755000	18.771222693943198
34725000	34755000	28.81893905978915
34730000	34755000	46.72395663341547
34735000	34755000	46.34623940689636
34740000	34755000	75.09800662511802
34745000	34755000	107.99670830822566
34750000	34755000	167.31515131900952
34755000	34755000	546.2011169935346
34670000	34760000	12.457091388739336
34710000	34760000	22.080209886386246
34715000	34760000	10.996262312073736
34720000	34760000	29.4840623394517
34725000	34760000	29.07716012393104
34730000	34760000	49.72193407923972
34735000	34760000	51.72863139662911
34740000	34760000	75.36132114909756
34745000	34760000	65.24270057359843
34750000	34760000	111.00945774033185
34755000	34760000	228.98618392594028
34760000	34760000	501.8018322074765
34670000	34765000	4.9895240676936155
34710000	34765000	44.219687890962774
34715000	34765000	26.426449200024674
34720000	34765000	7.872968847771076
34725000	34765000	34.939421827558085
34730000	34765000	33.4579837929292
34735000	34765000	49.726134608079334
34740000	34765000	74.80626895125374
34745000	34765000	80.13845646284047
34750000	34765000	71.04474501824413
34755000	34765000	107.07280575820492
34760000	34765000	179.26146023548398
34765000	34765000	639.6800282419545
34670000	34770000	14.216707180326825
34710000	34770000	8.399710350755704
34715000	34770000	4.183176647215629
34720000	34770000	26.171295385104123
34725000	34770000	27.803170672434174
34730000	34770000	35.18212528227047
34735000	34770000	54.74202299022226
34740000	34770000	29.915276564766618
34745000	34770000	34.74730114409261
34750000	34770000	49.57434929937382
34755000	34770000	78.04468090692491
34760000	34770000	113.50482216160158
34765000	34770000	164.9062038759912
34770000	34770000	458.0929378656484
34670000	34775000	17.61895668204504
34710000	34775000	12.491849000011934
34715000	34775000	12.442241181017037
34720000	34775000	33.36113710390538
34725000	34775000	24.008639601853982
34730000	34775000	35.4439477063396
34735000	34775000	51.081431618512106
34740000	34775000	30.586384250123544
34745000	34775000	61.51828327357224
34750000	34775000	67.58197464040147
34755000	34775000	66.82598760793549
34760000	34775000	64.45154511322102
34765000	34775000	116.16848305770567
34770000	34775000	281.96310651242334
34775000	34775000	617.2728453053323
34670000	34780000	21.19931332856299
34710000	34780000	12.525269694043905
34715000	34780000	6.237764577142617
34720000	34780000	39.02545674225827
34725000	34780000	20.060726932153703
34730000	34780000	42.30806481843712
34735000	34780000	25.60904744282109
34740000	34780000	41.82029327117316
34745000	34780000	24.67314771785494
34750000	34780000	49.28202433595659
34755000	34780000	44.08208806690394
34760000	34780000	52.31464949124104
34765000	34780000	70.25734362994856
34770000	34780000	112.38458460027395
34775000	34780000	114.90577668344258
34780000	34780000	686.0422102206755
34715000	34785000	17.033955133890824
34725000	34785000	3.652093826130182
34730000	34785000	27.728151737940486
34735000	34785000	17.483160825000244
34740000	34785000	22.840393876924374
34745000	34785000	47.16383573443972
34750000	34785000	16.822288278602805
34755000	34785000	24.075686122923003
34760000	34785000	25.210541408236796
34765000	34785000	60.58650411589244
34770000	34785000	81.51963214972086
34775000	34785000	71.31414920888342
34780000	34785000	92.95642601781442
34785000	34785000	1230.164341340866
34670000	34790000	11.87793097521641
34710000	34790000	14.035764891627101
34715000	34790000	13.980025850577364
34720000	34790000	12.494789653298618
34725000	34790000	23.97863124410936
34730000	34790000	18.96409627311046
34735000	34790000	37.665326443602424
34740000	34790000	49.98788898634942
34745000	34790000	30.41348887966565
34750000	34790000	29.91366656557956
34755000	34790000	33.59077853202903
34760000	34790000	48.27824042757286
34765000	34790000	45.580575962664575
34770000	34790000	62.9688479938567
34775000	34790000	67.30789695393877
34780000	34790000	76.29075153079225
34785000	34790000	112.17939669602833
34790000	34790000	644.4713499419098
34670000	34795000	6.952484884978348
34710000	34795000	24.646576107006528
34715000	34795000	32.73159900341139
34720000	34795000	10.970324257667242
34725000	34795000	18.421413756395776
34730000	34795000	24.420473947574813
34735000	34795000	22.046567986740637
34740000	34795000	23.77318787333084
34745000	34795000	40.45878371496582
34750000	34795000	25.590522500042837
34755000	34795000	26.601016979626124
34760000	34795000	31.286310553395246
34765000	34795000	41.232085434394165
34770000	34795000	47.2235772728041
34775000	34795000	65.09101412401613
34780000	34795000	77.28768785077897
34785000	34795000	75.04198323163574
34790000	34795000	302.16659640643576
34795000	34795000	573.4081202095022
34670000	34800000	17.14420536026375
34710000	34800000	30.388125195270074
34715000	34800000	18.917154634100278
34720000	34800000	30.433317286608588
34725000	34800000	18.656925316456913
34730000	34800000	29.7671996327755
34735000	34800000	28.153232682523377
34740000	34800000	25.365527822359763
34745000	34800000	34.41986991678587
34750000	34800000	24.909449090703976
34755000	34800000	41.710326170171804
34760000	34800000	31.73073628591147
34765000	34800000	51.58492343889022
34770000	34800000	60.709751630358724
34775000	34800000	61.774696863544506
34780000	34800000	71.46919487717679
34785000	34800000	73.72958959874163
34790000	34800000	128.14092991762988
34795000	34800000	159.38449175608332
34800000	34800000	465.2756627575251
34670000	34805000	22.962736764957267
34710000	34805000	7.400268964207226
34715000	34805000	14.741761809156268
34720000	34805000	19.76339831841205
34725000	34805000	19.754035713637794
34730000	34805000	29.996102278940704
34735000	34805000	22.6957794470651
34740000	34805000	14.825137945694227
34745000	34805000	16.03532116612422
34750000	34805000	12.132148451864916
34755000	34805000	30.212075807895648
34760000	34805000	33.636170527136905
34765000	34805000	39.325209801785874
34770000	34805000	31.12493434977489
34775000	34805000	35.48766630961636
34780000	34805000	44.86503001956794
34785000	34805000	21.123529635158057
34790000	34805000	84.94836879429538
34795000	34805000	79.15034690617078
34800000	34805000	217.69817056673776
34805000	34805000	570.3677653297656
34670000	34810000	8.24184288605419
34710000	34810000	21.91301505653229
34715000	34810000	21.82599376092138
34720000	34810000	22.758403400229344
34725000	34810000	17.15820627692563
34730000	34810000	27.63344178365058
34735000	34810000	20.534773618198823
34740000	34810000	29.265915657068525
34745000	34810000	23.0217502436907
34750000	34810000	27.542219156861247
34755000	34810000	33.933596048381226
34760000	34810000	28.713635150005985
34765000	34810000	32.34619349106548
34770000	34810000	37.889798117914594
34775000	34810000	28.9358726005565
34780000	34810000	35.121348192075395
34785000	34810000	25.019643214652373
34790000	34810000	73.58017175616378
34795000	34810000	62.09881135619044
34800000	34810000	101.88091989352645
34805000	34810000	196.68002505108328
34810000	34810000	609.1065096633387
34715000	34815000	20.110087715364127
34720000	34815000	17.973594512522446
34725000	34815000	17.246476607677195
34730000	34815000	43.64737445507495
34735000	34815000	25.80051835943345
34740000	34815000	8.988367072474464
34745000	34815000	31.817755138651787
34750000	34815000	19.860196307712812
34755000	34815000	39.79286186369988
34760000	34815000	24.802724669952493
34765000	34815000	5.960643034070096
34770000	34815000	50.95118220022961
34775000	34815000	42.0963242143292
34780000	34815000	42.20894872423453
34790000	34815000	18.919668640678225
34795000	34815000	60.908158828473645
34800000	34815000	87.0442890329381
34805000	34815000	114.71568054616702
34810000	34815000	201.8422991377687
34815000	34815000	272.15700455514514
34670000	34835000	136.60211439198773
34725000	34835000	77.55923994425656
34735000	34835000	30.940713509521185
34740000	34835000	53.89552384829545
34760000	34835000	29.744131012311374
34765000	34835000	35.740861071160225
34775000	34835000	100.96621231978072
34795000	34835000	33.201269032487744
34810000	34835000	29.518903763596526
34815000	34835000	163.1892001206891
34710000	34845000	399.72026351527717
34750000	34845000	65.53093677596378
34755000	34845000	56.27185454309383
34760000	34845000	49.103616813306594
34725000	34855000	7.503384292295677
34730000	34855000	9.494780624941397
34735000	34855000	44.899885024650864
34740000	34855000	15.642191466509866
34750000	34855000	11.520705622532073
34760000	34855000	17.26538157822334
34765000	34855000	41.49252866539853
34770000	34855000	19.70418828877602
34775000	34855000	29.30359911149183
34780000	34855000	14.690998981705187
34790000	34855000	32.925344166984345
34795000	34855000	38.544247837658105
34800000	34855000	26.731874474842595
34805000	34855000	60.75888386534907
34810000	34855000	34.269290774599945
34815000	34855000	94.72536980026574
34835000	34855000	283.99337643558016
34855000	34855000	412.11945373515954
34710000	34860000	36.36860675431888
34715000	34860000	18.11208959755951
34720000	34860000	32.37572692955468
34725000	34860000	11.649740194388093
34730000	34860000	24.56929726071541
34735000	34860000	18.589726978963665
34740000	34860000	16.19069116521389
34745000	34860000	21.492423604305852
34750000	34860000	23.8493675440707
34755000	34860000	5.119902932155938
34765000	34860000	26.84217548431309
34770000	34860000	15.2963426477597
34775000	34860000	22.74835614909815
34780000	34860000	22.80921710335629
34785000	34860000	20.762308674994586
34795000	34860000	14.960931487871328
34800000	34860000	18.44615889515171
34805000	34860000	26.952607896035698
34810000	34860000	35.47095715906485
34815000	34860000	73.53521457800784
34855000	34860000	213.28529358845043
34860000	34860000	507.75772370014766
34670000	34865000	23.34642755710978
34710000	34865000	27.58771447104042
34715000	34865000	27.47815772359967
34720000	34865000	12.279440842463147
34725000	34865000	14.728348376374342
34730000	34865000	11.182349032420499
34735000	34865000	14.101394740103542
34740000	34865000	18.422378727843686
34745000	34865000	16.30325983317542
34750000	34865000	22.613924509308685
34755000	34865000	15.534982812613487
34760000	34865000	16.9450573787224
34765000	34865000	36.650446922021125
34770000	34865000	19.338616968395886
34775000	34865000	11.503972063347922
34780000	34865000	23.06949958265454
34785000	34865000	31.498849947961578
34795000	34865000	22.69748241368516
34800000	34865000	24.486857421237282
34805000	34865000	20.445128841715725
34810000	34865000	57.17693889264769
34815000	34865000	55.78075940739354
34855000	34865000	32.35787293221756
34860000	34865000	234.44760279996964
34865000	34865000	444.6055335689606
34670000	34870000	20.746308655283634
34710000	34870000	36.77285773872551
34715000	34870000	18.31341240596226
34720000	34870000	29.462035973766362
34725000	34870000	17.276206222977187
34730000	34870000	11.924349313840523
34735000	34870000	20.675994800647654
34740000	34870000	8.185328447306379
34745000	34870000	14.487546746026327
34750000	34870000	18.085846794623397
34755000	34870000	17.601162883943747
34760000	34870000	11.745135908541107
34765000	34870000	10.856214615538816
34770000	34870000	16.497458507807004
34775000	34870000	18.400970267827123
34780000	34870000	15.375166854562378
34785000	34870000	29.39032555596544
34790000	34870000	18.952282517882587
34795000	34870000	17.14419169679197
34800000	34870000	33.572151020996095
34805000	34870000	38.15307502873259
34810000	34870000	44.83153803079841
34815000	34870000	59.482069307318
34835000	34870000	59.44382071940998
34855000	34870000	43.13120825261748
34860000	34870000	138.3952260830526
34865000	34870000	162.55102466846463
34870000	34870000	554.3173857000465
34670000	34875000	9.844654464410198
34710000	34875000	13.959729766749327
34715000	34875000	20.856439016299973
34720000	34875000	9.320326772312656
34725000	34875000	25.33927903907686
34730000	34875000	24.51977214448167
34735000	34875000	22.298383501552202
34740000	34875000	9.321954849553377
34745000	34875000	19.24919288245665
34750000	34875000	19.452980356886822
34755000	34875000	13.756568485945035
34760000	34875000	20.578588093247472
34765000	34875000	22.66682749264208
34770000	34875000	12.721257768283989
34775000	34875000	20.374039863288456
34780000	34875000	18.969366530701006
34785000	34875000	7.969406702728329
34790000	34875000	26.162452781442354
34795000	34875000	26.798825596714785
34800000	34875000	29.20654907115912
34805000	34875000	46.55471307322191
34810000	34875000	50.20596095994837
34815000	34875000	70.5644108656301
34845000	34875000	46.567031618644414
34855000	34875000	40.93372454201844
34860000	34875000	63.55362294222359
34865000	34875000	109.2740474697978
34870000	34875000	137.94489828901712
34875000	34875000	374.04791414722337
34670000	34880000	8.427096061056602
34710000	34880000	22.405557279093607
34715000	34880000	18.59714999365507
34720000	34880000	9.972834663047518
34725000	34880000	16.74642511352618
34730000	34880000	23.209105256478345
34735000	34880000	21.950715844945172
34740000	34880000	26.598871254788857
34745000	34880000	13.24080769400474
34750000	34880000	24.48807814702146
34755000	34880000	14.719653762437583
34760000	34880000	13.762048106414747
34765000	34880000	14.331739012964182
34770000	34880000	20.94132592431966
34775000	34880000	10.90020424919598
34780000	34880000	14.052042844336942
34785000	34880000	8.52733786598466
34790000	34880000	19.24591839544006
34795000	34880000	25.60266771227306
34800000	34880000	34.09229881940722
34805000	34880000	36.89923529164277
34810000	34880000	52.81031354063443
34815000	34880000	90.60547594732023
34855000	34880000	43.79945864269169
34860000	34880000	49.868834591766216
34865000	34880000	58.46211377564682
34870000	34880000	70.59240408624655
34875000	34880000	120.94047941192606
34880000	34880000	539.9733911143601
34670000	34885000	9.085222410099375
34710000	34885000	32.20713590667416
34715000	34885000	12.029712916205925
34720000	34885000	21.503355442129585
34725000	34885000	16.334808105247166
34730000	34885000	17.406368109790037
34735000	34885000	13.375863342820644
34740000	34885000	21.507111654164817
34745000	34885000	11.102675009077757
34750000	34885000	17.16033169519822
34755000	34885000	15.869206576320202
34760000	34885000	18.79329939383
34765000	34885000	13.073920588483178
34770000	34885000	15.80373850546549
34775000	34885000	18.466598207588934
34780000	34885000	13.466184542714979
34785000	34885000	32.176524607085945
34790000	34885000	24.52149397772005
34795000	34885000	23.185802104184557
34800000	34885000	31.649955113885603
34805000	34885000	35.80284136580935
34810000	34885000	49.081562021986564
34815000	34885000	21.706987254505297
34835000	34885000	65.0790872144346
34855000	34885000	18.88801648053887
34860000	34885000	29.32549849692912
34865000	34885000	51.90524521176423
34870000	34885000	43.48881186797712
34875000	34885000	82.54621735784116
34880000	34885000	177.65410657705317
34885000	34885000	449.06344138914386
34670000	34890000	5.89473158020571
34715000	34890000	15.610389141192629
34720000	34890000	9.301295567932652
34725000	34890000	13.3875204808097
34730000	34890000	26.822561409018235
34735000	34890000	21.362738268053597
34740000	34890000	9.302920320797362
34745000	34890000	8.232809097994238
34750000	34890000	13.703477121507389
34755000	34890000	22.06362681279375
34760000	34890000	14.118890919287638
34765000	34890000	16.96540802003117
34770000	34890000	17.578083035449357
34775000	34890000	21.784755050983136
34780000	34890000	21.843037986769474
34785000	34890000	11.929700919393877
34790000	34890000	22.029495401785102
34795000	34890000	20.05807874319894
34800000	34890000	25.17233320083714
34805000	34890000	34.84473964426974
34810000	34890000	31.845410117336332
34815000	34890000	28.16813006977462
34835000	34890000	42.22502579435401
34845000	34890000	139.4158387535172
34860000	34890000	19.027155780243838
34865000	34890000	48.110700198785956
34870000	34890000	37.194723139062226
34875000	34890000	64.51323802405815
34880000	34890000	104.19585381483239
34885000	34890000	179.73308940764815
34890000	34890000	657.7846549591028
34670000	34895000	9.560835464356877
34710000	34895000	16.94659267997623
34715000	34895000	4.219823528937162
34720000	34895000	11.314530015536254
34725000	34895000	9.952069539857444
34730000	34895000	13.73819599711188
34735000	34895000	14.076092234381738
34740000	34895000	11.316506440747272
34745000	34895000	21.69867528353754
34750000	34895000	15.280420012792245
34755000	34895000	14.314253521734221
34760000	34895000	13.53172193110515
34765000	34895000	20.012134867853472
34770000	34895000	11.879333646921072
34775000	34895000	7.066664727302096
34780000	34895000	19.48531992770597
34790000	34895000	17.865137541336843
34795000	34895000	20.913928357281204
34800000	34895000	23.637109455399177
34805000	34895000	15.698802773871282
34810000	34895000	23.759455753106394
34815000	34895000	17.132514004542703
34845000	34895000	56.530644241869425
34855000	34895000	69.56882658834247
34860000	34895000	20.57379580329705
34865000	34895000	35.11446061413267
34870000	34895000	36.40434248221998
34875000	34895000	33.56245358612363
34880000	34895000	63.374349673761756
34885000	34895000	91.09821583614311
34890000	34895000	164.02170776908278
34895000	34895000	594.3767893643791
34670000	34900000	7.105310615049942
34710000	34900000	8.396114565988741
34715000	34900000	20.90692947324737
34720000	34900000	7.474311960697459
34725000	34900000	12.550895482980359
34730000	34900000	7.940950017702392
34735000	34900000	9.656221550373662
34740000	34900000	7.475617575563816
34745000	34900000	14.885325586008321
34750000	34900000	12.38828182374285
34755000	34900000	11.819889575510908
34760000	34900000	15.471304434626541
34765000	34900000	11.15428940570638
34770000	34900000	10.594014187466108
34775000	34900000	17.505739286448467
34780000	34900000	15.797316728737236
34785000	34900000	19.172878792666435
34790000	34900000	9.834670627161596
34795000	34900000	20.723427042663776
34800000	34900000	20.227920911398037
34805000	34900000	28.00044922649855
34810000	34900000	28.661086120132186
34815000	34900000	22.635275908965998
34845000	34900000	56.01571649322879
34855000	34900000	39.39150646724215
34860000	34900000	10.19319634830467
34865000	34900000	11.598203045166983
34870000	34900000	20.612995254463055
34875000	34900000	22.497205840113615
34880000	34900000	48.14443092070458
34885000	34900000	40.620788156374694
34890000	34900000	87.85279066367912
34895000	34900000	135.36643050355428
34900000	34900000	517.7078649360299
34670000	34905000	7.560224590596374
34710000	34905000	26.80101486603608
34715000	34905000	13.34729113596095
34720000	34905000	5.964638297799773
34725000	34905000	14.308350342023834
34730000	34905000	7.242313191492235
34735000	34905000	10.27445632886923
34740000	34905000	14.914200506140038
34745000	34905000	7.919175573831158
34750000	34905000	6.5907177006955155
34755000	34905000	9.432489091782289
34760000	34905000	16.461847000399455
34765000	34905000	11.868437232994532
34770000	34905000	13.151005784906053
34775000	34905000	22.351842637192824
34780000	34905000	16.80873206937193
34785000	34905000	15.300309610724351
34790000	34905000	12.55719662277318
34795000	34905000	18.375195120196647
34800000	34905000	13.593475881819863
34805000	34905000	19.86210936756086
34810000	34905000	8.168597649981914
34815000	34905000	27.09504920542908
34845000	34905000	89.4031422908469
34860000	34905000	32.53743201289525
34865000	34905000	30.851930555672425
34870000	34905000	18.09450391300348
34875000	34905000	24.978342517894614
34880000	34905000	35.07925881812036
34885000	34905000	28.814342599721456
34890000	34905000	58.42345116141291
34895000	34905000	72.01659941977307
34900000	34905000	191.5469080813181
34905000	34905000	698.3510385697139
34670000	34910000	7.591209789288813
34710000	34910000	26.910857472010512
34715000	34910000	3.350498583660527
34720000	34910000	8.983626099972685
34725000	34910000	10.056894675329216
34730000	34910000	11.816992600351258
34735000	34910000	8.597138057726665
34740000	34910000	10.482727922622054
34745000	34910000	13.252719858335537
34750000	34910000	12.132503944659803
34755000	34910000	13.2596067407766
34760000	34910000	14.04991779165478
34765000	34910000	16.88252918348526
34770000	34910000	10.375282121276555
34775000	34910000	12.624440926202439
34780000	34910000	16.877621808915546
34785000	34910000	15.363017156996692
34790000	34910000	18.912992488487838
34795000	34910000	13.837878697085644
34800000	34910000	14.502262309765165
34805000	34910000	10.802736327372836
34810000	34910000	12.303114352403012
34815000	34910000	13.603048448147376
34835000	34910000	54.37720527248958
34855000	34910000	7.89099535130405
34860000	34910000	12.251544388071162
34865000	34910000	27.880538071526253
34870000	34910000	23.123753320839324
34875000	34910000	19.59430858851198
34880000	34910000	25.159306706343028
34885000	34910000	35.261407261932085
34890000	34910000	37.5442539043889
34895000	34910000	55.18528733299553
34900000	34910000	87.68074346675698
34905000	34910000	171.54142539470416
34910000	34910000	411.72474209993186
34670000	34915000	7.597486672851199
34720000	34915000	23.976144852774514
34725000	34915000	8.62732314877726
34730000	34915000	3.639004191847446
34735000	34915000	5.162548023141335
34740000	34915000	17.985249759257417
34745000	34915000	5.305471211969635
34750000	34915000	11.038668956528262
34755000	34915000	11.374774805886114
34760000	34915000	18.197280764221713
34765000	34915000	9.939111003990908
34770000	34915000	9.439873680632017
34775000	34915000	16.846506130350015
34780000	34915000	22.522103032657142
34790000	34915000	18.928630924911243
34795000	34915000	22.15891314293168
34800000	34915000	17.075592565449142
34805000	34915000	6.6533345849034236
34810000	34915000	13.134173153282086
34815000	34915000	45.380987643881724
34860000	34915000	16.34889963416242
34865000	34915000	31.00399047933071
34870000	34915000	13.224499128999216
34875000	34915000	20.39493079456263
34880000	34915000	25.180109983171036
34885000	34915000	27.146587371307287
34890000	34915000	25.83301725433915
34895000	34915000	45.708345893628966
34900000	34915000	60.38932875644601
34905000	34915000	60.239742630020494
34910000	34915000	187.5085597365369
34915000	34915000	687.0909352318753
