43810000	43810000	720.6936390802899
43810000	43815000	249.43018831082966
43815000	43815000	773.091776027531
43810000	43820000	114.80516418149674
43815000	43820000	196.817194207449
43820000	43820000	701.2825983265877
43810000	43825000	100.0425248898066
43815000	43825000	131.00807337799694
43820000	43825000	183.41836435120157
43825000	43825000	628.2151951033928
43810000	43830000	71.81801278744827
43815000	43830000	79.7723493487
43820000	43830000	119.00719982642795
43825000	43830000	241.75076698336844
43830000	43830000	577.149190840037
43810000	43835000	67.15905600450871
43815000	43835000	67.74248671879678
43820000	43835000	102.35154756058816
43825000	43835000	119.88703850180599
43830000	43835000	271.4094715001326
43835000	43835000	614.454658447878
43810000	43840000	52.638060130018424
43815000	43840000	59.839061435208116
43820000	43840000	65.46795911708327
43825000	43840000	87.1903765074334
43830000	43840000	131.76280679116226
43835000	43840000	259.40926011426785
43840000	43840000	629.992494373065
43810000	43845000	45.3606662403695
43815000	43845000	39.39510844693138
43820000	43845000	63.478256041768205
43825000	43845000	79.42120635294111
43830000	43845000	89.21090285467291
43835000	43845000	114.98934117509073
43840000	43845000	258.1617612588139
43845000	43845000	636.8174100603939
43810000	43850000	42.67475675301897
43815000	43850000	36.93177849499257
43820000	43850000	58.439095257745635
43825000	43850000	72.92219247688251
43830000	43850000	66.76922105579872
43835000	43850000	78.20725727693232
43840000	43850000	122.19856346916308
43845000	43850000	297.3154509238759
43850000	43850000	1079.2478280184546
43810000	43885000	40.70365378900939
43815000	43885000	28.93559173850385
43820000	43885000	17.723732304974707
43825000	43885000	44.4372724617585
43830000	43885000	64.94010083231647
43835000	43885000	30.637209467996183
43840000	43885000	45.95571039575822
43845000	43885000	36.11519055561054
43850000	43885000	62.63535754564162
43885000	43885000	196.2961122580801
43810000	43890000	28.25459841950515
43815000	43890000	35.15006725121396
43820000	43890000	24.17431029621153
43825000	43890000	24.352345448940763
43830000	43890000	35.06099465760981
43835000	43890000	19.58796850244672
43840000	43890000	35.258263661904635
43845000	43890000	25.861167339616742
43850000	43890000	24.027633692131324
43885000	43890000	414.15778498579937
43890000	43890000	654.7601496215824
43810000	43895000	20.09929963064978
43815000	43895000	22.504038135920954
43820000	43895000	28.589563962106066
43825000	43895000	10.971472716030137
43830000	43895000	32.42346093409913
43835000	43895000	39.712391603897785
43840000	43895000	26.474867933649037
43845000	43895000	29.960338871034416
43850000	43895000	16.237770281924842
43885000	43895000	135.70231694386598
43890000	43895000	377.4128743873534
43895000	43895000	979.1727432283554
43810000	43910000	27.452386555633552
43815000	43910000	22.768051635580846
43820000	43910000	30.991041217158255
43825000	43910000	39.960677319754474
43830000	43910000	15.140237258611316
43835000	43910000	4.017829054274084
43840000	43910000	56.249479701704075
43845000	43910000	26.522849855914703
43850000	43910000	24.642403509491427
43885000	43910000	51.48538243311132
43890000	43910000	65.8345891775612
43895000	43910000	71.18516617108021
43910000	43910000	621.1750726715289
43810000	43915000	19.539188828432387
43815000	43915000	16.573419736924585
43820000	43915000	21.656768910286374
43825000	43915000	20.3618457193752
43830000	43915000	22.04189546122208
43835000	43915000	18.717924477966715
43840000	43915000	16.37814692273607
43845000	43915000	22.064718721639775
43850000	43915000	14.350244921307977
43885000	43915000	59.963943654910366
43890000	43915000	70.9254511420305
43895000	43915000	69.95351366849698
43910000	43915000	196.59498956426222
43915000	43915000	697.213819229393
43810000	43920000	19.580541141816045
43815000	43920000	24.35912652982062
43820000	43920000	27.128253530003768
43825000	43920000	13.603292723915464
43830000	43920000	24.2973988932151
43835000	43920000	23.446923356722923
43840000	43920000	32.82561855184961
43845000	43920000	53.067398427470344
43850000	43920000	28.761230933797243
43885000	43920000	30.045425019179536
43890000	43920000	49.94498545260935
43895000	43920000	93.46874901360226
43910000	43920000	118.20663534925573
43915000	43920000	254.6946535206747
43920000	43920000	726.6112077482827
43810000	43925000	19.983587951642857
43815000	43925000	22.948187052327313
43820000	43925000	28.112611476938554
43825000	43925000	21.816619883162584
43830000	43925000	20.98253192714399
43835000	43925000	18.22327723552361
43840000	43925000	16.19843206425966
43845000	43925000	24.823214319756243
43850000	43925000	20.69780696089521
43885000	43925000	51.89272255027998
43890000	43925000	53.08436544825167
43895000	43925000	40.35845604271193
43910000	43925000	88.4691914129463
43915000	43925000	148.61280182031473
43920000	43925000	206.51255416493862
43925000	43925000	648.1910462857803
43810000	43930000	11.876009026079426
43815000	43930000	12.311934437031333
43820000	43930000	8.04410686429831
43825000	43930000	25.930716273569125
43830000	43930000	7.368441108857728
43835000	43930000	20.857541409205314
43840000	43930000	31.286241443439994
43845000	43930000	14.752141508877214
43850000	43930000	10.660399448694037
43885000	43930000	83.52291137525522
43890000	43930000	17.088179354821936
43895000	43930000	57.7405862048741
43910000	43930000	35.05079329072547
43915000	43930000	102.05730707524432
43920000	43930000	148.2962834566477
43925000	43930000	247.29674789463155
43930000	43930000	796.0632374907339
43810000	43935000	14.955503649985285
43815000	43935000	13.954019570577005
43820000	43935000	17.094332107138914
43825000	43935000	8.163662578575037
43830000	43935000	17.39832395339466
43835000	43935000	18.46826843769909
43840000	43935000	19.69944183581317
43845000	43935000	20.899606838349648
43850000	43935000	10.068511390177676
43885000	43935000	47.33132497913554
43890000	43935000	40.34851820034313
43895000	43935000	40.90102950719154
43910000	43935000	82.7617466824065
43915000	43935000	80.72735215831588
43920000	43935000	94.17999608693975
43925000	43935000	102.18525900694655
43930000	43935000	163.7989674394236
43935000	43935000	536.3934722392917
43815000	43940000	13.618247884595561
43820000	43940000	11.121997303557475
43825000	43940000	5.97541697997459
43830000	43940000	13.583738344378872
43835000	43940000	21.628645966427186
43840000	43940000	7.2095323703522345
43845000	43940000	6.798901806887868
43850000	43940000	14.739353407827098
43885000	43940000	46.19240449048362
43890000	43940000	70.87972148301931
43895000	43940000	15.966735770919074
43910000	43940000	72.69324644302904
43915000	43940000	70.55358122708242
43920000	43940000	98.98405900416567
43925000	43940000	36.63418907151032
43930000	43940000	125.78952276413554
43935000	43940000	282.1628744707416
43940000	43940000	608.719855180824
43810000	43945000	10.856570949674659
43815000	43945000	21.60974682182433
43820000	43945000	15.442559456228773
43825000	43945000	14.22289223837798
43830000	43945000	13.471866434446806
43835000	43945000	11.44027649259385
43840000	43945000	14.300313313734863
43845000	43945000	21.57730538588359
43850000	43945000	5.847185668811838
43885000	43945000	18.324790652029925
43890000	43945000	23.43199190388726
43895000	43945000	12.66819052290934
43910000	43945000	57.67565198557083
43915000	43945000	25.190107724382813
43920000	43945000	44.87719025663497
43925000	43945000	72.6649600564321
43930000	43945000	31.18838876619881
43935000	43945000	126.66399518083685
43940000	43945000	155.23884177597938
43945000	43945000	964.8181158451456
43810000	43950000	33.389146574944796
43815000	43950000	8.307537981214066
43820000	43950000	10.177125847163433
43825000	43950000	18.225914205483935
43830000	43950000	12.429729196343608
43840000	43950000	26.388180550557895
43845000	43950000	20.737665913379477
43850000	43950000	8.991445837358325
43885000	43950000	28.17874648781901
43890000	43950000	7.2064578755896855
43895000	43950000	19.480371480528202
43910000	43950000	103.47178717961948
43915000	43950000	64.55968793360665
43920000	43950000	25.878528260033374
43925000	43950000	59.59453221914241
43930000	43950000	76.7353661687942
43935000	43950000	104.18260460373743
43940000	43950000	132.62046209950358
43945000	43950000	631.3355360358973
43950000	43950000	1035.5512729701265
43810000	43985000	21.243107146347842
43815000	43985000	6.606859472327515
43820000	43985000	16.187428924537905
43825000	43985000	46.383341657228755
43830000	43985000	19.7703517612633
43835000	43985000	13.990779204281028
43845000	43985000	13.193881969228318
43850000	43985000	14.301522119984133
43885000	43985000	44.82026289193212
43890000	43985000	11.462374191953051
43895000	43985000	15.492445190335161
43910000	43985000	47.02259966738035
43915000	43985000	20.537337859625325
43920000	43985000	41.16160526772826
43925000	43985000	35.54597348046924
43930000	43985000	61.02647763768973
43935000	43985000	28.819078879486813
43945000	43985000	33.47277437196593
43950000	43985000	25.73619642326195
43810000	43990000	11.495121935495362
43815000	43990000	10.725359720949896
43820000	43990000	18.978658852818683
43825000	43990000	14.11822514966716
43830000	43990000	21.396361901081747
43835000	43990000	22.712173669018004
43840000	43990000	17.034091774609383
43845000	43990000	16.063887558275468
43850000	43990000	11.608311780840312
43885000	43990000	12.12662497002691
43890000	43990000	12.405095742260864
43895000	43990000	20.958274290455968
43910000	43990000	31.80622973234932
43915000	43990000	29.635238235218427
43920000	43990000	33.4102023084658
43925000	43990000	28.852085760730635
43930000	43990000	33.02279637843041
43935000	43990000	21.442644069010733
43940000	43990000	57.072751902841034
43945000	43990000	13.584651962903544
43950000	43990000	34.81608340097712
43810000	43995000	8.021662032613634
43815000	43995000	16.632216564450772
43820000	43995000	10.866799861456578
43825000	43995000	11.676618621254928
43830000	43995000	19.908083314074855
43835000	43995000	7.0441234782019615
43840000	43995000	21.132322700235992
43845000	43995000	16.60724760055328
43850000	43995000	28.802309369181966
43885000	43995000	22.566253210517132
43890000	43995000	5.771113815931455
43895000	43995000	7.800187202339963
43910000	43995000	47.35018593127849
43915000	43995000	31.020619012946625
43920000	43995000	13.81612016663877
43925000	43995000	11.9312023389758
43930000	43995000	30.725811453595032
43935000	43995000	50.78473580124864
43940000	43995000	63.72349309278637
43945000	43995000	8.426491205077916
43950000	43995000	51.83097890909303
43810000	44010000	15.837704421213088
43815000	44010000	16.888165061894032
43820000	44010000	11.493777067366915
43825000	44010000	17.290447441951166
43830000	44010000	8.422684667714963
43835000	44010000	17.88130877734368
43840000	44010000	14.901056988799823
43845000	44010000	19.673280500582134
43850000	44010000	18.278462498728913
43885000	44010000	57.28379731753063
43890000	44010000	43.94942896069395
43895000	44010000	6.600185072362738
43910000	44010000	30.049277881126255
43915000	44010000	26.248322153509594
43920000	44010000	35.07183137391757
43925000	44010000	30.287020630514082
43930000	44010000	6.499717148820915
43935000	44010000	18.416517071652596
43940000	44010000	35.94673110269693
43945000	44010000	21.390410263794784
43950000	44010000	65.785739061324
43810000	44015000	9.063177933117919
43815000	44015000	25.36880707132993
43820000	44015000	2.302072975358963
43825000	44015000	9.894514857830897
43830000	44015000	11.246453705555084
43835000	44015000	17.907115067180474
43840000	44015000	20.891587054455414
43845000	44015000	5.629049417859321
43850000	44015000	24.406455947311283
43890000	44015000	29.341904493150228
43895000	44015000	13.219420907851909
43910000	44015000	10.030881657924235
43915000	44015000	26.286203710036446
43920000	44015000	5.853741168592364
43925000	44015000	20.22048722219809
43930000	44015000	19.527292605483307
43935000	44015000	39.96004084291061
43940000	44015000	17.999304697444327
43945000	44015000	35.70213480992499
43950000	44015000	10.980113497464384
43810000	44020000	5.734739557965513
43815000	44020000	8.917861711296233
43820000	44020000	10.196481121937886
43825000	44020000	12.521538511284593
43830000	44020000	8.89526326030747
43840000	44020000	13.219183336572685
43845000	44020000	17.808947704966453
43850000	44020000	7.721610974851398
43890000	44020000	9.283067244439884
43895000	44020000	20.91152148095766
43910000	44020000	19.041166664542974
43915000	44020000	18.48070576925066
43920000	44020000	11.111890759294377
43925000	44020000	19.191815852596292
43930000	44020000	37.06777187572256
43935000	44020000	25.284776339034224
43940000	44020000	11.389087296534873
43945000	44020000	27.108695820719767
43950000	44020000	27.790733753451867
43810000	44025000	8.279414040946987
43815000	44025000	10.299985723351458
43820000	44025000	8.411978869277098
43825000	44025000	12.912655369550029
43830000	44025000	5.870791359295309
43835000	44025000	6.231827333232014
43840000	44025000	12.46362651322377
43845000	44025000	19.099828360658698
43850000	44025000	9.55535947849869
43885000	44025000	49.9100399081276
43890000	44025000	25.52807665326066
43895000	44025000	13.801410484154793
43910000	44025000	26.181236728146402
43915000	44025000	19.820278773578863
43920000	44025000	24.445816590272152
43925000	44025000	13.19418822732826
43930000	44025000	20.38698841432599
43935000	44025000	12.836706294728822
43940000	44025000	37.58346062061672
43945000	44025000	26.09175354767731
43950000	44025000	22.927033581494328
43810000	44030000	9.672665309226424
43815000	44030000	12.03325671346589
43820000	44030000	10.91948667816268
43825000	44030000	9.386585423958596
43830000	44030000	9.335482835493417
43835000	44030000	7.078276351843037
43840000	44030000	14.156520726481945
43845000	44030000	17.355277183444784
43850000	44030000	8.682586524095967
43890000	44030000	9.278551365207866
43895000	44030000	15.676011581888028
43910000	44030000	19.03190381996482
43915000	44030000	11.083029341276646
43920000	44030000	27.766213057555106
43925000	44030000	16.78466975726793
43930000	44030000	15.437391555967137
43935000	44030000	21.870412098150194
43940000	44030000	25.61298055670289
43945000	44030000	13.547754206294172
43950000	44030000	5.208227729687021
43810000	44035000	10.31878821450261
43815000	44035000	10.269651525194906
43820000	44035000	10.484006233732611
43825000	44035000	7.885708836310742
43830000	44035000	14.08498788052573
43835000	44035000	12.232777240470398
43840000	44035000	4.077583202914105
43845000	44035000	3.8453378640803395
43850000	44035000	13.893859959795192
43885000	44035000	17.417067938846795
43890000	44035000	6.681384841151843
43895000	44035000	12.040668796143951
43910000	44035000	9.13644588657
43915000	44035000	13.30128330745589
43920000	44035000	26.658867707097784
43925000	44035000	16.115279733639376
43930000	44035000	32.60781124297671
43935000	44035000	18.19843774639503
43940000	44035000	8.197169449914341
43945000	44035000	13.007455729206873
43950000	44035000	10.001036421233186
43810000	44040000	4.651138662618028
43815000	44040000	7.714984270684644
43820000	44040000	10.2388212380082
43825000	44040000	3.3851820294321957
43830000	44040000	8.657363239461814
43835000	44040000	9.189764985256117
43840000	44040000	11.231909610981178
43845000	44040000	8.666327498279411
43850000	44040000	18.787749459141
43885000	44040000	13.084417213182762
43890000	44040000	11.711772037117
43895000	44040000	6.784083920194968
43910000	44040000	13.727347248720045
43915000	44040000	13.989458916230632
43920000	44040000	12.016342201871478
43925000	44040000	20.75393213951496
43930000	44040000	13.36163338200043
43935000	44040000	21.032945113911058
43940000	44040000	18.47415169299786
43945000	44040000	9.771735302435523
43950000	44040000	11.269784348241636
43810000	44045000	6.90758377786439
43815000	44045000	6.683727154829705
43820000	44045000	12.47677104571959
43825000	44045000	7.541194802326698
43830000	44045000	14.285978889575812
43835000	44045000	7.076777648786377
43840000	44045000	8.087727615508141
43845000	44045000	9.53384752886696
43850000	44045000	8.267379177145793
43885000	44045000	12.954778695520101
43890000	44045000	9.939200134101998
43895000	44045000	2.2389560652197122
43910000	44045000	3.397834668260072
43915000	44045000	4.94673334856142
43920000	44045000	17.845929025945985
43925000	44045000	8.561793822781514
43930000	44045000	13.229248246539505
43935000	44045000	14.577187610148153
43940000	44045000	12.19407497589972
43945000	44045000	12.09364794890437
43810000	44050000	4.9818284936222526
43815000	44050000	6.197632115838192
43820000	44050000	10.12318886613374
43825000	44050000	7.614314424619727
43830000	44050000	7.418312287720448
43835000	44050000	7.874516134502232
43840000	44050000	3.9372491736661055
43845000	44050000	7.425993572367692
43850000	44050000	8.049413477077522
43885000	44050000	25.22646366881095
43890000	44050000	4.300958948096211
43895000	44050000	8.719708018611032
43910000	44050000	13.2330091970047
43915000	44050000	15.412207900077323
43920000	44050000	10.296550640647304
43925000	44050000	8.891803748473135
43930000	44050000	20.03627907598052
43935000	44050000	12.165314292246746
43940000	44050000	15.83011163083612
43945000	44050000	15.699739212162998
43950000	44050000	19.313681867810296
43810000	44055000	7.932894451145021
43815000	44055000	5.482721575567899
43820000	44055000	8.955456692574886
43825000	44055000	9.622837791396078
43830000	44055000	9.843890394102065
43835000	44055000	11.610288870771932
43840000	44055000	5.805131322568708
43845000	44055000	8.75918510344225
43850000	44055000	7.120895870643537
43885000	44055000	14.87769027989641
43890000	44055000	3.804833842928046
43895000	44055000	5.142580305158519
43910000	44055000	23.413104772287298
43915000	44055000	11.361979758493582
43920000	44055000	11.386026004822307
43925000	44055000	9.832643206766852
43930000	44055000	10.128600041411234
43935000	44055000	23.915596543616445
43940000	44055000	7.002036661730399
43945000	44055000	8.33324379057701
43950000	44055000	12.814354535059818
43810000	44060000	3.3972752753564506
43815000	44060000	7.043953968523441
43820000	44060000	11.505567780554074
43825000	44060000	7.417793391283869
43830000	44060000	7.026104123607912
43835000	44060000	5.966550680334811
43840000	44060000	1.4916343007321904
43845000	44060000	5.626703437337382
43850000	44060000	12.198142117589049
43885000	44060000	19.114187004596165
43890000	44060000	4.888279311299746
43895000	44060000	6.606955769994532
43910000	44060000	15.040051733716368
43915000	44060000	13.137624294126345
43920000	44060000	8.776952317233636
43925000	44060000	12.632537542307427
43930000	44060000	6.506384782989406
43935000	44060000	15.362841142043901
43940000	44060000	17.991803250025043
43945000	44060000	10.706176642432954
43950000	44060000	10.975537390473388
43810000	44065000	5.941648287817561
43815000	44065000	4.311821320176389
43820000	44065000	7.545977831071396
43825000	44065000	8.108321344022135
43830000	44065000	3.686481325686747
43835000	44065000	6.521981360170397
43840000	44065000	6.521966628142505
43845000	44065000	7.380596978781419
43850000	44065000	6.666838160097632
43885000	44065000	25.072249218228446
43890000	44065000	9.61799922055906
43895000	44065000	11.555203584247527
43910000	44065000	4.384037715977512
43915000	44065000	9.573743731658114
43920000	44065000	14.071207911543056
43925000	44065000	9.942127157483586
43930000	44065000	5.6896552196046395
43935000	44065000	9.404068548822947
43940000	44065000	7.866669485890087
43945000	44065000	7.801881772973412
43950000	44065000	9.597806721320447
43810000	44070000	8.956151913071778
43815000	44070000	7.427919929645565
43820000	44070000	7.582960206100357
43825000	44070000	4.07402986507742
43830000	44070000	7.409097089606914
43835000	44070000	1.966183557369868
43840000	44070000	2.949268674151906
43845000	44070000	3.7083844161928656
43850000	44070000	2.0098535776384794
43885000	44070000	12.597563387769926
43890000	44070000	1.6108560742451499
43895000	44070000	2.1772190491985004
43915000	44070000	8.658597656817232
43920000	44070000	9.641025026872956
43925000	44070000	18.316563674852432
43930000	44070000	10.720387258587255
43935000	44070000	15.18775282385284
43940000	44070000	11.857835326607137
43945000	44070000	16.46424846684053
43950000	44070000	7.233633738022991
43810000	44075000	6.58977060205423
43815000	44075000	6.148491558608808
43820000	44075000	6.695281910496562
43825000	44075000	5.395672214499805
43830000	44075000	2.044303624874737
43835000	44075000	7.595077476841391
43840000	44075000	4.34003446907141
43845000	44075000	7.162471390151523
43850000	44075000	4.436439047340696
43890000	44075000	8.889285352597696
43895000	44075000	19.223489137606485
43910000	44075000	3.6466904627643095
43915000	44075000	7.432641643680731
43920000	44075000	4.256212528264246
43925000	44075000	22.0532532693332
43930000	44075000	7.099076046996252
43935000	44075000	8.939893654444711
43940000	44075000	13.087163225518902
43945000	44075000	5.191752388338765
43950000	44075000	7.983560475891214
43810000	44080000	4.984631985493759
43815000	44080000	5.581007814024836
43820000	44080000	4.557998531435959
43825000	44080000	7.07441366448113
43830000	44080000	6.185405745951087
43835000	44080000	7.222368512055709
43840000	44080000	4.596042307801876
43845000	44080000	4.953448334921313
43850000	44080000	6.711619360520467
43885000	44080000	8.41355323287623
43890000	44080000	4.303379285019912
43895000	44080000	10.178717474438965
43910000	44080000	6.620227993814618
43915000	44080000	6.425367091968632
43920000	44080000	9.014551838379418
43925000	44080000	6.672605665286461
43930000	44080000	10.023777181437504
43935000	44080000	10.143466870371734
43940000	44080000	7.919509962057078
43945000	44080000	7.854287069601411
43950000	44080000	7.246706444168928
43810000	44085000	4.956881938964975
43815000	44085000	6.166597412712344
43820000	44085000	3.5973203212083313
43825000	44085000	6.184641364120563
43830000	44085000	3.514840484169583
43835000	44085000	3.730992580160037
43840000	44085000	4.663730190616359
43845000	44085000	6.157339864413129
43850000	44085000	7.627719962634848
43885000	44085000	5.976224263458185
43890000	44085000	4.585094843907134
43895000	44085000	4.1314495218386185
43915000	44085000	3.651197885488064
43920000	44085000	5.48838780167364
43925000	44085000	7.899355316679774
43930000	44085000	6.102840983738391
43935000	44085000	10.567330157785468
43940000	44085000	5.625300783146606
43945000	44085000	4.463177890083562
43950000	44085000	13.726406012804498
43810000	44090000	4.7626461607792665
43815000	44090000	1.6928453845643758
43820000	44090000	4.147630876310163
43825000	44090000	3.71393483989956
43830000	44090000	3.3771112049477616
43835000	44090000	2.6885950240382583
43840000	44090000	7.169570535912272
43845000	44090000	5.91606405537744
43850000	44090000	3.664413601418935
43885000	44090000	11.484090964756035
43890000	44090000	5.873903426664452
43895000	44090000	5.954337559151134
43910000	44090000	6.024192821911223
43915000	44090000	7.893282221119682
43920000	44090000	10.546649855439867
43925000	44090000	3.03592740233566
43930000	44090000	1.9545669057644925
43935000	44090000	10.15324855934995
43810000	44095000	5.020468361737276
43815000	44095000	3.568972544929867
43820000	44095000	3.6434664133703536
43825000	44095000	7.829971713967813
43830000	44095000	2.6699463994614523
43835000	44095000	3.7788534076890277
43840000	44095000	4.723556089890932
43845000	44095000	3.5636146573458407
43850000	44095000	3.862783824199396
43885000	44095000	12.105773430465586
43890000	44095000	3.095941344154351
43895000	44095000	8.368894747909362
43915000	44095000	1.8490175570292504
43920000	44095000	5.558792332463902
43925000	44095000	9.600825018751895
43930000	44095000	6.1811276630828536
43935000	44095000	8.7569074563406
43940000	44095000	11.394923241984847
43945000	44095000	9.040862246014521
43950000	44095000	3.4756217697024026
43810000	44100000	2.5779999257053947
43815000	44100000	4.276206391457714
43820000	44100000	2.619277257156146
43825000	44100000	0.9381572614159811
43830000	44100000	1.066342550458121
43835000	44100000	3.3957582100128882
43840000	44100000	5.659584232637335
43845000	44100000	2.1348933877458744
43890000	44100000	3.7094384999566254
43895000	44100000	2.50682239495556
43910000	44100000	7.608696010669493
43915000	44100000	4.430844225192203
43920000	44100000	6.66033235101151
43925000	44100000	5.751670654734715
43930000	44100000	4.937327160042245
43935000	44100000	2.331598125716054
43940000	44100000	13.652961176954975
43810000	44105000	3.2852747549872254
43815000	44105000	10.217595987561282
43820000	44105000	1.6689382655611888
43825000	44105000	5.379934077509896
43830000	44105000	3.057511177203758
43835000	44105000	6.49107779842746
43840000	44105000	1.081843856034228
43845000	44105000	5.101128457241599
43890000	44105000	5.318014211237625
43895000	44105000	4.791854480250238
43910000	44105000	10.908161306408106
43915000	44105000	4.234835462317334
43920000	44105000	8.487595951584726
43925000	44105000	5.497232043896544
43930000	44105000	9.437825878657444
43935000	44105000	10.028044919141786
43945000	44105000	5.1766090462199115
43810000	44110000	1.5590375075493852
43815000	44110000	7.758067897322556
43820000	44110000	5.543999462727125
43825000	44110000	4.255107837504467
43830000	44110000	1.9346021101282973
43835000	44110000	5.1339357724479715
43840000	44110000	2.0535696703099977
43845000	44110000	2.9049079381604805
43890000	44110000	5.04736086892821
43895000	44110000	6.821969018653115
43915000	44110000	4.019309078505756
43920000	44110000	6.041723184959163
43925000	44110000	5.217457645590684
43930000	44110000	11.19687517171178
43935000	44110000	4.230080335857903
43940000	44110000	12.384879273123477
43945000	44110000	4.913152333895234
43950000	44110000	3.777573143994791
43810000	44115000	3.000097046298964
43815000	44115000	2.2393582390775424
43820000	44115000	2.438506187460675
43825000	44115000	2.620229241318899
43830000	44115000	2.978244743057047
43835000	44115000	2.3710483637079816
43840000	44115000	1.5806953386132063
43845000	44115000	6.707989268644027
43850000	44115000	3.231614205899832
43885000	44115000	15.19157860176357
43890000	44115000	10.360287796302392
43895000	44115000	5.251078053914219
43910000	44115000	10.625365594555024
43915000	44115000	6.961016340259656
43920000	44115000	3.1003326593458564
43925000	44115000	5.354715481718274
43930000	44115000	5.171146218268898
43935000	44115000	11.39607741549969
43940000	44115000	4.766510048173427
43945000	44115000	5.672705268562261
43950000	44115000	2.9077135031321415
43810000	44120000	3.0975798208810574
43815000	44120000	2.3121221700636587
43820000	44120000	6.923787953425575
43825000	44120000	4.0580533389767695
43830000	44120000	5.381280565893314
43835000	44120000	4.080152215306595
43840000	44120000	3.2641143991587342
43845000	44120000	3.847751862796057
43850000	44120000	8.341549288727869
43885000	44120000	5.228400570375193
43890000	44120000	1.3371158466330397
43895000	44120000	3.6144682803382366
43910000	44120000	5.485308899553791
43915000	44120000	7.9857800952034435
43920000	44120000	4.801608615689039
43925000	44120000	5.528707360714168
43930000	44120000	5.339173343174217
43935000	44120000	5.883186259424168
43940000	44120000	9.842778492424467
43945000	44120000	9.761716092585068
43950000	44120000	9.006583320346307
43810000	44125000	3.52521484607605
43815000	44125000	2.192767652804623
43820000	44125000	3.581658393721528
43825000	44125000	0.9621429406149262
43830000	44125000	4.374422069289629
43835000	44125000	2.321717920986094
43840000	44125000	2.32171267662686
43845000	44125000	1.0947378901512317
43850000	44125000	7.119853666160232
43885000	44125000	7.437756400849037
43895000	44125000	2.5709138221043335
43915000	44125000	5.680158417415399
43920000	44125000	6.830615737070475
43925000	44125000	3.9324816458757015
43930000	44125000	5.063558816750066
43935000	44125000	3.5868144434912552
43945000	44125000	5.5546827656845315
43810000	44130000	4.034048519587845
43815000	44130000	2.509274325065001
43820000	44130000	4.0986391955499
43825000	44130000	2.2020395775536263
43830000	44130000	5.005831316157328
43835000	44130000	2.656837427222292
43840000	44130000	1.3284157129430267
43845000	44130000	10.02202919919514
43885000	44130000	17.02266188473483
43890000	44130000	2.1766954015462736
43895000	44130000	2.942002558962381
43915000	44130000	6.5000391906056025
43920000	44130000	13.027591463763006
43925000	44130000	9.00020138035525
43930000	44130000	17.383316626469167
43935000	44130000	8.20907895126347
43940000	44130000	8.011546171129455
43950000	44130000	9.77456493212962
43810000	44135000	2.247067904225672
43815000	44135000	1.8636397228483446
43820000	44135000	5.327108635258998
43825000	44135000	2.453184404961474
43830000	44135000	4.647292841540623
43835000	44135000	1.9732349377118814
43840000	44135000	6.906306681804024
43845000	44135000	4.652104876646513
43885000	44135000	6.32137119487454
43890000	44135000	3.2332662669378567
43895000	44135000	2.1850272721623383
43910000	44135000	9.947977361116774
43915000	44135000	5.793100155537504
43920000	44135000	1.9351201821490622
43925000	44135000	6.6844555967909365
43930000	44135000	2.1517668180221
43935000	44135000	6.096888438523567
43945000	44135000	11.80235333724293
43950000	44135000	3.6297879628217435
43810000	44140000	5.504996337394226
43815000	44140000	6.848477851432246
43820000	44140000	1.8643796383248805
43825000	44140000	1.0016587348391104
43830000	44140000	2.2770411186390396
43835000	44140000	7.251216853189921
43840000	44140000	2.4170668246483915
43845000	44140000	5.698497196936708
43850000	44140000	2.4707567917533684
43890000	44140000	1.9802604678569657
43895000	44140000	5.353005624681
43910000	44140000	8.123709247125127
43915000	44140000	4.730756775443531
43920000	44140000	7.111153268965726
43925000	44140000	8.187982105171141
43935000	44140000	3.734127088511283
43940000	44140000	7.288547657071544
43945000	44140000	11.565633912882367
43950000	44140000	8.8924635536268
43810000	44145000	4.633885469174922
43815000	44145000	4.611819526367189
43820000	44145000	1.8832321445246212
43825000	44145000	3.0353623615859835
43830000	44145000	2.3000664354381315
43835000	44145000	3.6622703831703003
43840000	44145000	4.8830161476465435
43850000	44145000	4.991481901951185
43890000	44145000	4.000569509491446
43895000	44145000	10.814269856838768
43910000	44145000	4.102927878118145
43915000	44145000	4.778593932428708
43920000	44145000	4.78870724447877
43925000	44145000	8.270778537951216
43930000	44145000	7.987241395866232
43935000	44145000	6.286477299890617
43945000	44145000	5.8412924891504066
43950000	44145000	4.4911918323808235
43810000	44150000	3.380620650319504
43815000	44150000	5.046783880426685
43820000	44150000	3.4347490456313508
43825000	44150000	5.9051430304237975
43830000	44150000	5.0339949965142745
43835000	44150000	1.7811901720858987
43840000	44150000	2.6717792230280453
43845000	44150000	5.0392074420114845
43850000	44150000	16.386762485945834
43895000	44150000	1.9723698524354294
43910000	44150000	5.986528067560314
43915000	44150000	5.229287636128074
43920000	44150000	3.493569857673242
43925000	44150000	12.067784111459993
43930000	44150000	5.827039399564599
43935000	44150000	7.338013032612663
43940000	44150000	5.371080351780308
43945000	44150000	6.3922147444315645
43950000	44150000	3.2765194466052026
43810000	44155000	6.141047289965384
43815000	44155000	3.3954469134192156
43820000	44155000	3.46631884434069
43825000	44155000	2.2347821077626886
43830000	44155000	3.3868426265237757
43835000	44155000	5.392684860084934
43840000	44155000	7.1902302385900265
43845000	44155000	4.237936912014752
43885000	44155000	5.758591655099782
43890000	44155000	2.945414779407445
43895000	44155000	1.9904984896064482
43910000	44155000	9.06232803783097
43915000	44155000	7.916027358087525
43925000	44155000	6.089351349874225
43930000	44155000	7.8407965993388276
43935000	44155000	3.7027294450106485
43940000	44155000	10.84089509335428
43945000	44155000	6.450967488841013
43810000	44160000	3.9157702702308597
43815000	44160000	2.92284292196278
43820000	44160000	1.5913868593704446
43825000	44160000	2.5649709674400794
43830000	44160000	2.915436244817724
43835000	44160000	2.0631511911347302
43840000	44160000	3.0947197962495285
43845000	44160000	1.9456366870670876
43850000	44160000	2.1089749159829765
43890000	44160000	5.070899330637076
43895000	44160000	4.569188932414729
43915000	44160000	5.0475665018544404
43920000	44160000	2.0232996246352917
43925000	44160000	1.7472631189317749
43930000	44160000	4.49963680330365
43935000	44160000	4.249807394532066
43940000	44160000	12.442636388992476
43945000	44160000	2.4680324557968207
43950000	44160000	7.590379853851594
43810000	44165000	2.839841721336475
43815000	44165000	4.416123085776659
43820000	44165000	3.606639375961439
43825000	44165000	5.4255801384199644
43830000	44165000	1.7619729352001785
43835000	44165000	1.870328960100111
43840000	44165000	10.286786044427588
43845000	44165000	6.173290789603655
43850000	44165000	3.8237399938859578
43885000	44165000	17.97511799637943
43890000	44165000	9.193945565013554
43895000	44165000	8.284304534912879
43910000	44165000	9.429181390074142
43915000	44165000	3.660656513013862
43920000	44165000	1.8342019233373517
43925000	44165000	4.751891416821816
43930000	44165000	2.039550242200724
43935000	44165000	1.9263100733953573
43940000	44165000	11.279746864081556
43945000	44165000	4.474739996156055
43810000	44170000	1.2761837899316137
43815000	44170000	6.350533867087392
43820000	44170000	1.2966172510670595
43825000	44170000	3.4831103295070345
43830000	44170000	1.5836102986348586
43835000	44170000	3.3619951179477816
43840000	44170000	2.52149064283671
43845000	44170000	4.755750139393795
43850000	44170000	10.31000064640354
43885000	44170000	5.385172006063241
43890000	44170000	2.7544174281333147
43895000	44170000	3.7228466216551253
43910000	44170000	11.299567251162962
43915000	44170000	0.8225230419210322
43920000	44170000	8.242638117602231
43925000	44170000	5.6944833717086825
43930000	44170000	1.8330887515961432
43935000	44170000	5.193935292053258
43945000	44170000	6.032650275204964
43950000	44170000	3.092214002743898
43810000	44175000	2.119217798814305
43815000	44175000	1.9773059691640027
43820000	44175000	1.6148620471379567
43825000	44175000	0.5784017524561109
43830000	44175000	3.2871589085852464
43835000	44175000	0.6978618547826417
43840000	44175000	2.791441113733639
43845000	44175000	4.60678763196268
43850000	44175000	4.28017050679201
43885000	44175000	8.942561764976897
43890000	44175000	3.430468137769505
43895000	44175000	3.0910605843418604
43910000	44175000	7.036479843210998
43915000	44175000	4.780556840199091
43920000	44175000	4.106292262718038
43925000	44175000	3.5460754002242334
43930000	44175000	7.610021259941348
43935000	44175000	5.749997350772843
43940000	44175000	8.41745514930732
43945000	44175000	3.339252527234982
43950000	44175000	7.7023486006379045
43810000	44180000	0.7486004239057542
43815000	44180000	3.725178444073656
43820000	44180000	4.563519289855554
43825000	44180000	1.634534392146888
43830000	44180000	2.78680394676483
43835000	44180000	4.9303066500312855
43840000	44180000	5.916354615985534
43845000	44180000	7.439172107607523
43850000	44180000	4.031849182047086
43890000	44180000	4.847165597733748
43895000	44180000	13.102773665177837
43910000	44180000	3.314123287299181
43915000	44180000	3.8598897914998944
43920000	44180000	3.868058778129073
43925000	44180000	3.3403438435884083
43930000	44180000	2.1505539050535614
43935000	44180000	8.124602306858389
43940000	44180000	11.893653397031104
43945000	44180000	4.718280223609067
43985000	43985000	532.1578151235101
43985000	43990000	199.35867770646252
43990000	43990000	608.3089754315454
43985000	43995000	144.27138119496942
43990000	43995000	736.0742547559496
43995000	43995000	632.9902811481284
43985000	44010000	122.07627738043742
43990000	44010000	70.77665664773077
43995000	44010000	52.68288445479911
44010000	44010000	854.4117709545803
43985000	44015000	69.8585472923492
43990000	44015000	66.15354802865171
43995000	44015000	131.89729087369489
44010000	44015000	148.80780127063164
44015000	44015000	566.2857301457592
43985000	44020000	55.253876947997014
43990000	44020000	44.84866892708385
43995000	44020000	83.45821048022235
44010000	44020000	145.94546037890984
44015000	44020000	410.17999099396593
44020000	44020000	563.8326430106292
43985000	44025000	63.81733224269358
43990000	44025000	46.86620129399125
43995000	44025000	45.90137157003065
44010000	44025000	85.44751389588927
44015000	44025000	105.01874796637986
44020000	44025000	283.031064921055
44025000	44025000	408.11276233654405
43985000	44030000	66.27239750257336
43990000	44030000	38.10282390961168
43995000	44030000	37.537924974506446
44010000	44030000	59.99675500420548
44015000	44030000	81.28922777804608
44020000	44030000	98.399078495214
44025000	44030000	345.0069270395756
44030000	44030000	455.99197768431753
43985000	44035000	31.81469280652541
43990000	44035000	36.58324380669513
43995000	44035000	28.03179059840322
44010000	44035000	50.82707844783065
44015000	44035000	91.62077768070489
44020000	44035000	92.3276662463096
44025000	44035000	145.2529991851018
44030000	44035000	329.96449169362876
44035000	44035000	499.16131005990184
43985000	44040000	83.65176646149362
43990000	44040000	29.099473607163237
43995000	44040000	24.067009258463987
44010000	44040000	33.09227145141802
44015000	44040000	50.98466183051391
44020000	44040000	58.069119526492806
44025000	44040000	78.51318681468604
44030000	44040000	128.17359008696116
44035000	44040000	179.94899665971454
44040000	44040000	498.00439713347276
43985000	44045000	29.5796274394177
43990000	44045000	20.80806016013597
43995000	44045000	14.892848002255121
44010000	44045000	55.44744277109676
44015000	44045000	30.287707894920022
44020000	44045000	49.508531976614364
44025000	44045000	76.41774220972584
44030000	44045000	59.860219175410016
44035000	44045000	90.80723193182634
44040000	44045000	211.56253791606363
44045000	44045000	506.994200994396
43985000	44050000	38.39969864790636
43990000	44050000	20.77893856124753
43995000	44050000	27.067049003701054
44010000	44050000	19.63112585666585
44015000	44050000	22.936033727885338
44020000	44050000	39.391913031623474
44025000	44050000	56.44367270913814
44030000	44050000	54.39656288534493
44035000	44050000	64.16481080702313
44040000	44050000	135.64168327374256
44045000	44050000	306.3320921778939
44050000	44050000	618.1243092632405
43985000	44055000	13.588083470405092
43990000	44055000	11.029225288414262
43995000	44055000	27.365491628474956
44010000	44055000	28.9443869516915
44015000	44055000	46.377855146679785
44020000	44055000	25.67745079873892
44025000	44055000	48.41965625542734
44030000	44055000	38.49743945995818
44035000	44055000	60.723485617076264
44040000	44055000	120.98681097279443
44045000	44055000	162.99035347497096
44050000	44055000	182.27410207843175
44055000	44055000	688.9703602973791
43985000	44060000	26.186037308325396
43990000	44060000	21.25477853542591
43995000	44060000	21.973720156606827
44010000	44060000	22.31186754877962
44015000	44060000	29.79209068976137
44020000	44060000	37.701980972648684
44025000	44060000	29.159716672021034
44030000	44060000	49.459777908542655
44035000	44060000	55.96714048094257
44040000	44060000	99.37865593664468
44045000	44060000	119.8388784952515
44050000	44060000	168.67335056140226
44055000	44060000	276.7024554312696
44060000	44060000	686.7937418504473
43985000	44065000	15.265981424031416
43990000	44065000	11.358551999822428
43995000	44065000	13.450791342225065
44010000	44065000	24.38889604061249
44015000	44065000	26.052367013260852
44020000	44065000	23.69671983587449
44025000	44065000	36.5491016749855
44030000	44065000	44.795907046858986
44035000	44065000	53.3909791272221
44040000	44065000	85.789758955566
44045000	44065000	92.11000642438346
44050000	44065000	110.26715734643476
44055000	44065000	136.18658082868205
44060000	44065000	246.5805416199552
44065000	44065000	478.2243142534381
43985000	44070000	23.01119859552941
43990000	44070000	17.121329350899895
43995000	44070000	14.48219233553641
44010000	44070000	19.60673962069404
44015000	44070000	17.180656544517777
44020000	44070000	21.742172876831077
44025000	44070000	34.592864572391136
44030000	44070000	40.746742668028844
44035000	44070000	39.12172034517213
44040000	44070000	58.77968816461824
44045000	44070000	63.185648138743204
44050000	44070000	51.806136590100884
44055000	44070000	68.74527662835047
44060000	44070000	111.62772581677598
44065000	44070000	261.201614228709
44070000	44070000	622.5183124726333
43985000	44075000	31.74602527988267
43990000	44075000	12.024940623416086
43995000	44075000	9.590155862592196
44010000	44075000	16.229560117973765
44015000	44075000	32.505965211060186
44020000	44075000	22.282215256408037
44025000	44075000	24.038744861343385
44030000	44075000	33.4070636369189
44035000	44075000	53.04671072124951
44040000	44075000	47.26498430366662
44045000	44075000	58.7252576119694
44050000	44075000	69.08886635555432
44055000	44075000	71.65712578528276
44060000	44075000	115.07731347272184
44065000	44075000	129.6376394265932
44070000	44075000	321.22106027231797
44075000	44075000	523.9058489225791
43985000	44080000	11.526392349237849
43990000	44080000	14.553442242486074
43995000	44080000	11.606691776164904
44010000	44080000	16.368477621831513
44015000	44080000	22.948940833018128
44020000	44080000	22.81867822864964
44025000	44080000	28.237718011057304
44030000	44080000	33.43383558028496
44035000	44080000	55.24265135361962
44040000	44080000	55.521006036810256
44045000	44080000	44.42093892581521
44050000	44080000	48.29561115054132
44055000	44080000	56.11590020136074
44060000	44080000	81.10708140685763
44065000	44080000	92.41862352414795
44070000	44080000	173.324251470896
44075000	44080000	212.15066774507434
44080000	44080000	367.4695685753159
43985000	44085000	10.916403366651538
43990000	44085000	14.767777017295378
43995000	44085000	5.496226631110262
44010000	44085000	11.626680239832607
44015000	44085000	20.958227739013665
44020000	44085000	17.681800440819394
44025000	44085000	21.880920961879653
44030000	44085000	24.300648458829595
44035000	44085000	31.81570011256847
44040000	44085000	39.83543572163336
44045000	44085000	36.28549181494787
44050000	44085000	28.67268278647894
44055000	44085000	54.35405476683231
44060000	44085000	55.86531499046791
44065000	44085000	67.68132714864875
44070000	44085000	86.67825900065822
44075000	44085000	115.13589696011975
44080000	44085000	271.00687148943024
44085000	44085000	715.4109510103085
43990000	44090000	11.351280483287393
43995000	44090000	5.280856592056714
44010000	44090000	13.405305517946458
44015000	44090000	6.712326021815859
44020000	44090000	7.078724086873385
44025000	44090000	23.35946165274898
44030000	44090000	24.409717868237184
44035000	44090000	39.73969947584609
44040000	44090000	41.33643978730692
44045000	44090000	29.558305332656865
44050000	44090000	28.533039547975342
44055000	44090000	35.68652791300165
44060000	44090000	48.0849547623758
44065000	44090000	54.76145636798008
44070000	44090000	77.3857109679709
44075000	44090000	79.7145608233944
44080000	44090000	124.53312710361756
44085000	44090000	216.7721582065961
44090000	44090000	683.957832671885
43985000	44095000	11.056437978766953
43990000	44095000	4.48716500825134
43995000	44095000	19.48356101187679
44010000	44095000	9.420660974354993
44015000	44095000	18.86851372875088
44020000	44095000	14.92385078374186
44025000	44095000	25.855208622812185
44030000	44095000	19.018653353706476
44035000	44095000	26.8531908076578
44040000	44095000	33.084081623649844
44045000	44095000	24.766950459169557
44050000	44095000	33.189135208817326
44055000	44095000	28.443173501411128
44060000	44095000	49.50920632091111
44065000	44095000	51.54100522530816
44070000	44095000	55.16018882886234
44075000	44095000	60.02131964239086
44080000	44095000	81.46291425581933
44085000	44095000	164.3775822536376
44090000	44095000	267.00464533633954
44095000	44095000	654.7461871673154
43990000	44100000	1.7921164934960154
43995000	44100000	10.004767528046697
44010000	44100000	11.287475642680997
44015000	44100000	14.129707147582176
44020000	44100000	16.093068459585755
44025000	44100000	28.028367541638012
44030000	44100000	28.149169578313735
44035000	44100000	32.17446610113845
44040000	44100000	32.87226241507915
44045000	44100000	25.845804621435526
44050000	44100000	21.125662178012536
44055000	44100000	27.483485926245866
44060000	44100000	46.60860073958083
44065000	44100000	53.726381101854585
44070000	44100000	43.75026668597447
44075000	44100000	61.64164234481069
44080000	44100000	78.95496807484209
44085000	44100000	95.38430771689626
44090000	44100000	151.89586425775693
44095000	44100000	254.04296681507253
44100000	44100000	631.2764410190713
43985000	44105000	18.99205694183159
43990000	44105000	6.851352106770583
43995000	44105000	6.374788816259233
44010000	44105000	5.394073871960046
44015000	44105000	16.20557578454993
44020000	44105000	10.254102611366807
44025000	44105000	12.689273896359126
44030000	44105000	12.811392947824615
44035000	44105000	14.760553584966631
44040000	44105000	37.88650939668097
44045000	44105000	36.59622958889168
44050000	44105000	22.566544849223497
44055000	44105000	33.62264270396491
44060000	44105000	35.09744744413274
44065000	44105000	37.77446908267127
44070000	44105000	47.15293993100046
44075000	44105000	40.25843303328372
44080000	44105000	60.607444493181596
44085000	44105000	86.10005078734737
44090000	44105000	106.24641216791987
44095000	44105000	144.48594403660263
44100000	44105000	327.7965095589899
44105000	44105000	648.1304046628612
43985000	44110000	6.008493723471285
43990000	44110000	3.251330773984039
43995000	44110000	12.100704639290523
44015000	44110000	2.563469051428509
44020000	44110000	8.110194615692608
44025000	44110000	13.381633313898604
44030000	44110000	13.375311339924087
44035000	44110000	11.674445511861508
44040000	44110000	25.433937411491137
44045000	44110000	32.99702696311193
44050000	44110000	28.18164501936894
44055000	44110000	40.88656133235819
44060000	44110000	30.748808303053202
44065000	44110000	42.014047425453256
44070000	44110000	43.06435481175733
44075000	44110000	47.52893130152683
44080000	44110000	56.95895819805357
44085000	44110000	81.71810188819562
44090000	44110000	97.7600829593661
44095000	44110000	107.10942535313711
44100000	44110000	138.05672084732464
44105000	44110000	264.82813901142174
44110000	44110000	709.9536754634978
43985000	44115000	9.249842513834999
43990000	44115000	5.0052973347141645
43995000	44115000	13.97142329315834
44010000	44115000	13.79235821461036
44015000	44115000	3.9463609526922747
44020000	44115000	12.48532933614667
44025000	44115000	24.720605148927028
44030000	44115000	14.975106805526108
44035000	44115000	35.046092317364554
44040000	44115000	25.65298622949092
44045000	44115000	23.393650132321344
44050000	44115000	25.163037246951085
44055000	44115000	27.63363150087289
44060000	44115000	25.640655655952326
44065000	44115000	37.51381580228006
44070000	44115000	42.24738735319615
44075000	44115000	43.040554179321646
44080000	44115000	57.733918597698576
44085000	44115000	62.28424488674885
44090000	44115000	85.91412548565256
44095000	44115000	76.19953477970337
44100000	44115000	124.97536435110855
44105000	44115000	151.63304653267804
44110000	44115000	266.10861193275974
44115000	44115000	501.1066900479914
43985000	44120000	4.775199781041979
43990000	44120000	7.751903246253509
43995000	44120000	4.808466547803153
44010000	44120000	10.171797261559732
44015000	44120000	4.074590876336065
44020000	44120000	9.023712409399767
44025000	44120000	14.888916519835199
44030000	44120000	21.259832071481075
44035000	44120000	18.55633448837837
44040000	44120000	31.365632395938704
44045000	44120000	21.39335229606986
44050000	44120000	21.501240022303072
44055000	44120000	19.81356723025826
44060000	44120000	30.54669552671439
44065000	44120000	38.73275998746207
44070000	44120000	33.5539541992344
44075000	44120000	40.735823167471295
44080000	44120000	37.648344486421976
44085000	44120000	51.57379049546534
44090000	44120000	49.55286777545295
44095000	44120000	68.3574034140742
44100000	44120000	59.495739732598274
44105000	44120000	67.94117135498628
44110000	44120000	89.01512101798893
44115000	44120000	207.1715050496242
44120000	44120000	463.45687193875864
43990000	44125000	7.351740710824048
43995000	44125000	17.10092903307565
44015000	44125000	5.796383418482966
44020000	44125000	16.504516724470136
44025000	44125000	15.128928006694194
44030000	44125000	20.62060983637316
44035000	44125000	21.118121117078484
44040000	44125000	26.771850776861573
44045000	44125000	19.634517883371103
44050000	44125000	19.11686272999643
44055000	44125000	18.039136459499648
44060000	44125000	27.521346571728284
44065000	44125000	29.76666274974442
44070000	44125000	25.775705686733698
44075000	44125000	22.12616766314761
44080000	44125000	31.24178034807245
44085000	44125000	28.078818117603113
44090000	44125000	39.16240779739526
44095000	44125000	51.373696563816395
44100000	44125000	49.46303426617713
44105000	44125000	66.18488967645736
44110000	44125000	61.81940947235633
44115000	44125000	132.0080271635243
44120000	44125000	264.6705157148721
44125000	44125000	553.4949794821929
43985000	44130000	15.547127694331243
43990000	44130000	12.619349469113308
44010000	44130000	13.246962485980877
44015000	44130000	13.266080491135149
44020000	44130000	8.394132514343683
44025000	44130000	5.193796601897026
44030000	44130000	12.58507360495783
44035000	44130000	9.062375870897778
44040000	44130000	22.693430615271527
44045000	44130000	22.46858737940465
44050000	44130000	21.876213269936525
44055000	44130000	21.9331096367701
44060000	44130000	18.233258556254654
44065000	44130000	25.366226170202665
44070000	44130000	26.218845761702955
44075000	44130000	15.674214418926377
44080000	44130000	25.53661129592801
44085000	44130000	27.985715896013723
44090000	44130000	30.872663010138314
44095000	44130000	40.94236476713536
44100000	44130000	42.76639909604762
44105000	44130000	50.492063203011135
44110000	44130000	51.34536002389934
44115000	44130000	67.62669226437619
44120000	44130000	136.9277812650312
44125000	44130000	214.1390190097256
44130000	44130000	596.3821177133415
43985000	44135000	17.320293236532084
43990000	44135000	4.686199653865169
43995000	44135000	14.534130236227973
44010000	44135000	4.919263957980421
44015000	44135000	2.4631817178002744
44020000	44135000	9.351491765758912
44025000	44135000	16.71555693998118
44030000	44135000	8.178574775395195
44035000	44135000	13.461265265167818
44040000	44135000	16.011704819944647
44045000	44135000	22.52803712080176
44050000	44135000	18.4138086903696
44055000	44135000	22.03905354103934
44060000	44135000	24.621551543606966
44065000	44135000	18.839513176113307
44070000	44135000	24.34094289764325
44075000	44135000	17.909614697251804
44080000	44135000	24.926819510458984
44085000	44135000	26.94353141790855
44090000	44135000	23.668797426934937
44095000	44135000	31.967302353200644
44100000	44135000	37.36780384598679
44105000	44135000	34.821882808870924
44110000	44135000	50.84564439934082
44115000	44135000	51.53097121540987
44120000	44135000	77.45086632177278
44125000	44135000	121.67609338356536
44130000	44135000	209.40663146852543
44135000	44135000	513.8072624519015
43985000	44140000	14.144083889706273
43990000	44140000	5.740260871136322
44010000	44140000	9.038622070710005
44015000	44140000	3.017222200834997
44020000	44140000	7.636607661457504
44025000	44140000	7.875141128703823
44030000	44140000	5.72466954431574
44035000	44140000	15.115000423866174
44040000	44140000	11.355009489409728
44045000	44140000	16.35273555479291
44050000	44140000	14.594802844562224
44055000	44140000	22.3012674998958
44060000	44140000	25.635700236647377
44065000	44140000	19.78033892289373
44070000	44140000	17.889553036861518
44075000	44140000	20.84110252537362
44080000	44140000	17.921883243007258
44085000	44140000	22.63125074385037
44090000	44140000	19.932406580656448
44095000	44140000	33.42727840368512
44100000	44140000	33.18535159046395
44105000	44140000	33.90472127899451
44110000	44140000	40.4834908820275
44115000	44140000	46.34256547220126
44120000	44140000	65.9977711015938
44125000	44140000	103.27496365856408
44130000	44140000	149.07021725742692
44135000	44140000	259.331378983688
44140000	44140000	525.3648579286249
43985000	44145000	14.287108102017413
43990000	44145000	5.798306079009574
43995000	44145000	10.78998018776204
44010000	44145000	3.0433400429583197
44015000	44145000	9.143196566270866
44020000	44145000	13.499200094878407
44025000	44145000	14.318593434769895
44030000	44145000	11.565114187068671
44035000	44145000	11.103885448529049
44040000	44145000	8.34169507784344
44045000	44145000	12.388570150082117
44050000	44145000	14.742384702599637
44055000	44145000	16.5986775774616
44060000	44145000	18.278772037234
44065000	44145000	12.654225873052964
44070000	44145000	17.066537273609004
44075000	44145000	23.2678304840149
44080000	44145000	16.762137368818625
44085000	44145000	15.240064485975314
44090000	44145000	17.388421726725852
44095000	44145000	28.941679917732884
44100000	44145000	31.209132482006318
44105000	44145000	35.3523241179157
44110000	44145000	24.116300727391813
44115000	44145000	41.96864323339902
44120000	44145000	52.49879538604738
44125000	44145000	80.61034848713544
44130000	44145000	103.09818153535298
44135000	44145000	116.87166142355883
44140000	44145000	159.20319569844884
44145000	44145000	578.4283342151152
43985000	44150000	20.84613139634933
43990000	44150000	8.460232087291123
43995000	44150000	2.6239196805024103
44010000	44150000	6.6607461040687
44015000	44150000	13.340717774524206
44020000	44150000	12.662039052602735
44025000	44150000	8.124694367604937
44030000	44150000	7.382596331127104
44035000	44150000	5.062979099260533
44040000	44150000	13.692664689154741
44045000	44150000	16.56966635288611
44050000	44150000	17.599434130045875
44055000	44150000	12.97441714016323
44060000	44150000	16.66894731824223
44065000	44150000	12.147114754431577
44070000	44150000	15.380375244725023
44075000	44150000	19.399877272544803
44080000	44150000	19.076782939668067
44085000	44150000	23.626363608779005
44090000	44150000	22.03289922482484
44095000	44150000	26.04086162767635
44100000	44150000	30.357889636840323
44105000	44150000	29.01493734856602
44110000	44150000	26.008356907270098
44115000	44150000	37.09482100033646
44120000	44150000	46.203356400788884
44125000	44150000	55.349411082208306
44130000	44150000	83.13192619629197
44135000	44150000	100.69848583112996
44140000	44150000	135.05307415147985
44145000	44150000	191.89567111646966
44150000	44150000	514.867629775649
43990000	44155000	4.26899629668323
43995000	44155000	2.6480369056744486
44010000	44155000	4.481311333311349
44015000	44155000	6.731668137106064
44020000	44155000	2.839648803237348
44025000	44155000	8.199370846833142
44030000	44155000	7.450451966875057
44035000	44155000	7.1533202216412635
44040000	44155000	9.980040804842755
44045000	44155000	9.881160000671427
44050000	44155000	16.774462659136844
44055000	44155000	15.712402634301199
44060000	44155000	19.065110772825374
44065000	44155000	8.826308995840803
44070000	44155000	11.08695774433245
44075000	44155000	10.604851457928158
44080000	44155000	15.796614004582297
44085000	44155000	14.726880330130623
44090000	44155000	16.171207378967228
44095000	44155000	15.626071358949611
44100000	44155000	23.82871401381502
44105000	44155000	18.70770310806792
44110000	44155000	34.739215730633845
44115000	44155000	30.305147562599693
44120000	44155000	46.01449852633368
44125000	44155000	60.2220614568968
44130000	44155000	57.928201815755294
44135000	44155000	71.95278427689068
44140000	44155000	85.4111492312308
44145000	44155000	110.1380708410735
44150000	44155000	221.63347576267654
44155000	44155000	506.13069661069784
43990000	44160000	1.6332467078955248
43995000	44160000	9.117852376084192
44010000	44160000	5.143424688284822
44015000	44160000	7.726271511724502
44020000	44160000	8.148016659800476
44025000	44160000	6.722019405429239
44030000	44160000	7.329647647767393
44035000	44160000	4.6915558026449125
44040000	44160000	9.69234619281145
44045000	44160000	9.596315825341701
44050000	44160000	15.855319562553207
44055000	44160000	14.026373464630442
44060000	44160000	15.44610297251742
44065000	44160000	11.818794601752172
44070000	44160000	8.483369849993295
44075000	44160000	8.426573534224264
44080000	44160000	11.331601458165947
44085000	44160000	17.707669678694543
44090000	44160000	17.7871476019735
44095000	44160000	14.67394529445388
44100000	44160000	15.62823109230667
44105000	44160000	21.47176459530624
44110000	44160000	22.151073220268103
44115000	44160000	25.234529932126733
44120000	44160000	35.20875775506653
44125000	44160000	45.07817330566684
44130000	44160000	49.29215184430677
44135000	44160000	59.59655801389948
44140000	44160000	63.61562744315553
44145000	44160000	100.07534421332292
44150000	44160000	96.83339906077026
44155000	44160000	189.24218537284074
44160000	44160000	592.8565543706962
43985000	44165000	10.94468290575209
43990000	44165000	5.922413500069438
43995000	44165000	5.510464906364437
44010000	44165000	6.994079873978159
44015000	44165000	2.334724574729616
44020000	44165000	8.863803055260133
44025000	44165000	4.875023262803901
44030000	44165000	5.537181958135751
44035000	44165000	5.316353403544314
44040000	44165000	7.987726318681826
44045000	44165000	15.817170157895532
44050000	44165000	13.346803292244973
44055000	44165000	9.990724684261252
44060000	44165000	11.668757737485812
44065000	44165000	9.183608028665624
44070000	44165000	10.766719050453258
44075000	44165000	10.185367304923206
44080000	44165000	6.163529593736806
44085000	44165000	12.404366690280531
44090000	44165000	11.21722417140862
44095000	44165000	8.868345005792515
44100000	44165000	21.251423550061105
44105000	44165000	22.003926857341128
44110000	44165000	16.064666096866755
44115000	44165000	19.166469944204778
44120000	44165000	35.10995971480646
44125000	44165000	27.243443060719013
44130000	44165000	35.33256630846819
44135000	44165000	52.483041351749115
44140000	44165000	59.56093036652417
44145000	44165000	57.29829264500346
44150000	44165000	77.33294583341116
44155000	44165000	91.40257358704484
44160000	44165000	217.077404360661
44165000	44165000	586.7102179685837
43985000	44170000	4.918382177894462
43990000	44170000	5.322893912907097
44010000	44170000	8.381435527289202
44015000	44170000	8.39353160801567
44020000	44170000	10.622039663953064
44025000	44170000	8.763059739261752
44030000	44170000	1.9906635792501972
44035000	44170000	9.556369264070186
44040000	44170000	2.871654929138656
44045000	44170000	8.529608959444403
44050000	44170000	11.072972920229418
44055000	44170000	8.163067550195908
44060000	44170000	5.243770933194937
44065000	44170000	9.171068006450009
44070000	44170000	9.676815591306921
44075000	44170000	15.25718910245602
44080000	44170000	10.617570657514515
44085000	44170000	11.148685911307554
44090000	44170000	12.602145700609483
44095000	44170000	16.60544150354256
44100000	44170000	10.345922525931636
44105000	44170000	13.691418137458628
44110000	44170000	12.272688553756053
44115000	44170000	12.225093903333782
44120000	44170000	20.65471594542559
44125000	44170000	34.27986582260171
44130000	44170000	37.359868698705874
44135000	44170000	36.7650393636382
44140000	44170000	52.68193247181907
44145000	44170000	57.50615330541714
44150000	44170000	62.616769730362215
44155000	44170000	75.8307588721783
44160000	44170000	111.69459175181363
44165000	44170000	197.25118572398333
44170000	44170000	566.7167634862221
43985000	44175000	12.251122998502687
43990000	44175000	6.6293575485143394
43995000	44175000	4.112157104239359
44010000	44175000	3.47953161001944
44015000	44175000	3.4845532671219805
44020000	44175000	8.81942542020813
44025000	44175000	8.185414341485897
44030000	44175000	8.264189143212029
44035000	44175000	7.141144244509744
44040000	44175000	7.152961375033899
44045000	44175000	10.623136298856986
44050000	44175000	9.959985756138423
44055000	44175000	10.8444054417746
44060000	44175000	7.836977325667621
44065000	44175000	9.899098358231301
44070000	44175000	8.608511451456957
44075000	44175000	6.333983192877938
44080000	44175000	9.199006775925962
44085000	44175000	9.801208711532327
44090000	44175000	10.986672243770078
44095000	44175000	14.338910025294016
44100000	44175000	10.572512944192335
44105000	44175000	13.894118003529515
44110000	44175000	14.985221741718611
44115000	44175000	14.764266456128833
44120000	44175000	22.389632084450145
44125000	44175000	25.074017248389563
44130000	44175000	24.815766923949276
44135000	44175000	24.19027632659341
44140000	44175000	31.747892043805038
44145000	44175000	32.06892501331457
44150000	44175000	50.43067336571982
44155000	44175000	63.48657522023607
44160000	44175000	80.09316180939875
44165000	44175000	104.27113678295157
44170000	44175000	174.18396745071854
44175000	44175000	471.7596124578484
43985000	44180000	23.080706790670654
43990000	44180000	7.805930209748903
43995000	44180000	11.620750082876716
44010000	44180000	4.916491055730825
44015000	44180000	9.847173063001504
44020000	44180000	3.1154068316465224
44025000	44180000	3.8552618482215197
44030000	44180000	4.67083694695824
44035000	44180000	6.726838693789912
44040000	44180000	2.5267388375691278
44045000	44180000	5.003408547551418
44050000	44180000	5.412773279848189
44055000	44180000	6.7037571134527525
44060000	44180000	4.921534561932972
44065000	44180000	9.68343103292103
44070000	44180000	8.919981523875059
44075000	44180000	10.739711618171427
44080000	44180000	11.373220494552497
44085000	44180000	8.463193773540935
44090000	44180000	8.870795903875763
44095000	44180000	10.130260447309634
44100000	44180000	6.5356795480622
44105000	44180000	11.60075144275627
44110000	44180000	11.010346448228798
44115000	44180000	13.69038489176806
44120000	44180000	15.48144172714528
44125000	44180000	18.193249036516157
44130000	44180000	24.106539467214628
44135000	44180000	21.973020976156253
44140000	44180000	20.934189106669685
44145000	44180000	41.28480258776548
44150000	44180000	38.1997784041128
44155000	44180000	52.63678380563725
44160000	44180000	52.75576854496475
44165000	44180000	69.42369386628832
44170000	44180000	78.34165392979041
44175000	44180000	197.4425656748329
44180000	44180000	630.3515651261973
