86145000	86145000	468.2120534930358
86145000	86150000	237.6271982333922
86150000	86150000	457.56516178858277
86145000	86155000	118.03440225746205
86150000	86155000	185.65664078619375
86155000	86155000	388.4979767394768
86145000	86160000	89.10561047741798
86150000	86160000	95.18691998638143
86155000	86160000	205.3586328895952
86160000	86160000	519.7395038141808
86145000	86165000	64.99967172697417
86150000	86165000	75.06724208390486
86155000	86165000	107.17494370066277
86160000	86165000	199.80767086508612
86165000	86165000	548.752965542535
86145000	86170000	54.81346158322363
86150000	86170000	55.72800577252069
86155000	86170000	79.79584172137425
86160000	86170000	102.9853453118709
86165000	86170000	332.00851466943396
86170000	86170000	700.801564284886
86145000	86175000	45.180922610637886
86150000	86175000	45.855507734749615
86155000	86175000	60.32000859220446
86160000	86175000	91.56942827070469
86165000	86175000	120.83978513713552
86170000	86175000	179.02522250690322
86175000	86175000	393.9561595896711
86145000	86180000	43.258217431776224
86150000	86180000	43.51209427351088
86155000	86180000	52.76204496300269
86160000	86180000	64.56280449685738
86165000	86180000	85.98193074729897
86170000	86180000	96.74309298260634
86175000	86180000	260.74838485937653
86180000	86180000	513.6302356763925
86145000	86185000	39.73377996115448
86150000	86185000	45.553753418182566
86155000	86185000	60.9699439884767
86160000	86185000	60.655676670800915
86165000	86185000	50.95264787755188
86170000	86185000	85.99452306697913
86175000	86185000	117.67620263288255
86180000	86185000	253.24068089778794
86185000	86185000	541.4053312335573
86145000	86190000	26.124618380007067
86150000	86190000	33.090739714287814
86155000	86190000	44.84590452984763
86160000	86190000	49.31103723690929
86165000	86190000	58.105233568377045
86170000	86190000	67.32138804959638
86175000	86190000	87.17303553205906
86180000	86190000	106.6144643362822
86185000	86190000	207.40281409464268
86190000	86190000	459.178042908986
86145000	86195000	28.404341224705025
86150000	86195000	31.168410111688306
86155000	86195000	28.870644273271214
86160000	86195000	36.34617236069212
86165000	86195000	51.68920369873981
86170000	86195000	51.33231640705653
86175000	86195000	73.11603888319223
86180000	86195000	71.94910608843114
86185000	86195000	100.00276045608717
86190000	86195000	245.20216667734164
86195000	86195000	444.06229795260884
86145000	86200000	19.58501536422666
86150000	86200000	33.27103894075155
86155000	86200000	27.072887548557993
86160000	86200000	34.221186659768705
86165000	86200000	48.59102334942982
86170000	86200000	38.933436875594545
86175000	86200000	58.256270793774206
86180000	86200000	52.586039481042995
86185000	86200000	76.43592240098687
86190000	86200000	128.71825954566893
86195000	86200000	217.1648042604727
86200000	86200000	519.8862755672401
86145000	86205000	26.227839156273976
86150000	86205000	33.76866166643171
86155000	86205000	42.22692368119986
86160000	86205000	47.3559004941245
86165000	86205000	35.493857870787664
86170000	86205000	36.49718577333639
86175000	86205000	43.20862234181172
86180000	86205000	64.5757498517803
86185000	86205000	51.023207861302055
86190000	86205000	97.71979995350614
86195000	86205000	121.82819819812872
86200000	86205000	217.52887198695396
86205000	86205000	480.2749265770763
86145000	86210000	27.422126604206376
86150000	86210000	36.143324576055946
86155000	86210000	25.37340870464142
86160000	86210000	26.84897110820496
86165000	86210000	38.38973220750251
86170000	86210000	34.07061518986418
86175000	86210000	43.00170568721506
86180000	86210000	61.07788577166882
86185000	86210000	59.61460495510552
86190000	86210000	69.43307322073156
86195000	86210000	90.36168279061552
86200000	86210000	100.63454527823522
86205000	86210000	199.36319172972108
86210000	86210000	460.53596348388345
86145000	86215000	21.67025579489251
86150000	86215000	29.06324760347362
86155000	86215000	22.257860691421474
86160000	86215000	31.55396505655798
86165000	86215000	24.116881922195315
86170000	86215000	29.758331359490985
86175000	86215000	33.27331204953695
86180000	86215000	39.868528300429965
86185000	86215000	34.92535671355091
86190000	86215000	62.03544799470312
86195000	86215000	62.77343853183872
86200000	86215000	74.29417272731581
86205000	86215000	103.4168628564966
86210000	86215000	197.0335701289593
86215000	86215000	573.1149303770633
86145000	86220000	19.255263628569242
86150000	86220000	29.69801440161312
86155000	86220000	31.705619108759667
86160000	86220000	30.140318395384543
86165000	86220000	39.08691751681134
86170000	86220000	35.8855471133157
86175000	86220000	33.86959544577823
86180000	86220000	31.45935867779067
86185000	86220000	45.0893852004485
86190000	86220000	51.05679804379215
86195000	86220000	56.48268027287585
86200000	86220000	76.8466060671714
86205000	86220000	86.5874829550414
86210000	86220000	143.29265629404426
86215000	86220000	261.56697900301583
86220000	86220000	491.09283823515864
86145000	86225000	23.228565556032002
86150000	86225000	25.0579990227704
86155000	86225000	25.86823815538662
86160000	86225000	29.41131574868069
86165000	86225000	39.29371570965137
86170000	86225000	30.11512297520839
86175000	86225000	38.128867938634244
86180000	86225000	29.16352983490471
86185000	86225000	50.02749320003477
86190000	86225000	46.005404886974915
86195000	86225000	50.69868994270188
86200000	86225000	58.37421730950493
86205000	86225000	70.72842249641175
86210000	86225000	105.35390791996278
86215000	86225000	153.78426499356482
86220000	86225000	236.39780281593804
86225000	86225000	513.8798333892013
86145000	86230000	19.731423668449434
86150000	86230000	22.435993278212468
86155000	86230000	24.589599113525686
86160000	86230000	33.10292439824387
86165000	86230000	29.024268877024355
86170000	86230000	35.1741304095877
86175000	86230000	35.332836380310745
86180000	86230000	35.203535467209264
86185000	86230000	44.0409763245226
86190000	86230000	57.1605186199107
86195000	86230000	54.99972784359695
86200000	86230000	63.7531386112025
86205000	86230000	58.18274730951088
86210000	86230000	84.3623643690608
86215000	86230000	94.87972495166328
86220000	86230000	102.14474651916244
86225000	86230000	238.65169117982538
86230000	86230000	464.39850848720477
86145000	86235000	19.35727422942132
86150000	86235000	15.271278078194907
86155000	86235000	18.74917014413712
86160000	86235000	19.896030123932167
86165000	86235000	23.11411312987348
86170000	86235000	24.050441124216942
86175000	86235000	35.17259903919159
86180000	86235000	28.554276272660157
86185000	86235000	34.867892229262715
86190000	86235000	30.96668894199278
86195000	86235000	33.74546762858036
86200000	86235000	30.295578147845465
86205000	86235000	33.576164480399726
86210000	86235000	39.34187613401148
86215000	86235000	56.57840702642607
86220000	86235000	65.47673097300537
86225000	86235000	77.5736770555325
86230000	86235000	150.32225773655745
86235000	86235000	676.9127345094704
86145000	86240000	14.643059518065776
86150000	86240000	21.602529998786455
86155000	86240000	23.218180353330006
86160000	86240000	23.453864689006178
86165000	86240000	33.02716312432624
86170000	86240000	21.831919307050505
86175000	86240000	36.85529775370001
86180000	86240000	26.7057639098453
86185000	86240000	24.617848607672304
86190000	86240000	33.849343007065805
86195000	86240000	29.52124454591127
86200000	86240000	34.03377558286115
86205000	86240000	34.542806280726936
86210000	86240000	47.34998769488722
86215000	86240000	48.506060371260155
86220000	86240000	57.45563153646155
86225000	86240000	63.734746011062605
86230000	86240000	105.33616270468394
86235000	86240000	341.3269616877651
86240000	86240000	444.6338521563147
86145000	86245000	16.38360568597698
86150000	86245000	26.158347512745703
86155000	86245000	22.362021206325018
86160000	86245000	20.4480830264886
86165000	86245000	21.775836333561756
86170000	86245000	19.386483137229575
86175000	86245000	27.44610548507109
86180000	86245000	21.34295894837182
86185000	86245000	23.187590864746042
86190000	86245000	24.399870593500935
86195000	86245000	24.064921970656226
86200000	86245000	25.76787818136761
86205000	86245000	25.305718919891294
86210000	86245000	37.32322221352718
86215000	86245000	45.018024542897884
86220000	86245000	45.91792204017053
86225000	86245000	65.88476742431945
86230000	86245000	103.46578733863454
86235000	86245000	166.6671630227356
86240000	86245000	208.71260370109553
86245000	86245000	458.0608382111596
86145000	86250000	25.031670843918967
86150000	86250000	16.785718972383663
86155000	86250000	27.47801455721093
86160000	86250000	29.158805492363072
86165000	86250000	19.054741455199164
86170000	86250000	16.58698344232593
86175000	86250000	25.057821325807613
86180000	86250000	22.826168636476318
86185000	86250000	31.562352925924607
86190000	86250000	30.633868487074093
86195000	86250000	26.74659759431621
86200000	86250000	26.79307715176265
86205000	86250000	27.064317039169193
86210000	86250000	38.808161280524224
86215000	86250000	37.44728677489552
86220000	86250000	42.335298819112246
86225000	86250000	50.923107681269784
86230000	86250000	71.42344976982005
86235000	86250000	89.45857427051777
86240000	86250000	97.87202446747527
86245000	86250000	228.2509693851177
86250000	86250000	471.1039705506443
86145000	86255000	23.448265981281473
86150000	86255000	20.216469256380417
86155000	86255000	22.982021098980628
86160000	86255000	18.290848898070266
86165000	86255000	12.749581138687843
86170000	86255000	14.566646464889388
86175000	86255000	19.400956583929364
86180000	86255000	28.000598414521413
86185000	86255000	21.872689862276832
86190000	86255000	26.760243289560094
86195000	86255000	24.818348003871936
86200000	86255000	24.586043428650264
86205000	86255000	29.632599336239597
86210000	86255000	31.159979929572177
86215000	86255000	39.5975628690874
86220000	86255000	33.4254677630149
86225000	86255000	47.54343443230312
86230000	86255000	54.01574520046318
86235000	86255000	53.60326910358918
86240000	86255000	70.08198718253588
86245000	86255000	93.6540080357559
86250000	86255000	216.52756037397418
86255000	86255000	424.78187234180797
86145000	86260000	19.202051293215614
86150000	86260000	19.594669480019704
86155000	86260000	23.420740702327308
86160000	86260000	23.70523709002593
86165000	86260000	24.008742740823465
86170000	86260000	18.671153025244003
86175000	86260000	16.476095653654017
86180000	86260000	26.011511073611295
86185000	86260000	15.038387864300141
86190000	86260000	24.975371965301335
86195000	86260000	22.217569910412365
86200000	86260000	22.97878225421112
86205000	86260000	22.156344098221165
86210000	86260000	26.071984494921345
86215000	86260000	33.45442260207729
86220000	86260000	34.452632048437366
86225000	86260000	38.510664252533424
86230000	86260000	45.29457538679579
86235000	86260000	52.771017747617805
86240000	86260000	52.114077973829865
86245000	86260000	61.78699278431141
86250000	86260000	99.36597999894305
86255000	86260000	204.862209777978
86260000	86260000	461.3640914306902
86145000	86265000	19.706000936585642
86150000	86265000	14.866239666352111
86155000	86265000	20.279875541577777
86160000	86265000	14.346911057322998
86165000	86265000	23.959462117203632
86170000	86265000	16.83255512476322
86175000	86265000	20.07884820826732
86180000	86265000	19.654398043236608
86185000	86265000	14.4202691165668
86190000	86265000	16.747423828641892
86195000	86265000	26.071778047427316
86200000	86265000	15.819491437631436
86205000	86265000	25.42215480013032
86210000	86265000	27.823635500455147
86215000	86265000	32.5728831424416
86220000	86265000	29.16213675703903
86225000	86265000	36.70926342093592
86230000	86265000	32.6674388462314
86235000	86265000	43.35905240509133
86240000	86265000	35.48311048403141
86245000	86265000	42.53657972363976
86250000	86265000	59.21261778109792
86255000	86265000	130.45388888107334
86260000	86265000	203.75145667640265
86265000	86265000	633.1356761295384
