24966000	0
24967000	1
24968000	2
24969000	3
24970000	4
24971000	5
24972000	6
24973000	7
24974000	8
24975000	9
24976000	10
24977000	11
24978000	12
24979000	13
24980000	14
24981000	15
24982000	16
24983000	17
24984000	18
24985000	19
24986000	20
24987000	21
24988000	22
24989000	23
24990000	24
24991000	25
24992000	26
24993000	27
24994000	28
24995000	29
24996000	30
24997000	31
24998000	32
24999000	33
25000000	34
25001000	35
25002000	36
25003000	37
25004000	38
25005000	39
25006000	40
25007000	41
25008000	42
25009000	43
25010000	44
25011000	45
25012000	46
25013000	47
25014000	48
25015000	49
25016000	50
25017000	51
25018000	52
25019000	53
25020000	54
25021000	55
25022000	56
25023000	57
25024000	58
25025000	59
25026000	60
25027000	61
25028000	62
25029000	63
25030000	64
25031000	65
25032000	66
25033000	67
25034000	68
25035000	69
25036000	70
25037000	71
25038000	72
25039000	73
25040000	74
25041000	75
25042000	76
25043000	77
25044000	78
25045000	79
25046000	80
25047000	81
25048000	82
25049000	83
25050000	84
25051000	85
25052000	86
25053000	87
25054000	88
25055000	89
25056000	90
25057000	91
25058000	92
25059000	93
25060000	94
25061000	95
25062000	96
25063000	97
25064000	98
25065000	99
25066000	100
25067000	101
25068000	102
25069000	103
25070000	104
25071000	105
25072000	106
25073000	107
25074000	108
25075000	109
25076000	110
25077000	111
25078000	112
25079000	113
25080000	114
25081000	115
25082000	116
25083000	117
25084000	118
25085000	119
25086000	120
25087000	121
25088000	122
25089000	123
25090000	124
25091000	125
25092000	126
25093000	127
25094000	128
25095000	129
25096000	130
25097000	131
25098000	132
25099000	133
25100000	134
25101000	135
25102000	136
25103000	137
25104000	138
25105000	139
25106000	140
25107000	141
25108000	142
25109000	143
25110000	144
25111000	145
25112000	146
25113000	147
25114000	148
25115000	149
25116000	150
25117000	151
25118000	152
25119000	153
25120000	154
25121000	155
25122000	156
25123000	157
25124000	158
25125000	159
25126000	160
25127000	161
25128000	162
25129000	163
25130000	164
25131000	165
25132000	166
25133000	167
25134000	168
25135000	169
25136000	170
25137000	171
25138000	172
25139000	173
25140000	174
25141000	175
25142000	176
25143000	177
25144000	178
25145000	179
25146000	180
25147000	181
25148000	182
25149000	183
25150000	184
25151000	185
25152000	186
25153000	187
25154000	188
25155000	189
25156000	190
25157000	191
25158000	192
25161000	193
25162000	194
25163000	195
25164000	196
25165000	197
25166000	198
25167000	199
25168000	200
25169000	201
25170000	202
25171000	203
25172000	204
25173000	205
25174000	206
25175000	207
25176000	208
25177000	209
25178000	210
25179000	211
25180000	212
25181000	213
25182000	214
25183000	215
25184000	216
25185000	217
25186000	218
25187000	219
25188000	220
25189000	221
25190000	222
25191000	223
25192000	224
25193000	225
25194000	226
25195000	227
25196000	228
25197000	229
25198000	230
25199000	231
25200000	232
25201000	233
25202000	234
25203000	235
25204000	236
25205000	237
25206000	238
25207000	239
25208000	240
25209000	241
25210000	242
25211000	243
25212000	244
25213000	245
25214000	246
25215000	247
25216000	248
25217000	249
25218000	250
25219000	251
25220000	252
25221000	253
25222000	254
25223000	255
25224000	256
25225000	257
25226000	258
25227000	259
25228000	260
25229000	261
25230000	262
25231000	263
25232000	264
25233000	265
25234000	266
25235000	267
25236000	268
25237000	269
25238000	270
25239000	271
25240000	272
25241000	273
25242000	274
25243000	275
25244000	276
25245000	277
25246000	278
25247000	279
25248000	280
25249000	281
25250000	282
25251000	283
25252000	284
25253000	285
25254000	286
25255000	287
25256000	288
25257000	289
25258000	290
25259000	291
25260000	292
25261000	293
25262000	294
25263000	295
25264000	296
25265000	297
25266000	298
25267000	299
25268000	300
25269000	301
25270000	302
25271000	303
25272000	304
25273000	305
25274000	306
25275000	307
25276000	308
25277000	309
25278000	310
25279000	311
25280000	312
25281000	313
25282000	314
25283000	315
25284000	316
25285000	317
25286000	318
25287000	319
25288000	320
25289000	321
25290000	322
25291000	323
25292000	324
25293000	325
25294000	326
25295000	327
25296000	328
25297000	329
25298000	330
25299000	331
25300000	332
25301000	333
25302000	334
25303000	335
25304000	336
25305000	337
25306000	338
25307000	339
25308000	340
25309000	341
25310000	342
25311000	343
25312000	344
25313000	345
25314000	346
25315000	347
25316000	348
25317000	349
25318000	350
25319000	351
25320000	352
25321000	353
25322000	354
25323000	355
25324000	356
25325000	357
25326000	358
25327000	359
25328000	360
25329000	361
25330000	362
25331000	363
25332000	364
25333000	365
25334000	366
25335000	367
25336000	368
25337000	369
25338000	370
25339000	371
25340000	372
25341000	373
25342000	374
25343000	375
25344000	376
25345000	377
25346000	378
25347000	379
25348000	380
25349000	381
25350000	382
25351000	383
25352000	384
25353000	385
25354000	386
25355000	387
25356000	388
25357000	389
25358000	390
25359000	391
25360000	392
25361000	393
25362000	394
25363000	395
25364000	396
25365000	397
25366000	398
25367000	399
25368000	400
25369000	401
25370000	402
25371000	403
25372000	404
25373000	405
25374000	406
25375000	407
25376000	408
25377000	409
25378000	410
25379000	411
25380000	412
25381000	413
25382000	414
25383000	415
25384000	416
25385000	417
25386000	418
25387000	419
25388000	420
25389000	421
25390000	422
25391000	423
25392000	424
25393000	425
25394000	426
25395000	427
25396000	428
25397000	429
25398000	430
25399000	431
25400000	432
25401000	433
25402000	434
25403000	435
25404000	436
25405000	437
25406000	438
25407000	439
25408000	440
25409000	441
25410000	442
25411000	443
25412000	444
25413000	445
25414000	446
25415000	447
25416000	448
25417000	449
25418000	450
25419000	451
25420000	452
25421000	453
25422000	454
25423000	455
25424000	456
25425000	457
25426000	458
25427000	459
25428000	460
25429000	461
25430000	462
25431000	463
25432000	464
25433000	465
25434000	466
25435000	467
25436000	468
25437000	469
25438000	470
25439000	471
25440000	472
25441000	473
25442000	474
25443000	475
25444000	476
25445000	477
25446000	478
25447000	479
25448000	480
25449000	481
25450000	482
25451000	483
25452000	484
25453000	485
25454000	486
25455000	487
25456000	488
25457000	489
25458000	490
25459000	491
25460000	492
25461000	493
25462000	494
25463000	495
25464000	496
25465000	497
25466000	498
25467000	499
25468000	500
25469000	501
25470000	502
25471000	503
25472000	504
25473000	505
25474000	506
25475000	507
25476000	508
25477000	509
25478000	510
25479000	511
25480000	512
25481000	513
25482000	514
25483000	515
25484000	516
25485000	517
25486000	518
25487000	519
25488000	520
25489000	521
25490000	522
25491000	523
25492000	524
25493000	525
25494000	526
25495000	527
25496000	528
25497000	529
25498000	530
25499000	531
25500000	532
25501000	533
25502000	534
25503000	535
25504000	536
25505000	537
25506000	538
25507000	539
25508000	540
25509000	541
25510000	542
25511000	543
25512000	544
25513000	545
25514000	546
25515000	547
25516000	548
25517000	549
25518000	550
25519000	551
25520000	552
25521000	553
25522000	554
25523000	555
25524000	556
25525000	557
25526000	558
25527000	559
25528000	560
25529000	561
25530000	562
25531000	563
25532000	564
25533000	565
25534000	566
25535000	567
25536000	568
25537000	569
25538000	570
25539000	571
25540000	572
25541000	573
25542000	574
25543000	575
25544000	576
25545000	577
25546000	578
25547000	579
25548000	580
25549000	581
25550000	582
25551000	583
25552000	584
25553000	585
25554000	586
25555000	587
25556000	588
25557000	589
25558000	590
25559000	591
25560000	592
