34310000	0
34315000	1
34320000	2
34325000	3
34330000	4
34335000	5
34340000	6
34345000	7
34350000	8
34355000	9
34360000	10
34365000	11
34370000	12
34375000	13
34380000	14
34385000	15
34390000	16
34395000	17
34400000	18
34405000	19
34410000	20
34415000	21
34420000	22
34425000	23
34430000	24
34435000	25
34440000	26
34445000	27
34450000	28
34460000	29
34465000	30
34470000	31
34475000	32
34480000	33
34485000	34
34490000	35
34495000	36
34500000	37
34505000	38
34510000	39
34515000	40
34520000	41
34525000	42
34530000	43
34535000	44
34540000	45
34545000	46
34550000	47
34555000	48
34560000	49
34565000	50
34570000	51
34575000	52
34580000	53
34585000	54
34590000	55
34595000	56
34600000	57
34605000	58
34610000	59
34615000	60
34620000	61
34625000	62
34630000	63
34635000	64
34640000	65
34645000	66
34650000	67
34655000	68
34660000	69
34665000	70
34670000	71
34675000	72
34680000	73
34685000	74
34690000	75
34695000	76
34700000	77
34705000	78
34710000	79
34715000	80
34720000	81
34725000	82
34730000	83
34735000	84
34740000	85
34745000	86
34750000	87
34755000	88
34760000	89
34765000	90
34770000	91
34775000	92
34780000	93
34785000	94
34790000	95
34795000	96
34800000	97
34805000	98
34810000	99
34815000	100
34820000	101
34825000	102
34830000	103
34835000	104
34840000	105
34845000	106
34850000	107
34855000	108
34860000	109
34865000	110
34870000	111
34875000	112
34880000	113
34885000	114
34890000	115
34895000	116
34900000	117
34905000	118
34910000	119
34915000	120
34920000	121
34925000	122
34930000	123
34935000	124
34940000	125
34945000	126
34950000	127
34955000	128
34960000	129
34965000	130
34970000	131
34975000	132
34980000	133
34985000	134
34990000	135
34995000	136
35000000	137
35005000	138
35010000	139
35015000	140
35020000	141
35025000	142
35030000	143
35035000	144
35040000	145
35045000	146
35050000	147
35055000	148
35060000	149
35065000	150
35070000	151
35075000	152
35080000	153
35085000	154
35090000	155
35095000	156
35100000	157
35105000	158
35110000	159
35115000	160
35120000	161
35125000	162
35130000	163
35135000	164
35140000	165
35145000	166
35150000	167
35155000	168
35160000	169
35165000	170
35170000	171
35175000	172
35180000	173
35185000	174
35190000	175
35195000	176
35200000	177
35205000	178
35210000	179
35215000	180
35220000	181
35225000	182
35230000	183
35235000	184
35240000	185
35245000	186
35250000	187
35255000	188
35260000	189
35265000	190
35270000	191
35275000	192
35280000	193
35285000	194
35290000	195
35295000	196
35300000	197
35305000	198
35310000	199
35315000	200
35320000	201
35325000	202
35330000	203
35335000	204
35340000	205
35345000	206
35350000	207
35355000	208
35360000	209
35365000	210
35370000	211
35375000	212
35380000	213
35385000	214
35390000	215
35395000	216
35400000	217
35405000	218
35410000	219
35415000	220
35420000	221
35425000	222
35430000	223
35435000	224
35440000	225
35445000	226
35450000	227
35455000	228
35460000	229
35465000	230
35470000	231
35475000	232
35480000	233
35485000	234
35490000	235
35495000	236
35500000	237
35505000	238
35510000	239
35515000	240
35520000	241
35525000	242
35530000	243
35535000	244
35540000	245
35545000	246
35550000	247
35555000	248
35560000	249
35565000	250
35570000	251
35575000	252
35580000	253
35585000	254
35590000	255
35595000	256
35600000	257
35605000	258
35610000	259
35615000	260
35620000	261
35625000	262
35630000	263
35635000	264
35640000	265
35645000	266
35650000	267
35655000	268
35660000	269
35665000	270
35670000	271
35675000	272
35680000	273
35685000	274
35690000	275
35695000	276
35700000	277
35705000	278
35710000	279
35715000	280
35720000	281
35725000	282
35730000	283
35735000	284
35740000	285
35745000	286
35750000	287
35755000	288
35760000	289
35765000	290
35770000	291
35775000	292
35780000	293
35785000	294
35790000	295
35795000	296
35800000	297
35805000	298
35810000	299
35815000	300
35820000	301
35825000	302
35830000	303
35835000	304
35840000	305
35845000	306
35850000	307
35855000	308
35860000	309
35865000	310
35870000	311
35875000	312
35880000	313
35885000	314
35890000	315
35895000	316
35900000	317
35905000	318
35910000	319
35915000	320
35920000	321
35925000	322
35930000	323
35935000	324
35940000	325
35945000	326
35950000	327
35955000	328
35960000	329
35965000	330
35970000	331
35975000	332
35980000	333
35985000	334
35990000	335
35995000	336
36000000	337
