76295000	0
76296000	1
76297000	2
76298000	3
76299000	4
76300000	5
76301000	6
76302000	7
76303000	8
76304000	9
76305000	10
76306000	11
76307000	12
76308000	13
76309000	14
76310000	15
76311000	16
76312000	17
76313000	18
76314000	19
76315000	20
76316000	21
76317000	22
76318000	23
76319000	24
76320000	25
76321000	26
76322000	27
76323000	28
76324000	29
76325000	30
76326000	31
76327000	32
76328000	33
76329000	34
76330000	35
76331000	36
76332000	37
76333000	38
76334000	39
76335000	40
76336000	41
76337000	42
76338000	43
76339000	44
76340000	45
76341000	46
76342000	47
76343000	48
76344000	49
76345000	50
76346000	51
76347000	52
76348000	53
76349000	54
76350000	55
76351000	56
76352000	57
76353000	58
76354000	59
76355000	60
76356000	61
76357000	62
76358000	63
76359000	64
76360000	65
76361000	66
76362000	67
76363000	68
76364000	69
76365000	70
76366000	71
76367000	72
76368000	73
76369000	74
76370000	75
76371000	76
76372000	77
76373000	78
76374000	79
76375000	80
76376000	81
76377000	82
76378000	83
76379000	84
76380000	85
76381000	86
76382000	87
76383000	88
76384000	89
76385000	90
76386000	91
76387000	92
76388000	93
76389000	94
76390000	95
76391000	96
76392000	97
76393000	98
76394000	99
76395000	100
76396000	101
76397000	102
76398000	103
76399000	104
76400000	105
