117440000	0
117445000	1
117450000	2
117455000	3
117460000	4
117465000	5
117470000	6
117475000	7
117480000	8
117485000	9
117490000	10
117495000	11
117500000	12
117505000	13
117510000	14
117515000	15
117520000	16
117525000	17
117530000	18
117535000	19
117540000	20
117545000	21
117550000	22
117555000	23
117560000	24
117565000	25
117570000	26
117575000	27
117580000	28
117585000	29
117590000	30
117595000	31
117600000	32
117605000	33
117610000	34
117615000	35
117620000	36
117625000	37
117630000	38
117635000	39
117640000	40
117645000	41
117650000	42
117655000	43
117660000	44
117665000	45
117670000	46
117675000	47
117680000	48
117685000	49
117690000	50
117695000	51
117700000	52
117705000	53
117710000	54
117715000	55
117720000	56
117725000	57
117730000	58
117735000	59
117740000	60
117745000	61
117750000	62
117755000	63
117760000	64
117765000	65
117770000	66
117775000	67
117780000	68
117785000	69
117790000	70
117795000	71
117800000	72
117805000	73
117810000	74
117815000	75
117820000	76
117825000	77
117830000	78
117835000	79
117840000	80
117845000	81
117850000	82
