26770000	0
26775000	1
26780000	2
26785000	3
26790000	4
26795000	5
26800000	6
26805000	7
26810000	8
26815000	9
26820000	10
26825000	11
26830000	12
26835000	13
26840000	14
26845000	15
26850000	16
26855000	17
26860000	18
26865000	19
26870000	20
26875000	21
26880000	22
26885000	23
26890000	24
26895000	25
26900000	26
26905000	27
26910000	28
26915000	29
26920000	30
26925000	31
26930000	32
26935000	33
26940000	34
26945000	35
26950000	36
26955000	37
26960000	38
26965000	39
26970000	40
26975000	41
26980000	42
26985000	43
26990000	44
26995000	45
27000000	46
27005000	47
27010000	48
27015000	49
27020000	50
27025000	51
27030000	52
27035000	53
27040000	54
27045000	55
27050000	56
27055000	57
27060000	58
27065000	59
27070000	60
27075000	61
27080000	62
27085000	63
27090000	64
27095000	65
27100000	66
27105000	67
