73585000	0
73590000	1
73595000	2
73600000	3
73605000	4
73610000	5
73615000	6
73620000	7
73625000	8
73630000	9
73635000	10
73640000	11
73645000	12
73650000	13
73655000	14
73660000	15
73665000	16
73670000	17
73675000	18
73680000	19
73685000	20
73690000	21
73695000	22
73700000	23
73705000	24
73710000	25
73715000	26
73720000	27
73725000	28
73730000	29
73735000	30
73740000	31
73745000	32
73750000	33
73755000	34
73760000	35
73765000	36
73770000	37
73775000	38
73780000	39
73785000	40
73790000	41
73795000	42
73800000	43
73805000	44
73810000	45
73815000	46
73820000	47
73825000	48
73830000	49
73835000	50
73840000	51
73845000	52
73850000	53
73855000	54
73860000	55
73865000	56
73870000	57
73875000	58
73880000	59
73885000	60
73890000	61
73895000	62
73900000	63
73905000	64
73910000	65
73915000	66
73920000	67
73925000	68
73930000	69
73935000	70
73940000	71
73945000	72
73950000	73
73955000	74
73960000	75
73965000	76
73970000	77
73975000	78
73980000	79
73985000	80
73990000	81
73995000	82
74000000	83
74005000	84
74010000	85
74015000	86
74020000	87
74025000	88
74030000	89
74035000	90
74040000	91
74045000	92
74050000	93
74055000	94
74060000	95
74065000	96
74070000	97
74075000	98
74080000	99
74085000	100
74090000	101
74095000	102
74100000	103
74105000	104
74110000	105
74115000	106
