65990000	0
65995000	1
66000000	2
66005000	3
66010000	4
66015000	5
66020000	6
66025000	7
66030000	8
66035000	9
66040000	10
66045000	11
66050000	12
66055000	13
66060000	14
66065000	15
66070000	16
66075000	17
66080000	18
66085000	19
66090000	20
66095000	21
66100000	22
66105000	23
66110000	24
66115000	25
66120000	26
66125000	27
66130000	28
66135000	29
66140000	30
66145000	31
66150000	32
66155000	33
66160000	34
66165000	35
66170000	36
66175000	37
66180000	38
66185000	39
66190000	40
66195000	41
66200000	42
66205000	43
66210000	44
66215000	45
66220000	46
66225000	47
66230000	48
66235000	49
66240000	50
66245000	51
66250000	52
66255000	53
66260000	54
66265000	55
66270000	56
66275000	57
66280000	58
66285000	59
66290000	60
66295000	61
66300000	62
66305000	63
66310000	64
66315000	65
66320000	66
66325000	67
66330000	68
66335000	69
66340000	70
66345000	71
66350000	72
66355000	73
66360000	74
66365000	75
66370000	76
66375000	77
66380000	78
66385000	79
66390000	80
66395000	81
66400000	82
66405000	83
66410000	84
66415000	85
66420000	86
66425000	87
66430000	88
66435000	89
66440000	90
66445000	91
66450000	92
66455000	93
66460000	94
66465000	95
66470000	96
66475000	97
66480000	98
66485000	99
66490000	100
66495000	101
66500000	102
66505000	103
66510000	104
66515000	105
66520000	106
66525000	107
66530000	108
66535000	109
66540000	110
66545000	111
66550000	112
66555000	113
66560000	114
66565000	115
66570000	116
66575000	117
66580000	118
66585000	119
66590000	120
66595000	121
66600000	122
66605000	123
66610000	124
66615000	125
66620000	126
66625000	127
66630000	128
66635000	129
66640000	130
66645000	131
66650000	132
66655000	133
66660000	134
66665000	135
66670000	136
66675000	137
66680000	138
66685000	139
66690000	140
66695000	141
66700000	142
66705000	143
66710000	144
66715000	145
66720000	146
66725000	147
66730000	148
66735000	149
66740000	150
66745000	151
66750000	152
66755000	153
66760000	154
66765000	155
66770000	156
66775000	157
66780000	158
66785000	159
66790000	160
66795000	161
66800000	162
66805000	163
66810000	164
66815000	165
66820000	166
66825000	167
66830000	168
66835000	169
