65475000	0
65480000	1
65485000	2
65490000	3
65495000	4
65500000	5
65505000	6
65510000	7
65515000	8
65520000	9
65525000	10
65530000	11
65535000	12
65540000	13
65545000	14
65550000	15
65555000	16
65560000	17
65565000	18
65570000	19
65575000	20
65580000	21
65585000	22
65590000	23
65595000	24
65600000	25
65605000	26
65610000	27
65615000	28
65620000	29
65625000	30
65630000	31
65635000	32
65640000	33
65645000	34
65650000	35
65655000	36
65660000	37
65665000	38
65670000	39
65675000	40
65680000	41
65685000	42
65690000	43
65695000	44
65700000	45
65705000	46
65710000	47
65715000	48
65720000	49
65725000	50
65730000	51
65735000	52
65740000	53
65745000	54
65750000	55
65755000	56
65760000	57
65765000	58
65770000	59
65775000	60
65780000	61
65785000	62
65790000	63
65795000	64
65800000	65
65805000	66
65810000	67
65815000	68
65820000	69
65825000	70
65830000	71
65835000	72
65840000	73
65845000	74
65850000	75
65855000	76
65860000	77
65865000	78
65870000	79
65875000	80
65880000	81
65885000	82
65890000	83
65895000	84
65900000	85
65905000	86
65910000	87
65915000	88
65920000	89
65925000	90
65930000	91
65935000	92
65940000	93
65945000	94
65950000	95
65955000	96
65960000	97
65965000	98
65970000	99
65975000	100
65980000	101
65985000	102
65990000	103
65995000	104
66000000	105
66005000	106
66010000	107
66015000	108
66020000	109
66025000	110
66030000	111
66035000	112
66040000	113
66045000	114
66050000	115
66055000	116
66060000	117
66065000	118
66070000	119
66075000	120
66080000	121
