130215000	0
130220000	1
130225000	2
130230000	3
130235000	4
130240000	5
130245000	6
130250000	7
130255000	8
130260000	9
130265000	10
130270000	11
130275000	12
130280000	13
130285000	14
130290000	15
130295000	16
130300000	17
130305000	18
130310000	19
130315000	20
130320000	21
130325000	22
130330000	23
130335000	24
130340000	25
130345000	26
130350000	27
130355000	28
130360000	29
130365000	30
130370000	31
130375000	32
130380000	33
130385000	34
130390000	35
130395000	36
130400000	37
130405000	38
130410000	39
130415000	40
130420000	41
130425000	42
130430000	43
130435000	44
130440000	45
130445000	46
130450000	47
130455000	48
130460000	49
130465000	50
130470000	51
130475000	52
130480000	53
130485000	54
130490000	55
130495000	56
130500000	57
130505000	58
130510000	59
130515000	60
130520000	61
130525000	62
130530000	63
130535000	64
130540000	65
130545000	66
130550000	67
130555000	68
130560000	69
130565000	70
130570000	71
130575000	72
130580000	73
130585000	74
130590000	75
130595000	76
130600000	77
130605000	78
130610000	79
130615000	80
130620000	81
130625000	82
130630000	83
130635000	84
130640000	85
130645000	86
130650000	87
130655000	88
130660000	89
130665000	90
130670000	91
130675000	92
130680000	93
130685000	94
130690000	95
130695000	96
130700000	97
130705000	98
130710000	99
130715000	100
130720000	101
130725000	102
130730000	103
130735000	104
130740000	105
130745000	106
130750000	107
130755000	108
130760000	109
130765000	110
130770000	111
130775000	112
130780000	113
130785000	114
130790000	115
130795000	116
130800000	117
130805000	118
130810000	119
130815000	120
130820000	121
130825000	122
130830000	123
130835000	124
130840000	125
130845000	126
130850000	127
130855000	128
130860000	129
130865000	130
130870000	131
130875000	132
130880000	133
130885000	134
130890000	135
130895000	136
130900000	137
130905000	138
130910000	139
130915000	140
130920000	141
130925000	142
130930000	143
130935000	144
130940000	145
130945000	146
130950000	147
130955000	148
130960000	149
130965000	150
130970000	151
130975000	152
130980000	153
130985000	154
130990000	155
130995000	156
131000000	157
131005000	158
131010000	159
131015000	160
131020000	161
