21135000	0
21140000	1
21145000	2
21150000	3
21155000	4
21160000	5
21165000	6
21170000	7
21175000	8
21180000	9
21185000	10
21190000	11
21195000	12
21200000	13
21205000	14
21210000	15
21215000	16
21220000	17
21225000	18
21230000	19
21235000	20
21240000	21
21245000	22
21250000	23
21255000	24
21260000	25
21265000	26
21270000	27
21275000	28
21280000	29
21285000	30
21290000	31
21295000	32
21300000	33
21305000	34
21310000	35
21315000	36
21320000	37
21325000	38
21330000	39
21335000	40
21340000	41
21345000	42
21350000	43
21355000	44
21360000	45
21365000	46
21370000	47
21375000	48
21380000	49
21385000	50
21390000	51
21395000	52
21400000	53
21405000	54
21410000	55
21415000	56
21420000	57
21425000	58
21430000	59
21435000	60
21440000	61
21445000	62
21450000	63
21455000	64
21460000	65
21465000	66
21470000	67
21475000	68
21480000	69
21485000	70
21490000	71
21495000	72
21500000	73
21505000	74
21510000	75
21515000	76
21520000	77
21525000	78
21530000	79
21535000	80
21540000	81
21545000	82
21550000	83
21555000	84
21560000	85
21565000	86
21570000	87
21575000	88
21580000	89
21585000	90
21590000	91
21595000	92
21600000	93
21605000	94
21610000	95
21615000	96
21620000	97
21625000	98
21630000	99
21635000	100
21640000	101
21645000	102
21650000	103
21655000	104
21660000	105
21665000	106
21670000	107
21675000	108
21680000	109
21685000	110
21690000	111
21695000	112
21700000	113
21705000	114
21710000	115
21715000	116
21720000	117
21725000	118
21730000	119
21735000	120
21740000	121
21745000	122
21750000	123
21755000	124
21760000	125
21765000	126
21770000	127
21775000	128
21780000	129
21785000	130
21790000	131
21795000	132
21800000	133
