13345000	0
13350000	1
13355000	2
13360000	3
13365000	4
13370000	5
13375000	6
13380000	7
13385000	8
13390000	9
13395000	10
13400000	11
13405000	12
13410000	13
13415000	14
13420000	15
13425000	16
13430000	17
13435000	18
13440000	19
13445000	20
13450000	21
13455000	22
13460000	23
13465000	24
13470000	25
13475000	26
13480000	27
13485000	28
13490000	29
13495000	30
13500000	31
13505000	32
13510000	33
13515000	34
13520000	35
13525000	36
13530000	37
13535000	38
13540000	39
13545000	40
13550000	41
13555000	42
13560000	43
13565000	44
13570000	45
13575000	46
13580000	47
13585000	48
13590000	49
13595000	50
13600000	51
13605000	52
13610000	53
13615000	54
13620000	55
13625000	56
13630000	57
13635000	58
13640000	59
13645000	60
13650000	61
13655000	62
13660000	63
13665000	64
13670000	65
13675000	66
13680000	67
13685000	68
13690000	69
13695000	70
13700000	71
13705000	72
13710000	73
13715000	74
13720000	75
13725000	76
13730000	77
13735000	78
13740000	79
13745000	80
13750000	81
13755000	82
13760000	83
13765000	84
13770000	85
13775000	86
13780000	87
13785000	88
13790000	89
13795000	90
13800000	91
13805000	92
13810000	93
13815000	94
13820000	95
13825000	96
13830000	97
13835000	98
13840000	99
13845000	100
13850000	101
13855000	102
13860000	103
13865000	104
13870000	105
13875000	106
13880000	107
13885000	108
13890000	109
13895000	110
13900000	111
13905000	112
13910000	113
13915000	114
13920000	115
13925000	116
13930000	117
13935000	118
13940000	119
13945000	120
13950000	121
13955000	122
13960000	123
13965000	124
13970000	125
13975000	126
13980000	127
13985000	128
13990000	129
13995000	130
14000000	131
14005000	132
14010000	133
14015000	134
14020000	135
14025000	136
14030000	137
14035000	138
14040000	139
14045000	140
14050000	141
14055000	142
14060000	143
14065000	144
14070000	145
14075000	146
14080000	147
14085000	148
14090000	149
14095000	150
14100000	151
14105000	152
14110000	153
14115000	154
14120000	155
14125000	156
14130000	157
14135000	158
14140000	159
14145000	160
14150000	161
14155000	162
14160000	163
14165000	164
14170000	165
14175000	166
14180000	167
14185000	168
14190000	169
14195000	170
14200000	171
14205000	172
14210000	173
14215000	174
14220000	175
14225000	176
14230000	177
14235000	178
14240000	179
14245000	180
14250000	181
14255000	182
14260000	183
14265000	184
14270000	185
14275000	186
14280000	187
14285000	188
14290000	189
14295000	190
14300000	191
14305000	192
14310000	193
14315000	194
14320000	195
14325000	196
14330000	197
14335000	198
14340000	199
14345000	200
14350000	201
14355000	202
14360000	203
14365000	204
14370000	205
14375000	206
14380000	207
14385000	208
14390000	209
14395000	210
14400000	211
14405000	212
14410000	213
14415000	214
14420000	215
14425000	216
14430000	217
14435000	218
14440000	219
14445000	220
14450000	221
14455000	222
14460000	223
14465000	224
14470000	225
14475000	226
14480000	227
14485000	228
14490000	229
14495000	230
14500000	231
14505000	232
14510000	233
14515000	234
14520000	235
14525000	236
14530000	237
14535000	238
14540000	239
14545000	240
14550000	241
14555000	242
14560000	243
14565000	244
14570000	245
14575000	246
14580000	247
14585000	248
14590000	249
14595000	250
14600000	251
14605000	252
14610000	253
14615000	254
14620000	255
14625000	256
14630000	257
14635000	258
14640000	259
14645000	260
14650000	261
14655000	262
14660000	263
14670000	264
14675000	265
14680000	266
14685000	267
14690000	268
14695000	269
14700000	270
14705000	271
14710000	272
14715000	273
14720000	274
14725000	275
14730000	276
14735000	277
14740000	278
14745000	279
14750000	280
14755000	281
14760000	282
14765000	283
14770000	284
14775000	285
14780000	286
14785000	287
