117855000	0
117860000	1
117865000	2
117870000	3
117875000	4
117880000	5
117885000	6
117890000	7
117895000	8
117900000	9
117905000	10
117910000	11
117915000	12
117920000	13
117925000	14
117930000	15
117935000	16
117940000	17
117945000	18
117950000	19
117955000	20
117960000	21
117965000	22
117970000	23
117975000	24
117980000	25
117985000	26
117990000	27
117995000	28
118000000	29
118005000	30
118010000	31
118015000	32
118020000	33
118025000	34
118030000	35
118035000	36
118040000	37
118045000	38
118050000	39
118055000	40
118060000	41
118065000	42
118070000	43
118075000	44
118080000	45
118085000	46
118090000	47
118095000	48
118100000	49
118105000	50
118110000	51
118115000	52
118120000	53
118125000	54
118130000	55
118135000	56
118140000	57
118145000	58
118150000	59
118155000	60
118160000	61
118165000	62
118170000	63
118175000	64
118180000	65
118185000	66
118190000	67
118195000	68
118200000	69
118205000	70
118210000	71
118215000	72
118220000	73
118225000	74
118230000	75
118235000	76
118240000	77
118245000	78
118250000	79
118255000	80
118260000	81
118265000	82
118270000	83
118275000	84
118280000	85
118285000	86
118290000	87
118295000	88
118300000	89
118305000	90
118310000	91
118315000	92
118320000	93
118325000	94
118330000	95
118335000	96
118340000	97
118345000	98
118350000	99
118355000	100
118360000	101
118365000	102
118370000	103
118375000	104
118380000	105
118385000	106
118390000	107
118395000	108
118400000	109
118405000	110
118410000	111
118415000	112
118420000	113
118425000	114
118430000	115
118435000	116
118440000	117
118445000	118
118450000	119
118455000	120
118460000	121
118465000	122
118470000	123
118475000	124
118480000	125
118485000	126
118490000	127
118495000	128
118500000	129
118505000	130
118510000	131
118515000	132
118520000	133
118525000	134
118530000	135
118535000	136
118540000	137
118545000	138
118550000	139
118555000	140
118560000	141
118565000	142
118570000	143
118575000	144
118580000	145
118585000	146
118590000	147
118595000	148
118600000	149
118605000	150
118610000	151
118615000	152
118620000	153
118625000	154
118630000	155
118635000	156
118640000	157
118645000	158
118650000	159
118655000	160
118660000	161
118665000	162
118670000	163
118675000	164
118680000	165
118685000	166
118690000	167
118695000	168
118700000	169
118705000	170
118710000	171
118715000	172
118720000	173
118725000	174
118730000	175
118735000	176
118740000	177
118745000	178
118750000	179
118755000	180
118760000	181
118765000	182
118770000	183
118775000	184
118780000	185
118785000	186
118790000	187
118795000	188
118800000	189
118805000	190
118810000	191
118815000	192
118820000	193
118825000	194
118830000	195
118835000	196
118840000	197
118845000	198
118850000	199
118855000	200
118860000	201
118865000	202
118870000	203
118875000	204
118880000	205
118885000	206
118890000	207
118895000	208
118900000	209
118905000	210
118910000	211
118915000	212
118920000	213
118925000	214
118930000	215
118935000	216
118940000	217
118945000	218
118950000	219
118955000	220
118960000	221
118965000	222
118970000	223
118975000	224
118980000	225
118985000	226
118990000	227
118995000	228
119000000	229
119005000	230
119010000	231
119015000	232
119020000	233
119025000	234
119030000	235
119035000	236
119040000	237
119045000	238
119050000	239
119055000	240
119060000	241
119065000	242
119070000	243
119075000	244
119080000	245
119085000	246
119090000	247
119095000	248
119100000	249
119105000	250
119110000	251
119115000	252
119120000	253
119125000	254
119130000	255
119135000	256
119140000	257
119145000	258
119150000	259
119155000	260
119160000	261
119165000	262
119170000	263
119175000	264
119180000	265
119185000	266
119190000	267
119195000	268
119200000	269
119205000	270
119210000	271
119215000	272
119220000	273
119225000	274
119230000	275
119235000	276
119240000	277
119245000	278
119250000	279
119255000	280
119260000	281
119265000	282
119270000	283
119275000	284
119280000	285
119285000	286
119290000	287
119295000	288
119300000	289
119305000	290
119310000	291
119315000	292
119320000	293
119325000	294
119330000	295
119335000	296
119340000	297
119345000	298
119350000	299
119355000	300
119360000	301
119365000	302
119370000	303
119375000	304
119380000	305
119385000	306
119390000	307
119395000	308
119400000	309
119405000	310
119410000	311
119415000	312
119420000	313
119425000	314
119430000	315
119435000	316
