19480000	0
19485000	1
19490000	2
19495000	3
19500000	4
19505000	5
19510000	6
19515000	7
19520000	8
19525000	9
19530000	10
19535000	11
19540000	12
19545000	13
19550000	14
19555000	15
19560000	16
19565000	17
19570000	18
19575000	19
19580000	20
19585000	21
19590000	22
19595000	23
19600000	24
19605000	25
19610000	26
19615000	27
19620000	28
19625000	29
19630000	30
19635000	31
19640000	32
19645000	33
19650000	34
19655000	35
19660000	36
19665000	37
19670000	38
19675000	39
19680000	40
19685000	41
19690000	42
19695000	43
19700000	44
19705000	45
19710000	46
19715000	47
19720000	48
19725000	49
19730000	50
19735000	51
19740000	52
19745000	53
19750000	54
19755000	55
19760000	56
19765000	57
19770000	58
19775000	59
19780000	60
19785000	61
19790000	62
19795000	63
19800000	64
19805000	65
19810000	66
19815000	67
19820000	68
19825000	69
19830000	70
19835000	71
19840000	72
19845000	73
19850000	74
19855000	75
19860000	76
19865000	77
19870000	78
19875000	79
19880000	80
19885000	81
19890000	82
19895000	83
19900000	84
19905000	85
19910000	86
19915000	87
19920000	88
19925000	89
19930000	90
19935000	91
19940000	92
19945000	93
19950000	94
19955000	95
19960000	96
19965000	97
19970000	98
19975000	99
19980000	100
19985000	101
19990000	102
19995000	103
20000000	104
20005000	105
20010000	106
20015000	107
20020000	108
20025000	109
20030000	110
20035000	111
20040000	112
20045000	113
20050000	114
20055000	115
20060000	116
20065000	117
20070000	118
20075000	119
20080000	120
20085000	121
20090000	122
20095000	123
20100000	124
20105000	125
20110000	126
20115000	127
20120000	128
20125000	129
20130000	130
20135000	131
20140000	132
20145000	133
20150000	134
20155000	135
20160000	136
20165000	137
20170000	138
20175000	139
20180000	140
20185000	141
20190000	142
20195000	143
20200000	144
20205000	145
20210000	146
20215000	147
20220000	148
20225000	149
20230000	150
20235000	151
20240000	152
20245000	153
20250000	154
20255000	155
20260000	156
20265000	157
20270000	158
20275000	159
20280000	160
20285000	161
20290000	162
20295000	163
20300000	164
20305000	165
20310000	166
20315000	167
20320000	168
20325000	169
20330000	170
20335000	171
20340000	172
20345000	173
