125590000	0
125595000	1
125600000	2
125605000	3
125610000	4
125615000	5
125620000	6
125625000	7
125630000	8
125635000	9
125640000	10
125645000	11
125650000	12
125655000	13
125660000	14
125665000	15
125670000	16
125675000	17
125680000	18
125685000	19
125690000	20
125695000	21
125700000	22
125705000	23
125710000	24
125715000	25
125720000	26
125725000	27
125730000	28
125735000	29
125740000	30
125745000	31
125750000	32
125755000	33
125760000	34
125765000	35
125770000	36
125775000	37
125780000	38
125785000	39
125790000	40
125795000	41
125800000	42
125805000	43
125810000	44
125815000	45
125820000	46
125825000	47
125830000	48
125835000	49
125840000	50
125845000	51
125850000	52
125855000	53
125860000	54
125865000	55
125870000	56
125875000	57
125880000	58
125885000	59
125890000	60
125895000	61
125900000	62
125905000	63
125910000	64
125915000	65
125920000	66
125925000	67
125930000	68
125935000	69
125940000	70
125945000	71
125950000	72
125955000	73
125960000	74
125965000	75
125970000	76
125975000	77
125980000	78
125985000	79
125990000	80
125995000	81
126000000	82
126005000	83
126010000	84
126015000	85
126020000	86
126025000	87
126030000	88
126035000	89
126040000	90
126045000	91
126050000	92
126055000	93
126060000	94
126065000	95
126070000	96
126075000	97
126080000	98
126085000	99
126090000	100
126095000	101
126100000	102
126105000	103
126110000	104
126115000	105
126120000	106
126125000	107
126130000	108
126135000	109
126140000	110
126145000	111
126150000	112
126155000	113
126160000	114
126165000	115
126170000	116
126175000	117
126180000	118
126185000	119
126190000	120
126195000	121
126200000	122
126205000	123
126210000	124
126215000	125
126220000	126
126225000	127
126230000	128
126235000	129
126240000	130
126245000	131
126250000	132
126255000	133
126260000	134
126265000	135
126270000	136
126275000	137
126280000	138
126285000	139
126290000	140
126295000	141
126300000	142
126305000	143
126310000	144
126315000	145
126320000	146
126325000	147
126330000	148
126335000	149
126340000	150
126345000	151
126350000	152
126355000	153
126360000	154
126365000	155
126370000	156
126375000	157
126380000	158
126385000	159
126390000	160
126395000	161
126400000	162
126405000	163
126410000	164
126415000	165
126420000	166
126425000	167
126430000	168
126435000	169
126440000	170
126445000	171
126450000	172
126455000	173
126460000	174
126465000	175
126470000	176
126475000	177
126480000	178
126485000	179
126490000	180
126495000	181
126500000	182
126505000	183
126510000	184
126515000	185
126520000	186
126525000	187
126530000	188
126535000	189
126540000	190
126545000	191
126550000	192
126555000	193
126560000	194
126565000	195
126570000	196
126575000	197
126580000	198
126585000	199
126590000	200
126595000	201
126600000	202
126605000	203
126610000	204
126615000	205
126620000	206
126625000	207
126630000	208
126635000	209
126640000	210
126645000	211
126650000	212
126655000	213
126660000	214
126665000	215
126670000	216
126675000	217
126680000	218
126685000	219
126690000	220
126695000	221
126700000	222
126705000	223
126710000	224
126715000	225
126720000	226
126725000	227
126730000	228
126735000	229
126740000	230
126745000	231
126750000	232
126755000	233
126760000	234
126765000	235
126770000	236
126775000	237
126780000	238
126785000	239
126790000	240
126795000	241
126800000	242
126805000	243
