90995000	0
91000000	1
91005000	2
91010000	3
91015000	4
91020000	5
91025000	6
91030000	7
91035000	8
91040000	9
91045000	10
91050000	11
91055000	12
91060000	13
91065000	14
91070000	15
91075000	16
91080000	17
91085000	18
91090000	19
91095000	20
91100000	21
91105000	22
91110000	23
91115000	24
91120000	25
91125000	26
91130000	27
91135000	28
91140000	29
91145000	30
91150000	31
91155000	32
91160000	33
91165000	34
91170000	35
91175000	36
91180000	37
91185000	38
91190000	39
91195000	40
91200000	41
91205000	42
91210000	43
91215000	44
91220000	45
91225000	46
91230000	47
91235000	48
91240000	49
91245000	50
91250000	51
91255000	52
91260000	53
91265000	54
91270000	55
91275000	56
91280000	57
91285000	58
91290000	59
91295000	60
91300000	61
91305000	62
91310000	63
91315000	64
91320000	65
91325000	66
91330000	67
91335000	68
91340000	69
91345000	70
91350000	71
91355000	72
91360000	73
91365000	74
91370000	75
91375000	76
91380000	77
91385000	78
91390000	79
91395000	80
91400000	81
91405000	82
91410000	83
91415000	84
91420000	85
91425000	86
91430000	87
91435000	88
91440000	89
91445000	90
91450000	91
91455000	92
91460000	93
91465000	94
91470000	95
91475000	96
91480000	97
91485000	98
91490000	99
91495000	100
91500000	101
91505000	102
91510000	103
91515000	104
91520000	105
91525000	106
91530000	107
91535000	108
91540000	109
91545000	110
91550000	111
91555000	112
91560000	113
91565000	114
91570000	115
91575000	116
91580000	117
91585000	118
91590000	119
91595000	120
91600000	121
91605000	122
91610000	123
91615000	124
91620000	125
91625000	126
91630000	127
