36860000	0
36865000	1
36870000	2
36875000	3
36880000	4
36885000	5
36890000	6
36895000	7
36900000	8
36905000	9
36910000	10
36915000	11
36920000	12
36925000	13
36930000	14
36935000	15
36940000	16
36945000	17
36950000	18
36955000	19
36960000	20
36965000	21
36970000	22
36975000	23
36980000	24
36985000	25
36990000	26
36995000	27
37000000	28
37005000	29
37010000	30
37015000	31
37020000	32
37025000	33
37030000	34
37035000	35
37040000	36
37045000	37
37050000	38
37055000	39
37060000	40
37065000	41
37070000	42
37075000	43
37080000	44
37085000	45
37090000	46
37095000	47
37100000	48
37105000	49
37110000	50
37115000	51
37120000	52
37125000	53
37130000	54
37135000	55
37140000	56
37145000	57
37150000	58
37155000	59
37160000	60
37165000	61
37170000	62
37175000	63
37180000	64
37185000	65
37190000	66
37195000	67
37200000	68
37205000	69
37210000	70
37215000	71
37220000	72
37225000	73
37230000	74
37235000	75
37240000	76
37245000	77
37250000	78
37255000	79
37260000	80
37265000	81
37270000	82
37275000	83
37280000	84
37285000	85
37290000	86
37295000	87
37300000	88
37305000	89
37310000	90
37315000	91
37320000	92
37325000	93
37330000	94
37335000	95
37340000	96
37345000	97
37350000	98
37355000	99
37360000	100
37365000	101
37370000	102
37375000	103
37380000	104
37385000	105
37390000	106
37395000	107
37400000	108
37405000	109
37410000	110
37415000	111
37420000	112
37425000	113
37430000	114
37435000	115
37440000	116
37445000	117
37450000	118
37455000	119
37460000	120
37465000	121
37470000	122
37475000	123
37480000	124
37485000	125
37490000	126
37495000	127
37500000	128
37505000	129
37510000	130
37515000	131
37520000	132
37525000	133
37530000	134
37535000	135
37540000	136
37545000	137
37550000	138
37555000	139
37560000	140
37565000	141
37570000	142
37575000	143
37580000	144
37585000	145
37590000	146
37595000	147
37600000	148
37605000	149
37610000	150
37615000	151
37620000	152
37625000	153
37630000	154
37635000	155
37640000	156
37645000	157
37650000	158
37655000	159
37660000	160
37665000	161
37670000	162
37675000	163
37680000	164
37685000	165
37690000	166
37695000	167
37700000	168
37705000	169
37710000	170
37715000	171
37720000	172
37725000	173
37730000	174
37735000	175
37740000	176
37745000	177
37750000	178
37755000	179
37760000	180
37765000	181
37770000	182
37775000	183
37780000	184
37785000	185
37790000	186
37795000	187
37800000	188
37805000	189
37810000	190
37815000	191
37820000	192
37825000	193
37830000	194
37835000	195
37840000	196
37845000	197
37850000	198
37855000	199
37860000	200
37865000	201
37870000	202
37875000	203
37880000	204
37885000	205
37890000	206
37895000	207
37900000	208
37905000	209
37910000	210
37915000	211
37920000	212
37925000	213
37930000	214
37935000	215
37940000	216
37945000	217
37950000	218
37955000	219
37960000	220
37965000	221
37970000	222
37975000	223
37980000	224
37985000	225
37990000	226
37995000	227
38000000	228
38005000	229
38010000	230
38015000	231
38020000	232
38025000	233
38030000	234
38035000	235
38040000	236
38045000	237
38050000	238
38055000	239
38060000	240
38065000	241
38070000	242
38075000	243
38080000	244
38085000	245
38090000	246
38095000	247
38100000	248
38105000	249
38110000	250
38115000	251
38120000	252
38125000	253
38130000	254
38135000	255
38140000	256
38145000	257
38150000	258
38155000	259
38160000	260
38165000	261
38170000	262
38175000	263
38180000	264
38185000	265
38190000	266
38195000	267
38200000	268
38205000	269
38210000	270
38215000	271
38220000	272
38225000	273
38230000	274
38235000	275
38240000	276
38245000	277
38250000	278
38255000	279
38260000	280
38265000	281
38270000	282
38275000	283
38280000	284
38285000	285
38290000	286
38295000	287
38300000	288
38305000	289
38310000	290
38315000	291
38320000	292
38325000	293
38330000	294
38335000	295
38340000	296
38345000	297
38350000	298
38355000	299
38360000	300
38365000	301
38370000	302
38375000	303
38380000	304
38385000	305
38390000	306
38395000	307
38400000	308
