6065000	0
6070000	1
6075000	2
6080000	3
6085000	4
6090000	5
6095000	6
6100000	7
6105000	8
6110000	9
6115000	10
6120000	11
6125000	12
6130000	13
6135000	14
6140000	15
6145000	16
6150000	17
6155000	18
6160000	19
6165000	20
6170000	21
6175000	22
6180000	23
6185000	24
6190000	25
6195000	26
6200000	27
6205000	28
6210000	29
6215000	30
6220000	31
6225000	32
6230000	33
6235000	34
6240000	35
6245000	36
6250000	37
6255000	38
6260000	39
6265000	40
6270000	41
6275000	42
6280000	43
6285000	44
6290000	45
6295000	46
6300000	47
6305000	48
6310000	49
6315000	50
6320000	51
6325000	52
6330000	53
6335000	54
6340000	55
6345000	56
6350000	57
6355000	58
6360000	59
6365000	60
6370000	61
6375000	62
6380000	63
6385000	64
6390000	65
6395000	66
6400000	67
6405000	68
6410000	69
6415000	70
6420000	71
6425000	72
6430000	73
6435000	74
6440000	75
6445000	76
6450000	77
6455000	78
6460000	79
6465000	80
6470000	81
6475000	82
6480000	83
6485000	84
6490000	85
6495000	86
6500000	87
6505000	88
6510000	89
6515000	90
6520000	91
6525000	92
6530000	93
6535000	94
6540000	95
6545000	96
6550000	97
6555000	98
6560000	99
