93515000	0
93520000	1
93525000	2
93530000	3
93535000	4
93540000	5
93545000	6
93550000	7
93555000	8
93560000	9
93565000	10
93570000	11
93575000	12
93580000	13
93585000	14
93590000	15
93595000	16
93600000	17
93605000	18
93610000	19
93615000	20
93620000	21
93625000	22
93630000	23
93635000	24
93640000	25
93645000	26
93650000	27
93655000	28
93660000	29
93665000	30
93670000	31
93675000	32
93680000	33
93685000	34
93690000	35
93695000	36
93700000	37
93705000	38
93710000	39
93715000	40
93720000	41
93725000	42
93730000	43
93735000	44
93740000	45
93745000	46
93750000	47
93755000	48
93760000	49
93765000	50
93770000	51
93775000	52
93780000	53
93785000	54
93790000	55
93795000	56
93800000	57
93805000	58
93810000	59
93815000	60
93820000	61
93825000	62
93830000	63
93835000	64
93840000	65
93845000	66
93850000	67
93855000	68
93860000	69
93865000	70
93870000	71
93875000	72
93880000	73
93885000	74
93890000	75
93895000	76
93900000	77
93905000	78
93910000	79
93915000	80
93920000	81
93925000	82
93930000	83
93935000	84
93940000	85
93945000	86
93950000	87
93955000	88
93960000	89
93965000	90
93970000	91
93975000	92
93980000	93
93985000	94
93990000	95
93995000	96
94000000	97
94005000	98
94010000	99
94015000	100
94020000	101
94025000	102
94030000	103
94035000	104
94040000	105
94045000	106
94050000	107
94055000	108
94060000	109
94065000	110
94070000	111
94075000	112
94080000	113
94085000	114
94090000	115
94095000	116
94100000	117
94105000	118
94110000	119
94115000	120
94120000	121
94125000	122
94130000	123
94135000	124
94140000	125
94145000	126
94150000	127
94155000	128
94160000	129
94165000	130
94170000	131
94175000	132
94180000	133
94185000	134
94190000	135
94195000	136
94200000	137
94205000	138
94210000	139
94215000	140
94220000	141
94225000	142
94230000	143
94235000	144
94240000	145
94245000	146
94250000	147
94255000	148
94260000	149
94265000	150
94270000	151
94275000	152
94280000	153
94285000	154
94290000	155
94295000	156
94300000	157
94305000	158
94310000	159
94315000	160
94320000	161
94325000	162
94330000	163
94335000	164
94340000	165
94345000	166
94350000	167
94355000	168
94360000	169
94365000	170
94370000	171
94375000	172
94380000	173
94385000	174
94390000	175
94395000	176
94400000	177
94405000	178
94410000	179
94415000	180
94420000	181
94425000	182
94430000	183
94435000	184
94440000	185
94445000	186
94450000	187
94455000	188
94460000	189
94465000	190
94470000	191
94475000	192
94480000	193
94485000	194
94490000	195
94495000	196
