32115000	0
32120000	1
32125000	2
32130000	3
32135000	4
32140000	5
32145000	6
32150000	7
32155000	8
32160000	9
32165000	10
32170000	11
32175000	12
32180000	13
32185000	14
32190000	15
32195000	16
32200000	17
32205000	18
32210000	19
32215000	20
32220000	21
32225000	22
32230000	23
32235000	24
32240000	25
32245000	26
32250000	27
32255000	28
32260000	29
32265000	30
32270000	31
32275000	32
32280000	33
32285000	34
32290000	35
32295000	36
32300000	37
32305000	38
32310000	39
32315000	40
32320000	41
32325000	42
32330000	43
32335000	44
32340000	45
32345000	46
32350000	47
