25945000	0
25950000	1
25955000	2
25960000	3
25965000	4
25970000	5
25975000	6
25980000	7
25985000	8
25990000	9
25995000	10
26000000	11
26005000	12
26010000	13
26015000	14
26020000	15
26025000	16
26030000	17
26035000	18
26040000	19
26045000	20
26050000	21
26055000	22
26060000	23
26065000	24
26070000	25
26075000	26
26080000	27
26085000	28
26090000	29
26095000	30
26100000	31
26105000	32
26110000	33
26115000	34
26120000	35
26125000	36
26130000	37
26135000	38
26140000	39
26145000	40
26150000	41
26155000	42
26160000	43
26165000	44
26170000	45
26175000	46
26180000	47
26185000	48
26190000	49
26195000	50
26200000	51
26205000	52
26210000	53
26215000	54
26220000	55
26225000	56
26230000	57
26235000	58
26240000	59
26245000	60
26250000	61
26255000	62
26260000	63
26265000	64
26270000	65
26275000	66
26280000	67
26285000	68
26290000	69
26295000	70
26300000	71
26305000	72
26310000	73
26315000	74
26320000	75
26325000	76
26330000	77
26335000	78
26340000	79
26345000	80
26350000	81
26355000	82
26360000	83
26365000	84
26370000	85
26375000	86
26380000	87
26385000	88
26390000	89
26395000	90
26400000	91
26405000	92
26410000	93
26415000	94
26420000	95
26425000	96
26430000	97
26435000	98
26440000	99
26445000	100
26450000	101
26455000	102
26460000	103
26465000	104
26470000	105
26475000	106
26480000	107
26485000	108
26490000	109
26495000	110
26500000	111
26505000	112
26510000	113
26515000	114
26520000	115
26525000	116
26530000	117
26535000	118
26540000	119
26545000	120
26550000	121
26555000	122
26560000	123
26565000	124
26570000	125
26575000	126
26580000	127
26585000	128
26590000	129
26595000	130
26600000	131
26605000	132
26610000	133
26615000	134
26620000	135
26625000	136
26630000	137
26635000	138
26640000	139
26645000	140
26650000	141
26655000	142
26660000	143
26665000	144
26670000	145
26675000	146
26680000	147
26685000	148
26690000	149
26695000	150
26700000	151
26705000	152
26710000	153
26715000	154
26720000	155
26725000	156
26730000	157
26735000	158
26740000	159
26745000	160
26750000	161
26755000	162
26760000	163
26765000	164
26770000	165
26775000	166
26780000	167
26785000	168
26790000	169
26795000	170
26800000	171
26805000	172
26810000	173
26815000	174
26820000	175
26825000	176
26830000	177
26835000	178
26840000	179
26845000	180
26850000	181
26855000	182
26860000	183
26865000	184
26870000	185
26875000	186
26880000	187
26885000	188
26890000	189
26895000	190
26900000	191
26905000	192
26910000	193
26915000	194
26920000	195
26925000	196
26930000	197
26935000	198
26940000	199
26945000	200
26950000	201
26955000	202
26960000	203
26965000	204
26975000	205
26980000	206
26985000	207
26990000	208
26995000	209
27000000	210
27005000	211
27010000	212
27015000	213
27020000	214
27025000	215
27030000	216
27035000	217
27040000	218
27045000	219
27050000	220
27055000	221
27060000	222
27065000	223
27070000	224
27075000	225
27080000	226
27085000	227
