89425000	0
89430000	1
89435000	2
89440000	3
89445000	4
89450000	5
89455000	6
89460000	7
89465000	8
89470000	9
89475000	10
89480000	11
89485000	12
89490000	13
89495000	14
89500000	15
89505000	16
89510000	17
89515000	18
89520000	19
89525000	20
89530000	21
89535000	22
89540000	23
89545000	24
89550000	25
89555000	26
89560000	27
89565000	28
89570000	29
89575000	30
89580000	31
89585000	32
89590000	33
89595000	34
89600000	35
89605000	36
89610000	37
89615000	38
89620000	39
89625000	40
89630000	41
89635000	42
89640000	43
89645000	44
89650000	45
89655000	46
89660000	47
89665000	48
89670000	49
89675000	50
89680000	51
89685000	52
89690000	53
89695000	54
89700000	55
89705000	56
89710000	57
89715000	58
89720000	59
89725000	60
89730000	61
89735000	62
89740000	63
89745000	64
89750000	65
89755000	66
89760000	67
89765000	68
89770000	69
89775000	70
89780000	71
89785000	72
89790000	73
89795000	74
89800000	75
89805000	76
89810000	77
89815000	78
89820000	79
89825000	80
89830000	81
89835000	82
89840000	83
89845000	84
89850000	85
89855000	86
89860000	87
89865000	88
89870000	89
89875000	90
89880000	91
89885000	92
89890000	93
89895000	94
89900000	95
89905000	96
89910000	97
89915000	98
89920000	99
89925000	100
89930000	101
89935000	102
89940000	103
89945000	104
89950000	105
89955000	106
89960000	107
89965000	108
89970000	109
89975000	110
89980000	111
89985000	112
89990000	113
89995000	114
90000000	115
90005000	116
90010000	117
90015000	118
90020000	119
90025000	120
90030000	121
90035000	122
90040000	123
90045000	124
90050000	125
90055000	126
90060000	127
90065000	128
90070000	129
90075000	130
90080000	131
90085000	132
90090000	133
90095000	134
90100000	135
90105000	136
90110000	137
90115000	138
