91590000	0
91595000	1
91600000	2
91605000	3
91610000	4
91615000	5
91620000	6
91625000	7
91630000	8
91635000	9
91640000	10
91645000	11
91650000	12
91655000	13
91660000	14
91665000	15
91670000	16
91675000	17
91680000	18
91685000	19
91690000	20
91695000	21
91700000	22
91705000	23
91710000	24
91715000	25
91720000	26
91725000	27
91730000	28
91735000	29
91740000	30
91745000	31
91750000	32
91755000	33
91760000	34
91765000	35
91770000	36
91775000	37
91780000	38
91785000	39
91790000	40
91795000	41
91800000	42
91805000	43
91810000	44
91815000	45
91820000	46
91825000	47
91830000	48
91835000	49
91840000	50
91845000	51
91850000	52
91855000	53
91860000	54
91865000	55
91870000	56
91875000	57
91880000	58
91885000	59
91890000	60
91895000	61
91900000	62
91905000	63
91910000	64
91915000	65
91920000	66
91925000	67
91930000	68
91935000	69
91940000	70
91945000	71
91950000	72
91955000	73
91960000	74
91965000	75
91970000	76
91975000	77
91980000	78
91985000	79
91990000	80
91995000	81
92000000	82
92005000	83
92010000	84
92015000	85
92020000	86
92025000	87
92030000	88
92035000	89
92040000	90
92045000	91
92050000	92
92055000	93
92060000	94
92065000	95
92070000	96
92075000	97
92080000	98
92085000	99
92090000	100
92095000	101
92100000	102
92105000	103
92110000	104
92115000	105
92120000	106
92125000	107
92130000	108
92135000	109
92140000	110
92145000	111
92150000	112
92155000	113
92160000	114
92165000	115
92170000	116
92175000	117
92180000	118
92185000	119
92190000	120
92195000	121
92200000	122
92205000	123
92210000	124
92215000	125
92220000	126
92225000	127
92230000	128
92235000	129
92240000	130
92245000	131
92250000	132
92255000	133
92260000	134
92265000	135
92270000	136
92275000	137
92280000	138
92285000	139
92290000	140
92295000	141
92300000	142
92305000	143
92310000	144
92315000	145
92320000	146
92325000	147
92330000	148
92335000	149
92340000	150
92345000	151
92350000	152
92355000	153
92360000	154
92365000	155
92370000	156
92375000	157
92380000	158
92385000	159
92390000	160
