67225000	0
67230000	1
67235000	2
67240000	3
67245000	4
67250000	5
67255000	6
67260000	7
67265000	8
67270000	9
67275000	10
67280000	11
67285000	12
67290000	13
67295000	14
67300000	15
67305000	16
67310000	17
67315000	18
67320000	19
67325000	20
67330000	21
67335000	22
67340000	23
67345000	24
67350000	25
67355000	26
67360000	27
67365000	28
67370000	29
67375000	30
67380000	31
67385000	32
67390000	33
67395000	34
67400000	35
67405000	36
67410000	37
67415000	38
67420000	39
67425000	40
67430000	41
67435000	42
67440000	43
67445000	44
67450000	45
67455000	46
67460000	47
67465000	48
67470000	49
67475000	50
67480000	51
67485000	52
67490000	53
67495000	54
67500000	55
67505000	56
67510000	57
67515000	58
67520000	59
67525000	60
67530000	61
67535000	62
67540000	63
67545000	64
67550000	65
67555000	66
67560000	67
67565000	68
67570000	69
67575000	70
67580000	71
67585000	72
67590000	73
67595000	74
67600000	75
67605000	76
67610000	77
67615000	78
67620000	79
67625000	80
67630000	81
67635000	82
67640000	83
67645000	84
67650000	85
67655000	86
67660000	87
67665000	88
67670000	89
67675000	90
67680000	91
67685000	92
67690000	93
67695000	94
67700000	95
67705000	96
67710000	97
67715000	98
67720000	99
67725000	100
67730000	101
67735000	102
67740000	103
