52255000	0
52260000	1
52265000	2
52270000	3
52275000	4
52280000	5
52285000	6
52290000	7
52295000	8
52300000	9
52305000	10
52310000	11
52315000	12
52320000	13
52325000	14
52330000	15
52335000	16
52340000	17
52345000	18
52350000	19
52355000	20
52360000	21
52365000	22
52370000	23
52375000	24
52380000	25
52385000	26
52390000	27
52395000	28
52400000	29
52405000	30
52410000	31
52415000	32
52420000	33
52425000	34
52430000	35
52435000	36
52440000	37
52445000	38
52450000	39
52455000	40
52460000	41
52465000	42
52470000	43
52475000	44
52480000	45
52485000	46
52490000	47
52495000	48
52500000	49
52505000	50
52510000	51
52515000	52
52520000	53
52525000	54
52530000	55
52535000	56
52540000	57
52545000	58
52550000	59
52555000	60
52560000	61
52565000	62
52570000	63
52575000	64
52580000	65
52585000	66
52590000	67
52595000	68
52600000	69
52605000	70
52610000	71
52615000	72
52620000	73
52625000	74
52630000	75
52635000	76
52640000	77
52645000	78
52650000	79
52655000	80
52660000	81
52665000	82
52670000	83
52675000	84
52680000	85
52685000	86
52690000	87
52695000	88
52700000	89
52705000	90
52710000	91
52715000	92
52720000	93
52725000	94
52730000	95
52735000	96
52740000	97
52745000	98
52750000	99
52755000	100
52760000	101
52765000	102
52770000	103
52775000	104
52780000	105
52785000	106
52790000	107
52795000	108
52800000	109
52805000	110
52810000	111
52815000	112
52820000	113
52825000	114
52830000	115
52835000	116
52840000	117
52845000	118
52850000	119
52855000	120
52860000	121
52865000	122
52870000	123
52875000	124
52880000	125
52885000	126
52890000	127
52895000	128
52900000	129
52905000	130
52910000	131
52915000	132
52920000	133
52925000	134
52930000	135
52935000	136
52940000	137
52945000	138
52950000	139
52955000	140
52960000	141
52965000	142
52970000	143
52975000	144
52980000	145
52985000	146
52990000	147
52995000	148
53000000	149
53005000	150
53010000	151
53015000	152
53020000	153
53025000	154
53030000	155
53035000	156
53040000	157
