54805000	0
54810000	1
54815000	2
54820000	3
54825000	4
54830000	5
54835000	6
54840000	7
54845000	8
54850000	9
54855000	10
54860000	11
54865000	12
54870000	13
54875000	14
54880000	15
54885000	16
54890000	17
54895000	18
54900000	19
54905000	20
54910000	21
54915000	22
54920000	23
54925000	24
54930000	25
54935000	26
54940000	27
54945000	28
54950000	29
54955000	30
54960000	31
54965000	32
54970000	33
54975000	34
54980000	35
54985000	36
54990000	37
54995000	38
55000000	39
55005000	40
55010000	41
55015000	42
55020000	43
55025000	44
55030000	45
55035000	46
55040000	47
55045000	48
55050000	49
55055000	50
55060000	51
55065000	52
55070000	53
55075000	54
55080000	55
55085000	56
55090000	57
55095000	58
55100000	59
55105000	60
55110000	61
55115000	62
55120000	63
55125000	64
55130000	65
55135000	66
55140000	67
55145000	68
55150000	69
55155000	70
55160000	71
55165000	72
55170000	73
55175000	74
55180000	75
55185000	76
55190000	77
55195000	78
55200000	79
55205000	80
55210000	81
55215000	82
55220000	83
55225000	84
55230000	85
55235000	86
55240000	87
55245000	88
55250000	89
55255000	90
55260000	91
55265000	92
55270000	93
55275000	94
55280000	95
55285000	96
55290000	97
55295000	98
55300000	99
55305000	100
55310000	101
55315000	102
55320000	103
55325000	104
55330000	105
55335000	106
55340000	107
55345000	108
55350000	109
55355000	110
55360000	111
55365000	112
55370000	113
55375000	114
55380000	115
55385000	116
55390000	117
55395000	118
55400000	119
55405000	120
55410000	121
55415000	122
55420000	123
55425000	124
55430000	125
55435000	126
55440000	127
55445000	128
55450000	129
55455000	130
55460000	131
55465000	132
55470000	133
55475000	134
55480000	135
55485000	136
55490000	137
55495000	138
55500000	139
55505000	140
55510000	141
55515000	142
55520000	143
55525000	144
55530000	145
55535000	146
55540000	147
55545000	148
55550000	149
55555000	150
55560000	151
55565000	152
55570000	153
55575000	154
55580000	155
55585000	156
55590000	157
55595000	158
55600000	159
55605000	160
55610000	161
55615000	162
55620000	163
55625000	164
55630000	165
55635000	166
55640000	167
55645000	168
55650000	169
55655000	170
55660000	171
55665000	172
55670000	173
55675000	174
55680000	175
55685000	176
55690000	177
55695000	178
55700000	179
55705000	180
55710000	181
55715000	182
55720000	183
55725000	184
55730000	185
55735000	186
55740000	187
55745000	188
55750000	189
55755000	190
55760000	191
55765000	192
55770000	193
55775000	194
55780000	195
55785000	196
55790000	197
