41525000	0
41530000	1
41535000	2
41540000	3
41545000	4
41550000	5
41555000	6
41560000	7
41565000	8
41570000	9
41575000	10
41580000	11
41585000	12
41590000	13
41595000	14
41600000	15
41605000	16
41610000	17
41615000	18
41620000	19
41625000	20
41630000	21
41635000	22
41640000	23
41645000	24
41650000	25
41655000	26
41660000	27
41665000	28
41670000	29
41675000	30
41680000	31
41685000	32
41690000	33
41695000	34
41700000	35
41705000	36
41710000	37
41715000	38
41720000	39
41725000	40
41730000	41
41735000	42
41740000	43
41745000	44
41750000	45
41755000	46
41760000	47
41765000	48
41770000	49
41775000	50
41780000	51
41785000	52
41790000	53
41795000	54
41800000	55
41805000	56
41810000	57
41815000	58
41820000	59
41825000	60
41830000	61
41835000	62
41840000	63
41845000	64
41850000	65
41855000	66
41860000	67
41865000	68
41870000	69
41875000	70
41880000	71
41885000	72
41890000	73
41895000	74
41900000	75
41905000	76
41910000	77
41915000	78
41920000	79
41925000	80
41930000	81
41935000	82
41940000	83
41945000	84
41950000	85
41955000	86
41960000	87
41965000	88
41970000	89
41975000	90
41980000	91
41985000	92
41990000	93
41995000	94
42000000	95
42005000	96
42010000	97
42015000	98
42020000	99
42025000	100
42030000	101
42035000	102
42040000	103
42045000	104
42050000	105
42055000	106
42060000	107
42065000	108
42070000	109
42075000	110
42080000	111
42085000	112
42090000	113
42095000	114
42100000	115
42105000	116
42110000	117
42115000	118
42120000	119
42125000	120
42130000	121
42135000	122
42140000	123
42145000	124
42150000	125
42155000	126
42160000	127
42165000	128
42170000	129
42175000	130
42180000	131
42185000	132
42190000	133
42195000	134
42200000	135
42205000	136
42210000	137
42215000	138
42220000	139
42225000	140
42230000	141
42235000	142
42240000	143
42245000	144
42250000	145
42255000	146
42260000	147
