67160000	0
67161000	1
67162000	2
67163000	3
67164000	4
67165000	5
67166000	6
67167000	7
67168000	8
67169000	9
67170000	10
67171000	11
67172000	12
67173000	13
67174000	14
67175000	15
67176000	16
67177000	17
67178000	18
67179000	19
67180000	20
67181000	21
67182000	22
67183000	23
67184000	24
67185000	25
67186000	26
67187000	27
67188000	28
67189000	29
67190000	30
67191000	31
67192000	32
67193000	33
67194000	34
67195000	35
67196000	36
67197000	37
67198000	38
67199000	39
67200000	40
67201000	41
67202000	42
67203000	43
67204000	44
67205000	45
67206000	46
67207000	47
67208000	48
67209000	49
67210000	50
67211000	51
67212000	52
67213000	53
67214000	54
67215000	55
67216000	56
67217000	57
67218000	58
67219000	59
67220000	60
67221000	61
67222000	62
67223000	63
67224000	64
67225000	65
67226000	66
67227000	67
67228000	68
67229000	69
67230000	70
67231000	71
67232000	72
67233000	73
67234000	74
67235000	75
67236000	76
67237000	77
67238000	78
67239000	79
67240000	80
67241000	81
67242000	82
67243000	83
67244000	84
67245000	85
67246000	86
67247000	87
67248000	88
67249000	89
67250000	90
67251000	91
67252000	92
67253000	93
67254000	94
67255000	95
67256000	96
67257000	97
67258000	98
67259000	99
67260000	100
67261000	101
67262000	102
67263000	103
67264000	104
67265000	105
67266000	106
67267000	107
67268000	108
67269000	109
67270000	110
67271000	111
67272000	112
67273000	113
67274000	114
67275000	115
