4810000	0
4815000	1
4820000	2
4825000	3
4830000	4
4835000	5
4840000	6
4845000	7
4850000	8
4855000	9
4860000	10
4865000	11
4870000	12
4875000	13
4880000	14
4885000	15
4890000	16
4895000	17
4900000	18
4905000	19
4910000	20
4915000	21
4920000	22
4925000	23
4930000	24
4935000	25
4940000	26
4945000	27
4950000	28
4955000	29
4960000	30
4965000	31
4970000	32
4975000	33
4980000	34
4985000	35
4990000	36
4995000	37
5000000	38
5005000	39
5010000	40
5015000	41
5020000	42
5025000	43
5030000	44
5035000	45
5040000	46
5045000	47
5050000	48
5055000	49
5060000	50
5065000	51
5070000	52
5075000	53
5080000	54
5085000	55
5090000	56
5095000	57
5100000	58
5105000	59
5110000	60
5115000	61
5120000	62
5125000	63
5130000	64
5135000	65
5140000	66
5145000	67
5150000	68
5155000	69
5160000	70
5165000	71
5170000	72
5175000	73
5180000	74
5185000	75
5190000	76
5195000	77
5200000	78
5205000	79
5210000	80
5215000	81
5220000	82
5225000	83
5230000	84
5235000	85
5240000	86
5245000	87
5250000	88
5255000	89
5260000	90
5265000	91
5270000	92
5275000	93
5280000	94
5285000	95
5290000	96
5295000	97
5300000	98
5305000	99
5310000	100
5315000	101
5320000	102
5325000	103
5330000	104
5335000	105
5340000	106
5345000	107
5350000	108
5355000	109
5360000	110
5365000	111
5370000	112
5375000	113
5380000	114
5385000	115
