44115000	0
44116000	1
44117000	2
44118000	3
44119000	4
44120000	5
44121000	6
44122000	7
44123000	8
44124000	9
44125000	10
44126000	11
44127000	12
44128000	13
44129000	14
44130000	15
44131000	16
44132000	17
44133000	18
44134000	19
44135000	20
44136000	21
44137000	22
44138000	23
44139000	24
44140000	25
44141000	26
44142000	27
44143000	28
44144000	29
44145000	30
44146000	31
44147000	32
44148000	33
44149000	34
44150000	35
44151000	36
44152000	37
44153000	38
44154000	39
44155000	40
44156000	41
44157000	42
44158000	43
44159000	44
44160000	45
44161000	46
44162000	47
44163000	48
44164000	49
44165000	50
44166000	51
44167000	52
44168000	53
44169000	54
44170000	55
44171000	56
44172000	57
44173000	58
44174000	59
44175000	60
44176000	61
44177000	62
44178000	63
44179000	64
44180000	65
44181000	66
44182000	67
44183000	68
44184000	69
44185000	70
44186000	71
44187000	72
44188000	73
44189000	74
44190000	75
44191000	76
44192000	77
44193000	78
44194000	79
44195000	80
44196000	81
44197000	82
44198000	83
44199000	84
44200000	85
44201000	86
44202000	87
44203000	88
44204000	89
44205000	90
44206000	91
44207000	92
44208000	93
44209000	94
44210000	95
44211000	96
44212000	97
44213000	98
44214000	99
44215000	100
44216000	101
44217000	102
44218000	103
44219000	104
44220000	105
44221000	106
44222000	107
44223000	108
44224000	109
44225000	110
44226000	111
44227000	112
44228000	113
44229000	114
44230000	115
44231000	116
44232000	117
44233000	118
44234000	119
44235000	120
44236000	121
44237000	122
44238000	123
44239000	124
44240000	125
44241000	126
44242000	127
44243000	128
44244000	129
44245000	130
44246000	131
44247000	132
44248000	133
44249000	134
44250000	135
44251000	136
44252000	137
44253000	138
44254000	139
44255000	140
44256000	141
44257000	142
44258000	143
44259000	144
44260000	145
44261000	146
44262000	147
44263000	148
44264000	149
44265000	150
44266000	151
44267000	152
44268000	153
44269000	154
44270000	155
44271000	156
44272000	157
44273000	158
44274000	159
44275000	160
44276000	161
44277000	162
44278000	163
44279000	164
44280000	165
44281000	166
44282000	167
44283000	168
44284000	169
44285000	170
44286000	171
44287000	172
44288000	173
44289000	174
44290000	175
44291000	176
44292000	177
44293000	178
44294000	179
44295000	180
44296000	181
44297000	182
44298000	183
44299000	184
44300000	185
44301000	186
44302000	187
44303000	188
44304000	189
44305000	190
44306000	191
44307000	192
44308000	193
44309000	194
44310000	195
44311000	196
44312000	197
44313000	198
44314000	199
44315000	200
44316000	201
44317000	202
44318000	203
44319000	204
44320000	205
44321000	206
44322000	207
44323000	208
44324000	209
44325000	210
44326000	211
44327000	212
44328000	213
44329000	214
44330000	215
44331000	216
44332000	217
44333000	218
44334000	219
44335000	220
44336000	221
44337000	222
44338000	223
44339000	224
44340000	225
44341000	226
44342000	227
44343000	228
44344000	229
44345000	230
44346000	231
44347000	232
44348000	233
44349000	234
44350000	235
44351000	236
44352000	237
44353000	238
44354000	239
44355000	240
44356000	241
44357000	242
44358000	243
44359000	244
44360000	245
44361000	246
44362000	247
44363000	248
44364000	249
44365000	250
44366000	251
44367000	252
44368000	253
44369000	254
44370000	255
44371000	256
44372000	257
44373000	258
44374000	259
44375000	260
44376000	261
44377000	262
44378000	263
44379000	264
44380000	265
44381000	266
44382000	267
44383000	268
44384000	269
44385000	270
44386000	271
44387000	272
44388000	273
44389000	274
44390000	275
44391000	276
44392000	277
44393000	278
44394000	279
44395000	280
44396000	281
44397000	282
44398000	283
44399000	284
44400000	285
44401000	286
44402000	287
44403000	288
44404000	289
44405000	290
44406000	291
44407000	292
44408000	293
44409000	294
44410000	295
44411000	296
44412000	297
44413000	298
44414000	299
44415000	300
44416000	301
44417000	302
44418000	303
44419000	304
44420000	305
44421000	306
44422000	307
44423000	308
44424000	309
44425000	310
44426000	311
44427000	312
44428000	313
44429000	314
44430000	315
44431000	316
44432000	317
44433000	318
44434000	319
44435000	320
44436000	321
44437000	322
44438000	323
44439000	324
44440000	325
44441000	326
44442000	327
44443000	328
44444000	329
44445000	330
44446000	331
44447000	332
44448000	333
44449000	334
44450000	335
44451000	336
44452000	337
44453000	338
44454000	339
44455000	340
44456000	341
44457000	342
44458000	343
44459000	344
44460000	345
44461000	346
44462000	347
44463000	348
44464000	349
44465000	350
44466000	351
44467000	352
44468000	353
44469000	354
44470000	355
44471000	356
44472000	357
44473000	358
44474000	359
44475000	360
44476000	361
44477000	362
44478000	363
44479000	364
44480000	365
44481000	366
44482000	367
44483000	368
44484000	369
44485000	370
44486000	371
44487000	372
44488000	373
44489000	374
44490000	375
44491000	376
44492000	377
44493000	378
44494000	379
44495000	380
44496000	381
44497000	382
44498000	383
44499000	384
44500000	385
44501000	386
44502000	387
44503000	388
44504000	389
44505000	390
44506000	391
44507000	392
44508000	393
44509000	394
44510000	395
44511000	396
44512000	397
44513000	398
44514000	399
44515000	400
44516000	401
44517000	402
44518000	403
44519000	404
44520000	405
44521000	406
44522000	407
44523000	408
44524000	409
44525000	410
44526000	411
44527000	412
44528000	413
44529000	414
44530000	415
44531000	416
44532000	417
44533000	418
44534000	419
44535000	420
44536000	421
44537000	422
44538000	423
44539000	424
44540000	425
44541000	426
44542000	427
44543000	428
44544000	429
44545000	430
44546000	431
44547000	432
44548000	433
44549000	434
44550000	435
44551000	436
44552000	437
44553000	438
44554000	439
44555000	440
44556000	441
44557000	442
44558000	443
44559000	444
44560000	445
44561000	446
44562000	447
44563000	448
44564000	449
44565000	450
44566000	451
44567000	452
44568000	453
44569000	454
44570000	455
44571000	456
44572000	457
44573000	458
44574000	459
44575000	460
44576000	461
44577000	462
44578000	463
44579000	464
44580000	465
44581000	466
44582000	467
44583000	468
44584000	469
44585000	470
44586000	471
44587000	472
44588000	473
44589000	474
44590000	475
44591000	476
44592000	477
44593000	478
44594000	479
44595000	480
44596000	481
44597000	482
44598000	483
44599000	484
44600000	485
44601000	486
44602000	487
44603000	488
44604000	489
44605000	490
44606000	491
44607000	492
44608000	493
44609000	494
44610000	495
44611000	496
44612000	497
44613000	498
44614000	499
44615000	500
44616000	501
44617000	502
44618000	503
44619000	504
44620000	505
44621000	506
44622000	507
44623000	508
44624000	509
44625000	510
44626000	511
44627000	512
44628000	513
44629000	514
44630000	515
44631000	516
44632000	517
44633000	518
44634000	519
44635000	520
44636000	521
44637000	522
44638000	523
44639000	524
44640000	525
44641000	526
44642000	527
44643000	528
44644000	529
44645000	530
44646000	531
44647000	532
44648000	533
44649000	534
44650000	535
44651000	536
44652000	537
44653000	538
44654000	539
44655000	540
44656000	541
44657000	542
44658000	543
44659000	544
44660000	545
44661000	546
44662000	547
44663000	548
44664000	549
44665000	550
44666000	551
44667000	552
44668000	553
44669000	554
44670000	555
44671000	556
44672000	557
44673000	558
44674000	559
44675000	560
44676000	561
44677000	562
44678000	563
44679000	564
44680000	565
44681000	566
44682000	567
44683000	568
44684000	569
44685000	570
44686000	571
44687000	572
44688000	573
44689000	574
44690000	575
44691000	576
44692000	577
44693000	578
44694000	579
44695000	580
44696000	581
44697000	582
44698000	583
44699000	584
44700000	585
44701000	586
44702000	587
44703000	588
44704000	589
44705000	590
44706000	591
44707000	592
44708000	593
44709000	594
44710000	595
44711000	596
44712000	597
44713000	598
44714000	599
44715000	600
44716000	601
44717000	602
44718000	603
44719000	604
44720000	605
44721000	606
44722000	607
44723000	608
44724000	609
44725000	610
44726000	611
44727000	612
44728000	613
44729000	614
44730000	615
44731000	616
44732000	617
44733000	618
44734000	619
44735000	620
44736000	621
44737000	622
44738000	623
44739000	624
44740000	625
44741000	626
44742000	627
44743000	628
44744000	629
44745000	630
44746000	631
44747000	632
44748000	633
44749000	634
44750000	635
44751000	636
44752000	637
44753000	638
44754000	639
44755000	640
44756000	641
44757000	642
44758000	643
44759000	644
44760000	645
44761000	646
44762000	647
44763000	648
44764000	649
44765000	650
44766000	651
44767000	652
44768000	653
44769000	654
44770000	655
44771000	656
44772000	657
44773000	658
44774000	659
44775000	660
44776000	661
44777000	662
44778000	663
44779000	664
44780000	665
44781000	666
44782000	667
44783000	668
44784000	669
44785000	670
44786000	671
44787000	672
44788000	673
44789000	674
44790000	675
44791000	676
44792000	677
44793000	678
44794000	679
44795000	680
44796000	681
44797000	682
44798000	683
44799000	684
44800000	685
44801000	686
44802000	687
44803000	688
44804000	689
44805000	690
44806000	691
44807000	692
44808000	693
44809000	694
44810000	695
44811000	696
44812000	697
44813000	698
44814000	699
44815000	700
44816000	701
44817000	702
44818000	703
44819000	704
44820000	705
44821000	706
44822000	707
44823000	708
44824000	709
44825000	710
44826000	711
44827000	712
44828000	713
44829000	714
44830000	715
44831000	716
44832000	717
44833000	718
44834000	719
44835000	720
44836000	721
44837000	722
44838000	723
44839000	724
44840000	725
44841000	726
44842000	727
44843000	728
44844000	729
44845000	730
44846000	731
44847000	732
44848000	733
44849000	734
44850000	735
44851000	736
44852000	737
44853000	738
44854000	739
44855000	740
44856000	741
44857000	742
44858000	743
44859000	744
44860000	745
44861000	746
44862000	747
44863000	748
44864000	749
44865000	750
44866000	751
44867000	752
44868000	753
44869000	754
44870000	755
44871000	756
44872000	757
44873000	758
44874000	759
44875000	760
44876000	761
44877000	762
44878000	763
44879000	764
44880000	765
44881000	766
44882000	767
44883000	768
44884000	769
44885000	770
44886000	771
44887000	772
44888000	773
44889000	774
44890000	775
44891000	776
44892000	777
44893000	778
44894000	779
44895000	780
44896000	781
44897000	782
44898000	783
44899000	784
44900000	785
44901000	786
44902000	787
44903000	788
44904000	789
44905000	790
44906000	791
44907000	792
44908000	793
44909000	794
44910000	795
44911000	796
44912000	797
44913000	798
44914000	799
44915000	800
44916000	801
44917000	802
44918000	803
44919000	804
44920000	805
44921000	806
44922000	807
44923000	808
44924000	809
44925000	810
44926000	811
44927000	812
44928000	813
44929000	814
44930000	815
44931000	816
44932000	817
44933000	818
44934000	819
44935000	820
44936000	821
44937000	822
44938000	823
44939000	824
44940000	825
