65340000	0
65345000	1
65350000	2
65355000	3
65360000	4
65365000	5
65370000	6
65375000	7
65380000	8
65385000	9
65390000	10
65395000	11
65400000	12
65405000	13
65410000	14
65415000	15
65420000	16
65425000	17
65430000	18
65435000	19
65440000	20
65445000	21
65450000	22
65455000	23
65460000	24
65465000	25
65470000	26
65475000	27
65480000	28
65485000	29
65490000	30
65495000	31
65500000	32
65505000	33
65510000	34
65515000	35
65520000	36
65525000	37
65530000	38
65535000	39
65540000	40
65545000	41
65550000	42
65555000	43
65560000	44
65565000	45
65570000	46
65575000	47
65580000	48
65585000	49
65590000	50
65595000	51
65600000	52
65605000	53
65610000	54
65615000	55
65620000	56
