21660000	0
21665000	1
21670000	2
21675000	3
21680000	4
21685000	5
21690000	6
21695000	7
21700000	8
21705000	9
21710000	10
21715000	11
21720000	12
21725000	13
21730000	14
21735000	15
21740000	16
21745000	17
21750000	18
21755000	19
21760000	20
21765000	21
21770000	22
21775000	23
21780000	24
21785000	25
21790000	26
21795000	27
21800000	28
21805000	29
21810000	30
21815000	31
21820000	32
21825000	33
21830000	34
21835000	35
21840000	36
21845000	37
21850000	38
21855000	39
21860000	40
21865000	41
21870000	42
21875000	43
21880000	44
21885000	45
21890000	46
21895000	47
21900000	48
21905000	49
21910000	50
21915000	51
21920000	52
21925000	53
21930000	54
21935000	55
21940000	56
21945000	57
21950000	58
21955000	59
21960000	60
21965000	61
21970000	62
21975000	63
21980000	64
21985000	65
21990000	66
21995000	67
22000000	68
22005000	69
22010000	70
22015000	71
22020000	72
22025000	73
22030000	74
22035000	75
22040000	76
