226801000	0
226802000	1
226803000	2
226804000	3
226805000	4
226806000	5
226807000	6
226808000	7
226809000	8
226810000	9
226811000	10
226812000	11
226813000	12
226814000	13
226815000	14
226816000	15
226817000	16
226818000	17
226819000	18
226820000	19
226821000	20
226822000	21
226823000	22
226824000	23
226825000	24
226826000	25
226827000	26
226828000	27
226829000	28
226830000	29
226831000	30
226832000	31
226833000	32
226834000	33
226835000	34
226836000	35
226837000	36
226838000	37
226839000	38
226840000	39
226841000	40
226842000	41
226843000	42
226844000	43
226845000	44
226846000	45
226847000	46
226848000	47
226849000	48
226850000	49
226851000	50
226852000	51
226853000	52
226854000	53
226855000	54
226856000	55
226857000	56
226858000	57
226859000	58
226860000	59
226861000	60
226862000	61
226863000	62
226864000	63
226865000	64
226866000	65
226867000	66
226868000	67
226869000	68
226870000	69
226871000	70
226872000	71
226873000	72
226874000	73
226875000	74
226876000	75
226877000	76
226878000	77
226879000	78
226880000	79
226881000	80
226882000	81
226883000	82
226884000	83
226885000	84
226886000	85
226887000	86
226888000	87
226889000	88
226890000	89
226891000	90
226892000	91
226893000	92
226894000	93
226895000	94
226896000	95
226897000	96
226898000	97
226899000	98
226900000	99
226901000	100
226902000	101
226903000	102
226904000	103
226905000	104
226906000	105
226907000	106
226908000	107
226909000	108
226910000	109
226911000	110
226912000	111
226913000	112
226914000	113
226915000	114
226916000	115
226917000	116
226918000	117
226919000	118
226920000	119
226921000	120
226922000	121
226923000	122
226924000	123
226925000	124
226926000	125
226927000	126
226928000	127
226929000	128
226930000	129
226931000	130
226932000	131
226933000	132
226934000	133
226935000	134
226936000	135
226937000	136
226938000	137
226939000	138
226940000	139
226941000	140
226942000	141
226943000	142
226944000	143
226945000	144
226946000	145
226947000	146
226948000	147
226949000	148
226950000	149
226951000	150
226952000	151
226953000	152
226954000	153
226955000	154
226956000	155
226957000	156
226958000	157
226959000	158
226960000	159
226961000	160
226962000	161
226963000	162
226964000	163
226965000	164
226966000	165
226967000	166
226968000	167
226969000	168
226970000	169
226971000	170
226972000	171
226973000	172
226974000	173
226975000	174
226976000	175
226977000	176
226978000	177
226979000	178
226980000	179
226981000	180
226982000	181
226983000	182
226984000	183
226985000	184
226986000	185
226987000	186
226988000	187
226989000	188
226990000	189
226991000	190
226992000	191
226993000	192
226994000	193
226995000	194
226996000	195
226997000	196
226998000	197
226999000	198
227000000	199
227001000	200
227002000	201
227003000	202
227004000	203
227005000	204
227006000	205
227007000	206
227008000	207
227009000	208
227010000	209
227011000	210
227012000	211
227013000	212
227014000	213
227015000	214
227016000	215
227017000	216
227018000	217
227019000	218
227020000	219
227021000	220
227022000	221
227023000	222
227024000	223
227025000	224
