201815000	0
201820000	1
201825000	2
201830000	3
201835000	4
201840000	5
201845000	6
201850000	7
201855000	8
201860000	9
201865000	10
201870000	11
201875000	12
201880000	13
201885000	14
201890000	15
201895000	16
201900000	17
201905000	18
201910000	19
201915000	20
201920000	21
201925000	22
201930000	23
201935000	24
201940000	25
201945000	26
201950000	27
201955000	28
201960000	29
201965000	30
201970000	31
201975000	32
201980000	33
201985000	34
201990000	35
201995000	36
202000000	37
202005000	38
202010000	39
202015000	40
202020000	41
202025000	42
202030000	43
202035000	44
202040000	45
202045000	46
202050000	47
202055000	48
202060000	49
202065000	50
202070000	51
202075000	52
202080000	53
202085000	54
202090000	55
202095000	56
202100000	57
202105000	58
202110000	59
202115000	60
202120000	61
202125000	62
