41446000	0
41447000	1
41448000	2
41449000	3
41450000	4
41451000	5
41452000	6
41453000	7
41454000	8
41455000	9
41456000	10
41457000	11
41458000	12
41459000	13
41460000	14
41461000	15
41462000	16
41463000	17
41464000	18
41465000	19
41466000	20
41467000	21
41468000	22
41469000	23
41470000	24
41471000	25
41472000	26
41473000	27
41474000	28
41475000	29
41476000	30
41477000	31
41478000	32
41479000	33
41480000	34
41481000	35
41482000	36
41483000	37
41484000	38
41485000	39
41486000	40
41487000	41
41488000	42
41489000	43
41490000	44
41491000	45
41492000	46
41493000	47
41494000	48
41495000	49
41496000	50
41497000	51
41498000	52
41499000	53
41500000	54
41501000	55
41502000	56
41503000	57
41504000	58
41505000	59
41506000	60
41507000	61
41508000	62
41509000	63
