157375000	0
157380000	1
157385000	2
157390000	3
157395000	4
157400000	5
157405000	6
157410000	7
157415000	8
157420000	9
157425000	10
157430000	11
157435000	12
157440000	13
157445000	14
157450000	15
157455000	16
157460000	17
157465000	18
157470000	19
157475000	20
157480000	21
157485000	22
157490000	23
157495000	24
157500000	25
157505000	26
157510000	27
157515000	28
157520000	29
157525000	30
157530000	31
157535000	32
157540000	33
157545000	34
157550000	35
157555000	36
157605000	37
157610000	38
157615000	39
157620000	40
157625000	41
157630000	42
157635000	43
157640000	44
157690000	45
157695000	46
157700000	47
157705000	48
157710000	49
157715000	50
157720000	51
157725000	52
157730000	53
