15240000	0
15245000	1
15250000	2
15255000	3
15260000	4
15265000	5
15270000	6
15275000	7
15280000	8
15285000	9
15290000	10
15295000	11
15300000	12
15305000	13
15310000	14
15315000	15
15320000	16
15325000	17
15330000	18
15335000	19
15340000	20
15345000	21
15350000	22
15355000	23
15360000	24
15365000	25
15370000	26
15375000	27
15380000	28
15385000	29
15390000	30
15395000	31
15400000	32
15405000	33
15410000	34
15415000	35
15420000	36
15425000	37
15430000	38
15435000	39
15440000	40
15445000	41
15450000	42
15455000	43
15460000	44
15465000	45
15470000	46
15475000	47
15480000	48
15485000	49
15490000	50
15495000	51
15500000	52
15505000	53
15510000	54
15515000	55
15520000	56
15525000	57
15530000	58
15535000	59
15540000	60
15545000	61
15550000	62
15555000	63
15560000	64
15565000	65
15570000	66
15575000	67
15580000	68
15585000	69
15590000	70
15595000	71
15600000	72
15605000	73
15610000	74
15615000	75
15620000	76
15625000	77
15630000	78
15635000	79
15640000	80
15645000	81
15650000	82
15655000	83
15660000	84
15665000	85
15670000	86
15675000	87
