196661000	0
196662000	1
196663000	2
196664000	3
196665000	4
196666000	5
196667000	6
196668000	7
196669000	8
196670000	9
196671000	10
196672000	11
196673000	12
196674000	13
196675000	14
196676000	15
196677000	16
196678000	17
196679000	18
196680000	19
196681000	20
196682000	21
196683000	22
196684000	23
196685000	24
196686000	25
196687000	26
196688000	27
196689000	28
196690000	29
196691000	30
196692000	31
196693000	32
196694000	33
196695000	34
196696000	35
196697000	36
196698000	37
196699000	38
196700000	39
196701000	40
196702000	41
196703000	42
196704000	43
196705000	44
196706000	45
196707000	46
196708000	47
196709000	48
196710000	49
196711000	50
196712000	51
196713000	52
196714000	53
196715000	54
196716000	55
196717000	56
196718000	57
196719000	58
196720000	59
196723000	60
196724000	61
196725000	62
196726000	63
196727000	64
196728000	65
196729000	66
196730000	67
196731000	68
196732000	69
196733000	70
196734000	71
196735000	72
196736000	73
196737000	74
196738000	75
196739000	76
196740000	77
196741000	78
196742000	79
196743000	80
196744000	81
196745000	82
196746000	83
196747000	84
196748000	85
196749000	86
196750000	87
196751000	88
196752000	89
196753000	90
196754000	91
196755000	92
196756000	93
196757000	94
196758000	95
196759000	96
196760000	97
196761000	98
196762000	99
196763000	100
196764000	101
196765000	102
196766000	103
196767000	104
196768000	105
196769000	106
196770000	107
196771000	108
196772000	109
196773000	110
196774000	111
196775000	112
196776000	113
196777000	114
196778000	115
196779000	116
196780000	117
196781000	118
196782000	119
196783000	120
196784000	121
196785000	122
196786000	123
196787000	124
196788000	125
196790000	126
196791000	127
196792000	128
196793000	129
196794000	130
196795000	131
196796000	132
196797000	133
196798000	134
196799000	135
196800000	136
196801000	137
196802000	138
196803000	139
196804000	140
196805000	141
196808000	142
196810000	143
196811000	144
196812000	145
196813000	146
196814000	147
196815000	148
196816000	149
196818000	150
196819000	151
196820000	152
196821000	153
196822000	154
196823000	155
196824000	156
196825000	157
196826000	158
196827000	159
196828000	160
196829000	161
196830000	162
196831000	163
196832000	164
196833000	165
196834000	166
196835000	167
196836000	168
196837000	169
196838000	170
196839000	171
196840000	172
196841000	173
196842000	174
196843000	175
196844000	176
196845000	177
196846000	178
196847000	179
196848000	180
196849000	181
196850000	182
196851000	183
196852000	184
196853000	185
196854000	186
196855000	187
196856000	188
196857000	189
196859000	190
196860000	191
196861000	192
196862000	193
196863000	194
196864000	195
196865000	196
196866000	197
196867000	198
196868000	199
196869000	200
196870000	201
196871000	202
196872000	203
196873000	204
196874000	205
196875000	206
196876000	207
196877000	208
196878000	209
196879000	210
196880000	211
196881000	212
196882000	213
196883000	214
196884000	215
196885000	216
196886000	217
196887000	218
196888000	219
196889000	220
196890000	221
196891000	222
196892000	223
196893000	224
196894000	225
196895000	226
196896000	227
196897000	228
196898000	229
196899000	230
196900000	231
196901000	232
196902000	233
196903000	234
196904000	235
196905000	236
196906000	237
196907000	238
196908000	239
196909000	240
196910000	241
196911000	242
196912000	243
196914000	244
196915000	245
196916000	246
196917000	247
196918000	248
196919000	249
196920000	250
196921000	251
196922000	252
196923000	253
196924000	254
196925000	255
196926000	256
196927000	257
196928000	258
196929000	259
196930000	260
196931000	261
196932000	262
196933000	263
196934000	264
196935000	265
196936000	266
196937000	267
196938000	268
196939000	269
196940000	270
196941000	271
196942000	272
196943000	273
196944000	274
196945000	275
196946000	276
196947000	277
196948000	278
196949000	279
196950000	280
196951000	281
196952000	282
196953000	283
196954000	284
196955000	285
196956000	286
196957000	287
196958000	288
196959000	289
196960000	290
196961000	291
196962000	292
196963000	293
196964000	294
196965000	295
196966000	296
196967000	297
196968000	298
196969000	299
196970000	300
196971000	301
196972000	302
196973000	303
196974000	304
196975000	305
196976000	306
196977000	307
196978000	308
196979000	309
196980000	310
196982000	311
196983000	312
196984000	313
196985000	314
196986000	315
196987000	316
196988000	317
196989000	318
196990000	319
196991000	320
196992000	321
196993000	322
196994000	323
196995000	324
196996000	325
196997000	326
196998000	327
196999000	328
197000000	329
197001000	330
197002000	331
197003000	332
197004000	333
197005000	334
197006000	335
197007000	336
197008000	337
197009000	338
197010000	339
197011000	340
197012000	341
197013000	342
197014000	343
197015000	344
197016000	345
197017000	346
197019000	347
197020000	348
197021000	349
197022000	350
197023000	351
197024000	352
197025000	353
197026000	354
197027000	355
197028000	356
197029000	357
197030000	358
197031000	359
197032000	360
197033000	361
197034000	362
197035000	363
197036000	364
197037000	365
197038000	366
197039000	367
197040000	368
197041000	369
197042000	370
197043000	371
197044000	372
197045000	373
197046000	374
197047000	375
197048000	376
197049000	377
197050000	378
197051000	379
197052000	380
197053000	381
197054000	382
197055000	383
197056000	384
197057000	385
197058000	386
197059000	387
197060000	388
197061000	389
197062000	390
197063000	391
197064000	392
197065000	393
197066000	394
197067000	395
197068000	396
197069000	397
197070000	398
197071000	399
197072000	400
197073000	401
197074000	402
197075000	403
197076000	404
197077000	405
197078000	406
197079000	407
197080000	408
197081000	409
197082000	410
197083000	411
197084000	412
197085000	413
197086000	414
197087000	415
197088000	416
197089000	417
197090000	418
197091000	419
197092000	420
197093000	421
197094000	422
197095000	423
197096000	424
197097000	425
197098000	426
197099000	427
197100000	428
197101000	429
197102000	430
197103000	431
197104000	432
197105000	433
197106000	434
197107000	435
197108000	436
197109000	437
197110000	438
197111000	439
197112000	440
197113000	441
197114000	442
197115000	443
197116000	444
197117000	445
197118000	446
197119000	447
197120000	448
197121000	449
197122000	450
197123000	451
197124000	452
197125000	453
197126000	454
197127000	455
197128000	456
197129000	457
197130000	458
197131000	459
197132000	460
197133000	461
197134000	462
197135000	463
197136000	464
197137000	465
197138000	466
197139000	467
197140000	468
197141000	469
197142000	470
197143000	471
197144000	472
