41711000	0
41712000	1
41713000	2
41714000	3
41715000	4
41716000	5
41717000	6
41718000	7
41719000	8
41720000	9
41721000	10
41722000	11
41723000	12
41724000	13
41725000	14
41726000	15
41727000	16
41728000	17
41729000	18
41730000	19
41731000	20
41732000	21
41733000	22
41734000	23
41735000	24
41736000	25
41737000	26
41738000	27
41739000	28
41740000	29
41741000	30
41742000	31
41743000	32
41744000	33
41745000	34
41746000	35
41747000	36
41748000	37
41749000	38
41750000	39
41751000	40
41752000	41
41753000	42
41754000	43
41755000	44
41756000	45
41757000	46
41758000	47
41759000	48
41760000	49
41761000	50
41762000	51
41763000	52
41764000	53
41765000	54
41766000	55
41767000	56
41768000	57
41769000	58
41770000	59
41771000	60
41772000	61
41773000	62
41774000	63
41775000	64
41776000	65
41777000	66
41778000	67
41779000	68
41780000	69
41781000	70
41782000	71
41783000	72
41784000	73
41785000	74
41786000	75
41787000	76
41788000	77
41789000	78
41790000	79
41791000	80
41792000	81
41793000	82
41794000	83
41795000	84
41796000	85
41797000	86
41798000	87
41799000	88
41800000	89
41801000	90
41802000	91
41803000	92
41804000	93
41805000	94
41806000	95
41807000	96
41808000	97
41809000	98
41810000	99
41811000	100
41812000	101
41813000	102
41814000	103
41815000	104
41816000	105
41817000	106
41818000	107
41819000	108
41820000	109
41821000	110
41822000	111
41823000	112
41824000	113
41825000	114
41826000	115
41827000	116
41828000	117
41829000	118
41830000	119
41831000	120
41832000	121
41833000	122
41834000	123
41835000	124
41836000	125
41837000	126
41838000	127
41839000	128
41840000	129
41841000	130
41842000	131
41843000	132
41844000	133
41845000	134
41846000	135
41848000	136
41849000	137
41850000	138
41851000	139
41852000	140
41853000	141
41854000	142
41855000	143
41856000	144
41857000	145
41858000	146
41859000	147
41860000	148
41861000	149
41862000	150
41863000	151
41864000	152
41865000	153
41866000	154
41867000	155
41868000	156
41869000	157
41870000	158
41871000	159
41872000	160
41873000	161
41874000	162
41875000	163
41876000	164
41877000	165
41878000	166
41879000	167
41880000	168
41881000	169
41882000	170
41883000	171
41884000	172
41885000	173
41886000	174
41887000	175
41888000	176
41889000	177
41890000	178
41891000	179
41892000	180
41893000	181
41894000	182
41895000	183
41896000	184
41897000	185
41898000	186
41899000	187
41900000	188
41901000	189
41902000	190
41903000	191
41904000	192
41905000	193
41906000	194
41907000	195
41908000	196
41909000	197
41910000	198
41911000	199
41912000	200
41913000	201
41914000	202
41915000	203
41916000	204
41917000	205
41918000	206
41919000	207
41920000	208
41921000	209
41922000	210
41923000	211
41924000	212
41925000	213
