170910000	0
170915000	1
170920000	2
170925000	3
170930000	4
170935000	5
170940000	6
170945000	7
170950000	8
170955000	9
170960000	10
170965000	11
170970000	12
170975000	13
170980000	14
170985000	15
170990000	16
170995000	17
171000000	18
171005000	19
171010000	20
171015000	21
171020000	22
171025000	23
171030000	24
171035000	25
171040000	26
171045000	27
171050000	28
171055000	29
171060000	30
171065000	31
171070000	32
171075000	33
171080000	34
171085000	35
171090000	36
171095000	37
171100000	38
171105000	39
171110000	40
171115000	41
171120000	42
171125000	43
171130000	44
171135000	45
171140000	46
171145000	47
171150000	48
171155000	49
171160000	50
171165000	51
171170000	52
171175000	53
171180000	54
171185000	55
171190000	56
171195000	57
171200000	58
171205000	59
171210000	60
171215000	61
171220000	62
171225000	63
171230000	64
171235000	65
171240000	66
171245000	67
171250000	68
171255000	69
171260000	70
171265000	71
171270000	72
171275000	73
171280000	74
171285000	75
171290000	76
171295000	77
