179820000	0
179825000	1
179830000	2
179835000	3
179840000	4
179845000	5
179850000	6
179855000	7
179860000	8
179865000	9
179870000	10
179875000	11
179880000	12
179885000	13
179890000	14
179895000	15
179900000	16
179905000	17
179910000	18
179915000	19
179920000	20
179925000	21
179930000	22
179935000	23
179940000	24
179945000	25
179950000	26
179955000	27
179960000	28
179965000	29
179970000	30
179975000	31
179980000	32
179985000	33
179990000	34
179995000	35
180000000	36
180005000	37
180010000	38
180015000	39
180020000	40
180025000	41
180030000	42
180035000	43
180040000	44
180045000	45
180050000	46
180055000	47
180060000	48
180065000	49
180070000	50
180075000	51
180080000	52
180085000	53
180090000	54
180095000	55
180100000	56
180105000	57
180110000	58
180115000	59
180120000	60
180125000	61
180130000	62
180135000	63
180140000	64
180145000	65
180150000	66
180155000	67
180160000	68
180165000	69
180170000	70
180175000	71
180180000	72
180185000	73
180190000	74
180195000	75
180200000	76
180205000	77
180210000	78
180215000	79
