89765000	0
89770000	1
89775000	2
89780000	3
89785000	4
89790000	5
89795000	6
89800000	7
89805000	8
89810000	9
89815000	10
89820000	11
89825000	12
89830000	13
89835000	14
89840000	15
89845000	16
89850000	17
89855000	18
89860000	19
89865000	20
89870000	21
89875000	22
89880000	23
89885000	24
89890000	25
89895000	26
89900000	27
89905000	28
89910000	29
89915000	30
89920000	31
89925000	32
89930000	33
89935000	34
89940000	35
89945000	36
89950000	37
89955000	38
89960000	39
89965000	40
89970000	41
89975000	42
89980000	43
89985000	44
89990000	45
89995000	46
90000000	47
90005000	48
90010000	49
90015000	50
90020000	51
90025000	52
90030000	53
90035000	54
90040000	55
90045000	56
90050000	57
90055000	58
90060000	59
90065000	60
90070000	61
90075000	62
90080000	63
90085000	64
90090000	65
90095000	66
90100000	67
90105000	68
90110000	69
90115000	70
90120000	71
90125000	72
90130000	73
90135000	74
90140000	75
90145000	76
90150000	77
90155000	78
90160000	79
90165000	80
90170000	81
