35105000	0
35110000	1
35115000	2
35120000	3
35125000	4
35130000	5
35135000	6
35140000	7
35145000	8
35150000	9
35155000	10
35160000	11
35165000	12
35170000	13
35175000	14
35180000	15
35185000	16
35190000	17
35195000	18
35200000	19
35205000	20
35210000	21
35215000	22
35220000	23
35225000	24
35230000	25
35235000	26
35240000	27
35245000	28
35250000	29
35255000	30
35260000	31
35265000	32
35270000	33
35275000	34
35280000	35
35285000	36
35290000	37
35295000	38
35300000	39
35305000	40
35310000	41
35315000	42
35320000	43
35325000	44
35330000	45
35335000	46
35340000	47
35345000	48
35350000	49
35355000	50
35360000	51
35365000	52
35370000	53
35375000	54
35380000	55
35385000	56
35390000	57
35395000	58
35400000	59
35405000	60
35410000	61
35415000	62
35420000	63
35425000	64
35430000	65
35435000	66
35440000	67
35445000	68
35450000	69
35455000	70
35460000	71
35465000	72
35470000	73
35475000	74
35480000	75
35485000	76
35490000	77
35495000	78
35500000	79
35505000	80
35510000	81
35515000	82
35520000	83
35525000	84
35530000	85
35535000	86
35540000	87
35545000	88
35550000	89
35555000	90
35560000	91
35565000	92
35570000	93
35575000	94
35580000	95
35585000	96
35590000	97
35595000	98
35600000	99
35605000	100
35610000	101
35615000	102
35620000	103
35625000	104
35630000	105
35635000	106
35640000	107
35645000	108
35650000	109
35655000	110
35660000	111
35665000	112
35670000	113
35675000	114
35680000	115
35685000	116
35690000	117
35695000	118
35700000	119
35705000	120
35710000	121
35715000	122
35720000	123
35725000	124
35730000	125
35735000	126
35740000	127
35745000	128
35750000	129
35755000	130
35760000	131
35765000	132
35770000	133
35775000	134
35780000	135
35785000	136
35790000	137
35795000	138
35800000	139
35805000	140
