22370000	0
22375000	1
22380000	2
22385000	3
22390000	4
22395000	5
22400000	6
22405000	7
22410000	8
22415000	9
22420000	10
22425000	11
22430000	12
22435000	13
22440000	14
22445000	15
22450000	16
22455000	17
22460000	18
22465000	19
22470000	20
22475000	21
22480000	22
22485000	23
22490000	24
22495000	25
22500000	26
22505000	27
22510000	28
22515000	29
22520000	30
22525000	31
22530000	32
22535000	33
22540000	34
22545000	35
22550000	36
22555000	37
22560000	38
22565000	39
22570000	40
22575000	41
22580000	42
22585000	43
22590000	44
22595000	45
22600000	46
22605000	47
22610000	48
22615000	49
22620000	50
22625000	51
22630000	52
22635000	53
22640000	54
22645000	55
22650000	56
22655000	57
22660000	58
22665000	59
22670000	60
22675000	61
22680000	62
22685000	63
22690000	64
22695000	65
22700000	66
22705000	67
