46141000	0
46142000	1
46143000	2
46144000	3
46145000	4
46146000	5
46147000	6
46148000	7
46149000	8
46150000	9
46151000	10
46152000	11
46153000	12
46154000	13
46155000	14
46156000	15
46157000	16
46158000	17
46159000	18
46160000	19
46161000	20
46162000	21
46163000	22
46164000	23
46165000	24
46166000	25
46167000	26
46168000	27
46169000	28
46170000	29
46171000	30
46172000	31
46173000	32
46174000	33
46175000	34
46176000	35
46177000	36
46178000	37
46179000	38
46180000	39
46181000	40
46182000	41
46183000	42
46184000	43
46185000	44
46186000	45
46187000	46
46188000	47
46189000	48
46190000	49
46191000	50
46192000	51
46193000	52
46194000	53
46195000	54
46196000	55
46197000	56
46198000	57
46199000	58
46200000	59
46201000	60
46202000	61
46203000	62
46204000	63
46205000	64
46206000	65
46207000	66
46208000	67
46209000	68
46210000	69
46211000	70
46212000	71
46213000	72
46214000	73
46215000	74
46216000	75
46217000	76
46218000	77
46219000	78
46220000	79
46221000	80
46222000	81
46223000	82
46224000	83
46225000	84
46226000	85
46227000	86
46228000	87
46229000	88
46230000	89
46231000	90
46232000	91
46233000	92
46234000	93
46235000	94
46236000	95
46237000	96
46238000	97
46239000	98
46240000	99
46241000	100
46242000	101
46243000	102
46244000	103
46245000	104
46246000	105
46247000	106
46248000	107
46249000	108
46250000	109
