17290000	0
17295000	1
17300000	2
17305000	3
17310000	4
17315000	5
17320000	6
17325000	7
17330000	8
17335000	9
17340000	10
17345000	11
17350000	12
17355000	13
17360000	14
17365000	15
17370000	16
17375000	17
17380000	18
17385000	19
17390000	20
17395000	21
17400000	22
17405000	23
17410000	24
17415000	25
17420000	26
17425000	27
17430000	28
17435000	29
17440000	30
17445000	31
17450000	32
17455000	33
17460000	34
17465000	35
17470000	36
17475000	37
17480000	38
17485000	39
17490000	40
17495000	41
17500000	42
17505000	43
17510000	44
17515000	45
17520000	46
17525000	47
17530000	48
17535000	49
17540000	50
17545000	51
17550000	52
17555000	53
17560000	54
17565000	55
17570000	56
17575000	57
17580000	58
17585000	59
17590000	60
17595000	61
17600000	62
17605000	63
17610000	64
17615000	65
17620000	66
17625000	67
17630000	68
17635000	69
17640000	70
17645000	71
17650000	72
17655000	73
17660000	74
17665000	75
17670000	76
17675000	77
17680000	78
17685000	79
17690000	80
17695000	81
17700000	82
17705000	83
17710000	84
17715000	85
17720000	86
17725000	87
17730000	88
17735000	89
17740000	90
17745000	91
17750000	92
17755000	93
17760000	94
17765000	95
17770000	96
17775000	97
17780000	98
17785000	99
17790000	100
17795000	101
17800000	102
17805000	103
17810000	104
17815000	105
17820000	106
17825000	107
17830000	108
17835000	109
17840000	110
17845000	111
17850000	112
17855000	113
17860000	114
17865000	115
17870000	116
17875000	117
17880000	118
17885000	119
17890000	120
17895000	121
17900000	122
17905000	123
17910000	124
17915000	125
17920000	126
17925000	127
17930000	128
17935000	129
17940000	130
17945000	131
17950000	132
17955000	133
17960000	134
17965000	135
17970000	136
17975000	137
17980000	138
17985000	139
17990000	140
17995000	141
18000000	142
18005000	143
18010000	144
18015000	145
18020000	146
18025000	147
18030000	148
18035000	149
18040000	150
18045000	151
18050000	152
18055000	153
18060000	154
18065000	155
18070000	156
18075000	157
18080000	158
18085000	159
18090000	160
18095000	161
18100000	162
18105000	163
18110000	164
18115000	165
18120000	166
18125000	167
18130000	168
18135000	169
18140000	170
18145000	171
18150000	172
18155000	173
18160000	174
18165000	175
18170000	176
18175000	177
18180000	178
18185000	179
18190000	180
18195000	181
18200000	182
18205000	183
18210000	184
18215000	185
18220000	186
18225000	187
18230000	188
18235000	189
18240000	190
18245000	191
18250000	192
18255000	193
18260000	194
18265000	195
18270000	196
18275000	197
18280000	198
18285000	199
18290000	200
18295000	201
18300000	202
18305000	203
18310000	204
18315000	205
18320000	206
18325000	207
18330000	208
18335000	209
18340000	210
18345000	211
18350000	212
18355000	213
18360000	214
18365000	215
18370000	216
18375000	217
18380000	218
18385000	219
18390000	220
18395000	221
18400000	222
18405000	223
18410000	224
18415000	225
