22745000	0
22750000	1
22755000	2
22760000	3
22765000	4
22770000	5
22775000	6
22780000	7
22785000	8
22790000	9
22795000	10
22800000	11
22805000	12
22810000	13
22815000	14
22820000	15
22825000	16
22830000	17
22835000	18
22840000	19
22845000	20
22850000	21
22855000	22
22860000	23
22865000	24
22870000	25
22875000	26
22880000	27
22885000	28
22890000	29
22895000	30
22900000	31
22905000	32
22910000	33
22915000	34
22920000	35
22925000	36
22930000	37
22935000	38
22940000	39
22945000	40
22950000	41
22955000	42
22960000	43
22965000	44
22970000	45
22975000	46
22980000	47
22985000	48
22990000	49
22995000	50
23000000	51
23005000	52
23010000	53
23015000	54
23020000	55
23025000	56
23030000	57
23035000	58
23040000	59
23045000	60
23050000	61
23055000	62
23060000	63
23065000	64
23070000	65
23075000	66
23080000	67
23085000	68
23090000	69
23095000	70
23100000	71
23105000	72
23110000	73
23115000	74
23120000	75
23125000	76
23130000	77
23135000	78
23140000	79
23145000	80
23150000	81
23155000	82
23160000	83
23165000	84
23170000	85
23175000	86
23180000	87
23185000	88
23190000	89
23195000	90
23200000	91
23205000	92
23210000	93
23215000	94
23220000	95
23225000	96
23230000	97
23235000	98
23240000	99
23245000	100
23250000	101
23255000	102
23260000	103
23265000	104
23270000	105
23275000	106
23280000	107
23285000	108
23290000	109
23295000	110
23300000	111
23305000	112
23310000	113
23315000	114
23320000	115
23325000	116
23330000	117
23335000	118
23340000	119
23345000	120
23350000	121
23355000	122
23360000	123
23365000	124
23370000	125
23375000	126
23380000	127
23385000	128
23390000	129
23395000	130
23400000	131
23405000	132
23410000	133
23415000	134
23420000	135
23425000	136
23430000	137
23435000	138
23440000	139
23445000	140
23450000	141
23455000	142
23460000	143
23465000	144
23470000	145
23475000	146
23480000	147
23485000	148
23490000	149
23495000	150
23500000	151
23505000	152
23510000	153
23515000	154
23520000	155
23525000	156
23530000	157
23535000	158
23540000	159
23545000	160
23550000	161
23555000	162
23560000	163
23565000	164
23570000	165
23575000	166
23580000	167
23585000	168
23590000	169
23595000	170
23600000	171
23605000	172
23610000	173
23615000	174
23620000	175
23625000	176
23630000	177
23635000	178
23640000	179
23645000	180
23650000	181
23655000	182
23660000	183
23665000	184
23670000	185
23675000	186
23680000	187
23685000	188
23690000	189
23695000	190
23700000	191
23705000	192
23710000	193
23715000	194
23720000	195
23725000	196
23730000	197
23735000	198
23740000	199
23745000	200
23750000	201
23755000	202
23760000	203
23765000	204
23770000	205
23775000	206
23780000	207
23785000	208
23790000	209
23795000	210
23800000	211
23805000	212
23810000	213
23815000	214
23820000	215
23825000	216
23830000	217
23835000	218
23840000	219
23845000	220
23850000	221
23855000	222
23860000	223
23865000	224
23870000	225
23875000	226
23880000	227
23885000	228
23890000	229
23895000	230
23900000	231
23905000	232
23910000	233
23915000	234
23920000	235
23925000	236
23930000	237
23935000	238
23940000	239
23945000	240
23950000	241
23955000	242
23960000	243
23965000	244
23970000	245
23975000	246
23980000	247
23985000	248
23990000	249
23995000	250
24000000	251
24005000	252
24010000	253
24015000	254
24020000	255
24025000	256
24030000	257
24035000	258
24040000	259
24045000	260
24050000	261
24055000	262
24060000	263
24065000	264
24070000	265
24075000	266
24080000	267
24085000	268
24090000	269
24095000	270
24100000	271
24105000	272
24110000	273
24115000	274
24120000	275
24125000	276
24130000	277
24135000	278
24140000	279
24145000	280
24150000	281
24155000	282
24160000	283
24165000	284
24170000	285
24175000	286
24180000	287
24185000	288
24190000	289
24195000	290
24200000	291
24205000	292
24210000	293
24215000	294
24220000	295
24225000	296
24230000	297
24235000	298
24240000	299
24245000	300
24250000	301
24255000	302
24260000	303
24265000	304
24270000	305
24275000	306
24280000	307
24285000	308
24290000	309
24295000	310
24300000	311
24305000	312
24310000	313
24315000	314
24320000	315
24325000	316
24330000	317
24335000	318
24340000	319
24345000	320
24350000	321
24355000	322
24360000	323
24365000	324
24370000	325
24375000	326
24380000	327
24385000	328
24390000	329
24395000	330
24400000	331
24405000	332
24410000	333
24415000	334
24420000	335
24425000	336
24430000	337
24435000	338
24440000	339
24445000	340
24450000	341
24455000	342
24460000	343
24465000	344
24470000	345
24475000	346
24480000	347
24485000	348
24490000	349
24495000	350
24500000	351
24505000	352
24510000	353
24515000	354
24520000	355
