4460000	0
4465000	1
4470000	2
4475000	3
4480000	4
4485000	5
4490000	6
4495000	7
4500000	8
4505000	9
4510000	10
4515000	11
4520000	12
4525000	13
4530000	14
4535000	15
4540000	16
4545000	17
4550000	18
4555000	19
4560000	20
4565000	21
4570000	22
4575000	23
4580000	24
4585000	25
4590000	26
4595000	27
4600000	28
4605000	29
4610000	30
4615000	31
4620000	32
4625000	33
4630000	34
4635000	35
4640000	36
4645000	37
4650000	38
4655000	39
4660000	40
4665000	41
4670000	42
4675000	43
4680000	44
4685000	45
4690000	46
4695000	47
4700000	48
4705000	49
4710000	50
4715000	51
4720000	52
4725000	53
4730000	54
4735000	55
4740000	56
4745000	57
4750000	58
4755000	59
4760000	60
4765000	61
4770000	62
4775000	63
4780000	64
4785000	65
4790000	66
4795000	67
4800000	68
4805000	69
4810000	70
4815000	71
4820000	72
4825000	73
4830000	74
4835000	75
4840000	76
4845000	77
4850000	78
4855000	79
4860000	80
4865000	81
4870000	82
4875000	83
4880000	84
4885000	85
4890000	86
4895000	87
4900000	88
4905000	89
4910000	90
4915000	91
4920000	92
4925000	93
4930000	94
4935000	95
4940000	96
4945000	97
4950000	98
4955000	99
4960000	100
4965000	101
4970000	102
4975000	103
4980000	104
4985000	105
