36860000	0
36865000	1
36870000	2
36875000	3
36880000	4
36885000	5
36890000	6
36895000	7
36900000	8
36905000	9
36910000	10
36915000	11
36920000	12
36925000	13
36930000	14
36935000	15
36940000	16
36945000	17
36950000	18
36955000	19
36960000	20
36965000	21
36970000	22
36975000	23
36980000	24
36985000	25
36990000	26
36995000	27
37000000	28
37005000	29
37010000	30
37015000	31
37020000	32
37025000	33
37030000	34
37035000	35
37040000	36
37045000	37
37050000	38
37055000	39
37060000	40
37065000	41
37070000	42
37075000	43
37080000	44
37085000	45
37090000	46
37095000	47
37100000	48
37105000	49
37110000	50
37115000	51
37120000	52
37125000	53
37130000	54
37135000	55
37140000	56
37145000	57
37150000	58
37155000	59
37160000	60
37165000	61
37170000	62
37175000	63
37180000	64
37185000	65
37190000	66
37195000	67
37200000	68
37205000	69
37210000	70
37215000	71
37220000	72
37225000	73
37230000	74
37235000	75
37240000	76
37245000	77
37250000	78
37255000	79
37260000	80
37265000	81
37270000	82
37275000	83
37280000	84
37285000	85
37290000	86
37295000	87
37300000	88
37305000	89
37310000	90
37315000	91
37320000	92
37325000	93
37330000	94
37335000	95
37340000	96
37345000	97
37350000	98
37355000	99
37360000	100
37365000	101
37370000	102
37375000	103
37380000	104
37385000	105
37390000	106
37395000	107
37400000	108
37405000	109
37410000	110
37415000	111
