16391000	0
16392000	1
16393000	2
16394000	3
16395000	4
16396000	5
16397000	6
16398000	7
16399000	8
16400000	9
16401000	10
16402000	11
16403000	12
16404000	13
16405000	14
16406000	15
16407000	16
16408000	17
16409000	18
16410000	19
16411000	20
16412000	21
16413000	22
16414000	23
16415000	24
16416000	25
16417000	26
16418000	27
16419000	28
16420000	29
16421000	30
16422000	31
16423000	32
16424000	33
16425000	34
16426000	35
16427000	36
16428000	37
16429000	38
16430000	39
16431000	40
16432000	41
16433000	42
16434000	43
16435000	44
16436000	45
16437000	46
16438000	47
16439000	48
16440000	49
16441000	50
16442000	51
16443000	52
16444000	53
16445000	54
16446000	55
16447000	56
16448000	57
16449000	58
16450000	59
16451000	60
16452000	61
16453000	62
16454000	63
16455000	64
16456000	65
16457000	66
16458000	67
16459000	68
16460000	69
16461000	70
16462000	71
16463000	72
16464000	73
16465000	74
16466000	75
16467000	76
16468000	77
16469000	78
16470000	79
16471000	80
16472000	81
16473000	82
16474000	83
16475000	84
16476000	85
16477000	86
16478000	87
16479000	88
16480000	89
16481000	90
16482000	91
16483000	92
16484000	93
16485000	94
16486000	95
16487000	96
16488000	97
16489000	98
16490000	99
16491000	100
16492000	101
16493000	102
16494000	103
16495000	104
16496000	105
16497000	106
16498000	107
16499000	108
16500000	109
16501000	110
16502000	111
16503000	112
16504000	113
16505000	114
16506000	115
16507000	116
16508000	117
16509000	118
16510000	119
16511000	120
16512000	121
16513000	122
16514000	123
16515000	124
16516000	125
16517000	126
16518000	127
16519000	128
16520000	129
