98080000	0
98085000	1
98090000	2
98095000	3
98100000	4
98105000	5
98110000	6
98115000	7
98120000	8
98125000	9
98130000	10
98135000	11
98140000	12
98145000	13
98150000	14
98155000	15
98160000	16
98165000	17
98170000	18
98175000	19
98180000	20
98185000	21
98190000	22
98195000	23
98200000	24
98205000	25
98210000	26
98215000	27
98220000	28
98225000	29
98230000	30
98235000	31
98240000	32
98245000	33
98250000	34
98255000	35
98260000	36
98265000	37
98270000	38
98275000	39
98280000	40
98285000	41
98290000	42
98295000	43
