119750000	0
119755000	1
119760000	2
119765000	3
119770000	4
119775000	5
119780000	6
119785000	7
119790000	8
119795000	9
119800000	10
119805000	11
119810000	12
119815000	13
119820000	14
119825000	15
119830000	16
119835000	17
119840000	18
119845000	19
119850000	20
119855000	21
119860000	22
119865000	23
119870000	24
119875000	25
119880000	26
119885000	27
119890000	28
119895000	29
119900000	30
119905000	31
119910000	32
119915000	33
119920000	34
119925000	35
119930000	36
119935000	37
119940000	38
119945000	39
119950000	40
119955000	41
119960000	42
119965000	43
119970000	44
119975000	45
119980000	46
119985000	47
119990000	48
119995000	49
120000000	50
120005000	51
120010000	52
120015000	53
120020000	54
120025000	55
120030000	56
120035000	57
120040000	58
120045000	59
120050000	60
120055000	61
120060000	62
120065000	63
120070000	64
120075000	65
120080000	66
120085000	67
120090000	68
