197351000	0
197352000	1
197353000	2
197354000	3
197355000	4
197356000	5
197357000	6
197358000	7
197359000	8
197360000	9
197361000	10
197362000	11
197363000	12
197364000	13
197365000	14
197366000	15
197368000	16
197369000	17
197370000	18
197371000	19
197372000	20
197373000	21
197374000	22
197375000	23
197376000	24
197377000	25
197378000	26
197379000	27
197380000	28
197381000	29
197382000	30
197383000	31
197384000	32
197385000	33
197386000	34
197387000	35
197388000	36
197389000	37
197390000	38
197391000	39
197392000	40
197393000	41
197394000	42
197395000	43
197396000	44
197397000	45
197398000	46
197399000	47
197400000	48
197401000	49
197402000	50
197403000	51
197404000	52
197405000	53
197406000	54
197407000	55
197408000	56
197409000	57
197410000	58
197411000	59
197412000	60
197413000	61
197414000	62
197415000	63
197416000	64
197417000	65
197418000	66
197419000	67
197420000	68
197421000	69
197422000	70
197423000	71
197424000	72
197425000	73
197426000	74
197427000	75
197428000	76
197429000	77
197430000	78
197431000	79
197432000	80
197433000	81
197434000	82
197435000	83
197436000	84
197437000	85
197438000	86
197439000	87
197440000	88
197441000	89
197442000	90
197443000	91
197444000	92
197445000	93
197446000	94
197447000	95
197448000	96
197449000	97
197450000	98
197451000	99
197452000	100
197453000	101
197454000	102
197455000	103
197456000	104
197457000	105
197458000	106
197459000	107
197460000	108
197461000	109
197462000	110
197463000	111
197464000	112
197465000	113
197466000	114
197467000	115
197468000	116
197469000	117
197470000	118
197471000	119
197472000	120
197473000	121
197474000	122
197475000	123
197476000	124
197477000	125
197478000	126
197479000	127
197480000	128
197481000	129
197482000	130
197483000	131
197484000	132
197485000	133
197486000	134
197487000	135
197488000	136
197489000	137
