79470000	0
79475000	1
79480000	2
79485000	3
79490000	4
79495000	5
79500000	6
79505000	7
79510000	8
79515000	9
79520000	10
79525000	11
79530000	12
79535000	13
79540000	14
79545000	15
79550000	16
79555000	17
79560000	18
79565000	19
79570000	20
79575000	21
79580000	22
79585000	23
79590000	24
79595000	25
79600000	26
79605000	27
79610000	28
79615000	29
79620000	30
79625000	31
79630000	32
79635000	33
79640000	34
79645000	35
79650000	36
79655000	37
79660000	38
79665000	39
79670000	40
79675000	41
79680000	42
79685000	43
79690000	44
79695000	45
79700000	46
79705000	47
79710000	48
79715000	49
79720000	50
79725000	51
79730000	52
79735000	53
79740000	54
79745000	55
79750000	56
79755000	57
79760000	58
79765000	59
79770000	60
79775000	61
79780000	62
79785000	63
79790000	64
79795000	65
79800000	66
