221040000	0
221041000	1
221042000	2
221043000	3
221044000	4
221045000	5
221046000	6
221047000	7
221048000	8
221049000	9
221050000	10
221051000	11
221052000	12
221053000	13
221054000	14
221055000	15
221056000	16
221057000	17
221058000	18
221059000	19
221060000	20
221061000	21
221062000	22
221063000	23
221064000	24
221065000	25
221066000	26
221067000	27
221068000	28
221069000	29
221070000	30
221071000	31
221072000	32
221073000	33
221074000	34
221075000	35
221076000	36
221077000	37
221078000	38
221079000	39
221080000	40
221081000	41
221082000	42
221083000	43
221084000	44
221085000	45
221086000	46
221087000	47
221088000	48
221089000	49
221090000	50
221091000	51
221092000	52
221093000	53
221094000	54
221095000	55
221096000	56
221097000	57
221098000	58
221099000	59
221100000	60
221101000	61
221102000	62
221103000	63
221104000	64
221105000	65
221106000	66
221107000	67
221108000	68
221109000	69
221110000	70
221111000	71
221112000	72
221113000	73
221114000	74
221115000	75
221116000	76
221117000	77
221118000	78
221119000	79
221120000	80
221121000	81
221122000	82
221123000	83
221124000	84
221125000	85
221126000	86
221127000	87
221128000	88
221129000	89
221130000	90
221131000	91
221132000	92
221133000	93
221134000	94
221135000	95
221136000	96
221137000	97
221138000	98
221139000	99
221140000	100
221141000	101
221142000	102
221143000	103
221144000	104
221145000	105
221146000	106
221147000	107
221148000	108
221149000	109
221150000	110
221151000	111
221152000	112
221153000	113
221154000	114
221155000	115
221156000	116
221157000	117
221158000	118
221159000	119
221160000	120
221161000	121
221162000	122
221163000	123
221164000	124
221165000	125
221166000	126
221167000	127
221168000	128
221169000	129
221170000	130
221171000	131
221172000	132
221173000	133
221174000	134
221175000	135
221176000	136
221177000	137
221178000	138
221179000	139
221180000	140
221181000	141
221182000	142
221183000	143
221184000	144
221185000	145
221186000	146
221187000	147
221188000	148
221189000	149
221190000	150
221191000	151
221192000	152
221193000	153
221194000	154
221195000	155
221196000	156
221197000	157
221198000	158
221199000	159
221200000	160
221201000	161
221202000	162
221203000	163
221204000	164
221205000	165
221206000	166
221207000	167
221208000	168
221209000	169
221210000	170
221211000	171
221212000	172
221213000	173
221214000	174
221215000	175
221216000	176
221217000	177
221218000	178
221219000	179
221220000	180
221221000	181
221222000	182
221223000	183
221224000	184
221225000	185
221226000	186
221227000	187
221228000	188
221229000	189
221230000	190
221231000	191
221232000	192
221233000	193
221234000	194
221235000	195
221236000	196
221237000	197
221238000	198
221239000	199
221240000	200
221241000	201
221242000	202
221243000	203
221244000	204
221245000	205
221246000	206
221247000	207
221248000	208
221249000	209
221250000	210
221251000	211
221252000	212
221253000	213
221254000	214
221255000	215
221256000	216
221257000	217
221258000	218
221259000	219
221260000	220
221261000	221
221262000	222
221263000	223
221264000	224
221265000	225
221266000	226
221267000	227
221268000	228
221269000	229
221270000	230
221271000	231
221272000	232
221273000	233
221274000	234
221275000	235
221276000	236
221277000	237
221278000	238
221279000	239
221280000	240
221281000	241
221282000	242
221283000	243
221284000	244
221285000	245
221286000	246
221287000	247
221288000	248
221289000	249
221290000	250
221291000	251
221292000	252
221293000	253
221294000	254
221295000	255
221296000	256
221297000	257
221298000	258
221299000	259
221300000	260
221301000	261
221302000	262
221303000	263
221304000	264
221305000	265
221306000	266
221307000	267
221308000	268
221309000	269
221310000	270
221311000	271
221312000	272
221313000	273
221314000	274
221315000	275
221316000	276
221317000	277
221318000	278
221319000	279
221320000	280
221321000	281
221322000	282
221323000	283
221324000	284
221325000	285
221326000	286
221327000	287
221328000	288
221329000	289
221330000	290
221331000	291
221332000	292
221333000	293
221334000	294
221335000	295
221336000	296
221337000	297
221338000	298
221339000	299
221340000	300
221341000	301
221342000	302
221343000	303
221344000	304
221345000	305
221346000	306
221347000	307
221348000	308
221349000	309
221350000	310
221351000	311
221352000	312
221353000	313
221354000	314
221355000	315
221356000	316
221357000	317
221358000	318
221359000	319
221360000	320
221361000	321
221362000	322
221363000	323
221364000	324
221365000	325
221366000	326
221367000	327
221368000	328
221369000	329
221370000	330
221371000	331
221372000	332
221373000	333
221374000	334
221375000	335
221376000	336
221377000	337
221378000	338
221379000	339
221380000	340
221381000	341
221382000	342
221383000	343
221384000	344
221385000	345
221386000	346
221387000	347
221388000	348
221389000	349
221390000	350
221391000	351
221392000	352
221393000	353
221394000	354
221395000	355
