140670000	0
140675000	1
140680000	2
140685000	3
140690000	4
140695000	5
140700000	6
140705000	7
140710000	8
140715000	9
140720000	10
140725000	11
140730000	12
140735000	13
140740000	14
140745000	15
140750000	16
140755000	17
140760000	18
140765000	19
140770000	20
140775000	21
140780000	22
140785000	23
140790000	24
140795000	25
140800000	26
140805000	27
140810000	28
140815000	29
140820000	30
140825000	31
140830000	32
140835000	33
140840000	34
140845000	35
140850000	36
140855000	37
140860000	38
140865000	39
140870000	40
140875000	41
140880000	42
140885000	43
140890000	44
140895000	45
140900000	46
140905000	47
140910000	48
140915000	49
140920000	50
140925000	51
140930000	52
140935000	53
140940000	54
140945000	55
140950000	56
140955000	57
140960000	58
140965000	59
140970000	60
140975000	61
140980000	62
140985000	63
140990000	64
140995000	65
141000000	66
141005000	67
141010000	68
141015000	69
141020000	70
141025000	71
141030000	72
141035000	73
141040000	74
141045000	75
141050000	76
141055000	77
141060000	78
141065000	79
141070000	80
141075000	81
141080000	82
141085000	83
141090000	84
141095000	85
141100000	86
141105000	87
141110000	88
141115000	89
141120000	90
141125000	91
141130000	92
141135000	93
141140000	94
141145000	95
141150000	96
141155000	97
141160000	98
141165000	99
141170000	100
141175000	101
141180000	102
141185000	103
141190000	104
141195000	105
141200000	106
141205000	107
141210000	108
141215000	109
141220000	110
141225000	111
141230000	112
141235000	113
141240000	114
141245000	115
141250000	116
141255000	117
141260000	118
141265000	119
141270000	120
141275000	121
141280000	122
141285000	123
141290000	124
141295000	125
141300000	126
141305000	127
141310000	128
141315000	129
141320000	130
141325000	131
141330000	132
141335000	133
141340000	134
141345000	135
141350000	136
141355000	137
141360000	138
141365000	139
141370000	140
141375000	141
141380000	142
141385000	143
141390000	144
141395000	145
141400000	146
141405000	147
141410000	148
141415000	149
141420000	150
141425000	151
