71070000	0
71071000	1
71072000	2
71073000	3
71074000	4
71075000	5
71076000	6
71077000	7
71078000	8
71079000	9
71080000	10
71081000	11
71082000	12
71083000	13
71084000	14
71085000	15
71086000	16
71087000	17
71088000	18
71089000	19
71090000	20
71091000	21
71092000	22
71093000	23
71094000	24
71095000	25
71096000	26
71097000	27
71098000	28
71099000	29
71100000	30
71101000	31
71102000	32
71103000	33
71104000	34
71105000	35
71106000	36
71107000	37
71108000	38
71109000	39
71110000	40
71111000	41
71112000	42
71114000	43
71115000	44
71116000	45
71117000	46
71118000	47
71119000	48
71120000	49
71121000	50
71122000	51
71123000	52
71124000	53
71125000	54
71126000	55
71127000	56
71128000	57
71129000	58
71130000	59
71131000	60
71132000	61
71133000	62
71134000	63
71135000	64
71136000	65
71137000	66
71138000	67
71139000	68
71140000	69
71141000	70
71142000	71
71143000	72
71144000	73
71145000	74
71146000	75
71147000	76
71148000	77
71149000	78
71150000	79
71151000	80
71152000	81
71153000	82
71154000	83
71155000	84
71156000	85
71157000	86
71158000	87
71159000	88
71160000	89
71161000	90
71162000	91
71163000	92
71164000	93
71165000	94
71166000	95
71167000	96
71168000	97
71169000	98
71170000	99
71171000	100
71172000	101
71173000	102
71174000	103
71175000	104
71176000	105
71177000	106
71178000	107
71179000	108
71180000	109
71181000	110
71182000	111
71183000	112
71184000	113
71185000	114
71186000	115
71187000	116
71188000	117
71189000	118
71190000	119
71191000	120
71192000	121
71193000	122
71194000	123
71195000	124
71196000	125
71197000	126
71198000	127
71199000	128
71200000	129
71201000	130
71202000	131
71203000	132
71204000	133
71205000	134
71206000	135
71207000	136
71208000	137
71209000	138
71210000	139
71211000	140
71212000	141
71213000	142
71214000	143
71215000	144
71216000	145
71217000	146
71218000	147
71219000	148
71220000	149
71221000	150
71222000	151
71223000	152
71224000	153
71225000	154
71226000	155
71227000	156
71228000	157
71229000	158
71230000	159
71231000	160
71232000	161
71233000	162
71234000	163
71235000	164
71236000	165
71237000	166
71238000	167
71239000	168
71240000	169
71241000	170
71242000	171
71243000	172
71244000	173
71245000	174
71246000	175
71247000	176
71248000	177
71249000	178
71250000	179
71251000	180
71252000	181
71253000	182
71254000	183
71255000	184
71256000	185
71257000	186
71258000	187
71259000	188
71260000	189
71261000	190
71262000	191
71263000	192
71264000	193
71265000	194
71266000	195
71267000	196
71268000	197
71269000	198
71270000	199
71271000	200
71272000	201
71273000	202
71274000	203
71275000	204
71276000	205
71277000	206
71278000	207
71279000	208
71281000	209
71282000	210
71283000	211
71284000	212
71285000	213
71286000	214
71287000	215
71288000	216
71289000	217
71290000	218
71291000	219
71292000	220
71293000	221
71294000	222
71295000	223
71296000	224
71297000	225
71298000	226
71299000	227
71300000	228
71301000	229
71302000	230
71303000	231
71304000	232
71305000	233
71306000	234
71307000	235
71308000	236
71309000	237
71310000	238
71311000	239
71312000	240
71313000	241
71314000	242
71315000	243
71316000	244
71317000	245
71318000	246
71319000	247
71320000	248
71321000	249
71322000	250
71323000	251
71324000	252
71325000	253
71326000	254
71327000	255
71328000	256
71329000	257
71330000	258
71331000	259
71332000	260
71333000	261
71334000	262
71335000	263
71336000	264
71337000	265
71338000	266
71339000	267
71340000	268
71341000	269
71342000	270
71343000	271
71344000	272
71345000	273
71346000	274
71347000	275
71348000	276
71349000	277
71350000	278
71351000	279
71352000	280
71353000	281
71354000	282
71355000	283
71356000	284
71357000	285
71358000	286
71359000	287
71360000	288
71361000	289
71362000	290
71363000	291
71364000	292
71365000	293
71366000	294
71367000	295
71368000	296
71369000	297
71370000	298
71371000	299
71372000	300
71373000	301
71374000	302
71375000	303
71376000	304
71377000	305
71378000	306
71379000	307
71380000	308
71381000	309
71382000	310
71383000	311
71384000	312
71385000	313
71386000	314
71387000	315
71388000	316
71389000	317
71390000	318
71391000	319
71392000	320
71393000	321
71394000	322
71395000	323
71396000	324
71397000	325
71398000	326
71399000	327
71400000	328
71401000	329
71402000	330
71403000	331
71404000	332
71405000	333
71406000	334
71407000	335
71408000	336
71409000	337
71410000	338
71411000	339
71412000	340
71413000	341
71414000	342
71415000	343
71416000	344
71417000	345
71418000	346
71419000	347
71420000	348
71421000	349
71422000	350
71423000	351
71424000	352
71425000	353
71426000	354
71427000	355
71428000	356
71429000	357
71430000	358
71431000	359
71432000	360
71433000	361
71434000	362
71435000	363
71436000	364
71437000	365
71438000	366
71439000	367
71440000	368
71441000	369
71442000	370
71443000	371
71444000	372
71445000	373
71446000	374
71447000	375
71448000	376
71449000	377
71450000	378
71451000	379
71452000	380
71453000	381
71454000	382
71455000	383
71456000	384
71457000	385
71458000	386
71459000	387
71460000	388
71461000	389
71462000	390
71463000	391
71464000	392
71465000	393
71466000	394
71467000	395
71468000	396
71469000	397
71470000	398
71471000	399
71472000	400
71473000	401
71474000	402
71475000	403
71476000	404
71477000	405
71478000	406
71479000	407
71480000	408
71481000	409
71482000	410
71483000	411
71484000	412
71485000	413
71486000	414
71487000	415
71488000	416
71489000	417
71490000	418
71491000	419
71492000	420
71493000	421
71494000	422
71495000	423
71496000	424
71497000	425
71498000	426
71499000	427
71500000	428
71501000	429
71502000	430
71503000	431
71504000	432
71505000	433
71506000	434
71507000	435
71508000	436
71509000	437
71510000	438
71511000	439
71512000	440
71513000	441
71514000	442
71515000	443
71516000	444
71517000	445
71518000	446
71519000	447
71520000	448
71521000	449
71522000	450
71523000	451
71524000	452
71525000	453
