31490000	0
31495000	1
31500000	2
31505000	3
31510000	4
31515000	5
31520000	6
31525000	7
31530000	8
31535000	9
31540000	10
31545000	11
31550000	12
31555000	13
31560000	14
31565000	15
31570000	16
31575000	17
31580000	18
31585000	19
31590000	20
31595000	21
31600000	22
31605000	23
31610000	24
31615000	25
31620000	26
31625000	27
31630000	28
31635000	29
31640000	30
31645000	31
31650000	32
31655000	33
31660000	34
31665000	35
31670000	36
31675000	37
31680000	38
31685000	39
31690000	40
31695000	41
31700000	42
31705000	43
31710000	44
31715000	45
31720000	46
31725000	47
31730000	48
31735000	49
31740000	50
31745000	51
31750000	52
31755000	53
31760000	54
31765000	55
31770000	56
31775000	57
31780000	58
31785000	59
31790000	60
31795000	61
31800000	62
31805000	63
31810000	64
31815000	65
31820000	66
31825000	67
