9540000	0
9545000	1
9550000	2
9555000	3
9560000	4
9565000	5
9570000	6
9575000	7
9580000	8
9585000	9
9590000	10
9595000	11
9600000	12
9605000	13
9610000	14
9615000	15
9620000	16
9625000	17
9630000	18
9635000	19
9640000	20
9645000	21
9650000	22
9655000	23
9660000	24
9665000	25
9670000	26
9675000	27
9680000	28
9685000	29
9690000	30
9695000	31
9700000	32
9705000	33
9710000	34
9715000	35
9720000	36
9725000	37
9730000	38
9735000	39
9740000	40
9745000	41
9750000	42
9755000	43
9760000	44
9765000	45
9770000	46
9775000	47
9780000	48
9785000	49
9790000	50
9795000	51
9800000	52
9805000	53
9810000	54
9815000	55
9820000	56
9825000	57
9830000	58
9835000	59
9840000	60
9845000	61
