81350000	0
81355000	1
81360000	2
81365000	3
81370000	4
81375000	5
81380000	6
81385000	7
81390000	8
81395000	9
81400000	10
81405000	11
81410000	12
81415000	13
81420000	14
81425000	15
81430000	16
81435000	17
81440000	18
81445000	19
81450000	20
81455000	21
81460000	22
81465000	23
81470000	24
81475000	25
81480000	26
81485000	27
81490000	28
81495000	29
81500000	30
81505000	31
81510000	32
81515000	33
81520000	34
81525000	35
81530000	36
81535000	37
81540000	38
81545000	39
81550000	40
81555000	41
81560000	42
81565000	43
81570000	44
81575000	45
81580000	46
81585000	47
81590000	48
81595000	49
81600000	50
81605000	51
81610000	52
81615000	53
81620000	54
81625000	55
81630000	56
81635000	57
81640000	58
81645000	59
81650000	60
81655000	61
81660000	62
81665000	63
81670000	64
81675000	65
81680000	66
81685000	67
81690000	68
81695000	69
81700000	70
81705000	71
81710000	72
81715000	73
81720000	74
81725000	75
81730000	76
81735000	77
81740000	78
81745000	79
81750000	80
81755000	81
81760000	82
81765000	83
81770000	84
81775000	85
81780000	86
81785000	87
81790000	88
81795000	89
81800000	90
81805000	91
81810000	92
81815000	93
81820000	94
81825000	95
81830000	96
81835000	97
81840000	98
81845000	99
81850000	100
81855000	101
81860000	102
81865000	103
81870000	104
81875000	105
81880000	106
81885000	107
81890000	108
81895000	109
81900000	110
81905000	111
81910000	112
81915000	113
81920000	114
81925000	115
81930000	116
81935000	117
81940000	118
81945000	119
81950000	120
81955000	121
81960000	122
81965000	123
81970000	124
81975000	125
81980000	126
81985000	127
81990000	128
81995000	129
82000000	130
82005000	131
82010000	132
82015000	133
