31245000	0
31250000	1
31255000	2
31260000	3
31265000	4
31270000	5
31275000	6
31280000	7
31285000	8
31290000	9
31295000	10
31300000	11
31305000	12
31310000	13
31315000	14
31320000	15
31325000	16
31330000	17
31335000	18
31340000	19
31345000	20
31350000	21
31355000	22
31360000	23
31365000	24
31370000	25
31375000	26
31380000	27
31385000	28
31390000	29
31395000	30
31400000	31
31405000	32
31410000	33
31415000	34
31420000	35
31425000	36
31430000	37
31435000	38
31440000	39
31445000	40
31450000	41
31455000	42
31460000	43
31465000	44
31470000	45
31475000	46
31480000	47
31485000	48
31490000	49
31495000	50
31500000	51
31505000	52
31510000	53
31515000	54
31520000	55
31525000	56
31530000	57
31535000	58
31540000	59
31545000	60
31550000	61
31555000	62
31560000	63
31565000	64
31570000	65
31575000	66
31580000	67
31585000	68
31590000	69
31595000	70
31600000	71
31605000	72
31610000	73
31615000	74
31620000	75
31625000	76
31630000	77
31635000	78
31640000	79
31645000	80
31650000	81
31655000	82
31660000	83
31665000	84
31670000	85
31675000	86
31680000	87
31685000	88
31690000	89
31695000	90
31700000	91
31705000	92
31710000	93
31715000	94
31720000	95
31725000	96
31730000	97
31735000	98
31740000	99
31745000	100
31750000	101
31755000	102
31760000	103
31765000	104
31770000	105
31775000	106
31780000	107
31785000	108
31790000	109
31795000	110
31800000	111
31805000	112
31810000	113
31815000	114
31820000	115
31825000	116
31830000	117
31835000	118
31840000	119
31845000	120
31850000	121
31855000	122
31860000	123
31865000	124
31870000	125
31875000	126
31880000	127
31885000	128
31890000	129
31895000	130
31900000	131
31905000	132
31910000	133
31915000	134
31920000	135
31925000	136
31930000	137
31935000	138
31940000	139
31945000	140
31950000	141
31955000	142
31960000	143
31965000	144
31970000	145
31975000	146
31980000	147
31985000	148
31990000	149
31995000	150
32000000	151
32005000	152
32010000	153
32015000	154
32020000	155
32025000	156
32030000	157
32035000	158
32040000	159
32045000	160
32050000	161
32055000	162
32060000	163
32065000	164
32070000	165
32075000	166
32080000	167
32085000	168
32090000	169
32095000	170
32100000	171
32105000	172
32110000	173
32115000	174
32120000	175
32125000	176
32130000	177
32135000	178
32140000	179
32145000	180
32150000	181
32155000	182
32160000	183
32165000	184
32170000	185
32175000	186
32180000	187
32185000	188
32190000	189
32195000	190
32200000	191
32205000	192
32210000	193
32215000	194
32220000	195
32225000	196
32230000	197
32235000	198
32240000	199
32245000	200
32250000	201
32255000	202
32260000	203
32265000	204
32270000	205
32275000	206
32280000	207
32285000	208
32290000	209
32295000	210
32300000	211
32305000	212
32310000	213
32315000	214
32320000	215
32325000	216
32330000	217
32335000	218
32340000	219
32345000	220
32350000	221
32355000	222
32360000	223
32365000	224
32370000	225
32375000	226
32380000	227
32385000	228
32390000	229
32395000	230
32400000	231
32405000	232
32410000	233
32415000	234
32420000	235
32425000	236
32430000	237
32435000	238
32440000	239
32445000	240
32450000	241
32455000	242
