46375000	0
46380000	1
46385000	2
46390000	3
46395000	4
46400000	5
46405000	6
46410000	7
46415000	8
46420000	9
46425000	10
46430000	11
46435000	12
46440000	13
46445000	14
46450000	15
46455000	16
46460000	17
46465000	18
46470000	19
46475000	20
46480000	21
46485000	22
46490000	23
46495000	24
46500000	25
46505000	26
46510000	27
46515000	28
46520000	29
46525000	30
46530000	31
46535000	32
46540000	33
46545000	34
46550000	35
46555000	36
46560000	37
46565000	38
46570000	39
46575000	40
46580000	41
46585000	42
46590000	43
46595000	44
46600000	45
46605000	46
46610000	47
46615000	48
46620000	49
46625000	50
46630000	51
46635000	52
46640000	53
46645000	54
46650000	55
46655000	56
46660000	57
46665000	58
46670000	59
46675000	60
46680000	61
46685000	62
46690000	63
46695000	64
46700000	65
46705000	66
46710000	67
46715000	68
46720000	69
46725000	70
46730000	71
46735000	72
46740000	73
46745000	74
46750000	75
46755000	76
46760000	77
46765000	78
46770000	79
46775000	80
46780000	81
46785000	82
46790000	83
46795000	84
46800000	85
46805000	86
46810000	87
46815000	88
46820000	89
46825000	90
46830000	91
46835000	92
46840000	93
46845000	94
46850000	95
46855000	96
46860000	97
46865000	98
46870000	99
46875000	100
46880000	101
46885000	102
46890000	103
46895000	104
46900000	105
46905000	106
46910000	107
46915000	108
46920000	109
46925000	110
46930000	111
46935000	112
46940000	113
46945000	114
46950000	115
46955000	116
