124260000	0
124265000	1
124270000	2
124275000	3
124280000	4
124285000	5
124290000	6
124295000	7
124300000	8
124305000	9
124310000	10
124315000	11
124320000	12
124325000	13
124330000	14
124335000	15
124340000	16
124345000	17
124350000	18
124355000	19
124360000	20
124365000	21
124370000	22
124375000	23
124380000	24
124385000	25
124390000	26
124395000	27
124400000	28
124405000	29
124410000	30
124415000	31
124420000	32
124425000	33
124430000	34
124435000	35
124440000	36
124445000	37
124450000	38
124455000	39
124460000	40
124465000	41
124470000	42
124475000	43
124480000	44
124485000	45
124490000	46
124495000	47
124500000	48
124505000	49
124510000	50
124515000	51
