214335000	0
214340000	1
214345000	2
214350000	3
214355000	4
214360000	5
214365000	6
214370000	7
214375000	8
214380000	9
214385000	10
214390000	11
214395000	12
214400000	13
214405000	14
214410000	15
214415000	16
214420000	17
214425000	18
214430000	19
214435000	20
214440000	21
214445000	22
214450000	23
214455000	24
214460000	25
214465000	26
214470000	27
214475000	28
214480000	29
214485000	30
214490000	31
214495000	32
214500000	33
214505000	34
214510000	35
214515000	36
214520000	37
214525000	38
214530000	39
214535000	40
214540000	41
214545000	42
214550000	43
214555000	44
214560000	45
214565000	46
214570000	47
214575000	48
214580000	49
214585000	50
214590000	51
214595000	52
214600000	53
214605000	54
214610000	55
214615000	56
214620000	57
214625000	58
214630000	59
214635000	60
214640000	61
214645000	62
214650000	63
214655000	64
214660000	65
214665000	66
214670000	67
214675000	68
214680000	69
214685000	70
214690000	71
214695000	72
214700000	73
214705000	74
214710000	75
214715000	76
214720000	77
214725000	78
214730000	79
214735000	80
214740000	81
214745000	82
214750000	83
214755000	84
214760000	85
214765000	86
214770000	87
214775000	88
214780000	89
214785000	90
214790000	91
214795000	92
214800000	93
214805000	94
214810000	95
214815000	96
214820000	97
214825000	98
214830000	99
214835000	100
214840000	101
214845000	102
214850000	103
