52255000	0
52260000	1
52265000	2
52270000	3
52275000	4
52280000	5
52285000	6
52290000	7
52295000	8
52300000	9
52305000	10
52310000	11
52315000	12
52320000	13
52325000	14
52330000	15
52335000	16
52340000	17
52345000	18
52350000	19
52355000	20
52360000	21
52365000	22
52370000	23
52375000	24
52380000	25
52385000	26
52390000	27
52395000	28
52400000	29
52405000	30
52410000	31
52415000	32
52420000	33
52425000	34
52430000	35
52435000	36
52440000	37
52445000	38
52450000	39
52455000	40
52460000	41
52465000	42
52470000	43
52475000	44
52480000	45
52485000	46
52490000	47
52495000	48
52500000	49
52505000	50
52510000	51
52515000	52
52520000	53
52525000	54
