117080000	0
117085000	1
117090000	2
117095000	3
117100000	4
117105000	5
117110000	6
117115000	7
117120000	8
117125000	9
117130000	10
117135000	11
117140000	12
117145000	13
117150000	14
117155000	15
117160000	16
117165000	17
117170000	18
117175000	19
117180000	20
117185000	21
117190000	22
117195000	23
117200000	24
117205000	25
117210000	26
117215000	27
117220000	28
117225000	29
117230000	30
117235000	31
117240000	32
117245000	33
117250000	34
117255000	35
117260000	36
117265000	37
117270000	38
117275000	39
117280000	40
117285000	41
117290000	42
117295000	43
117300000	44
117305000	45
117310000	46
117315000	47
117320000	48
117325000	49
117330000	50
117335000	51
117340000	52
117345000	53
117350000	54
117355000	55
117360000	56
117365000	57
117370000	58
117375000	59
