21535000	0
21540000	1
21545000	2
21550000	3
21555000	4
21560000	5
21565000	6
21570000	7
21575000	8
21580000	9
21585000	10
21590000	11
21595000	12
21600000	13
21605000	14
21610000	15
21615000	16
21620000	17
21625000	18
21630000	19
21635000	20
21640000	21
21645000	22
21650000	23
21655000	24
21660000	25
21665000	26
21670000	27
21675000	28
21680000	29
21685000	30
21690000	31
21695000	32
21700000	33
21705000	34
21710000	35
21715000	36
21720000	37
21725000	38
21730000	39
21735000	40
21740000	41
21745000	42
21750000	43
21755000	44
21760000	45
21765000	46
21770000	47
21775000	48
21780000	49
21785000	50
21790000	51
21795000	52
21800000	53
21805000	54
21810000	55
21815000	56
21820000	57
21825000	58
21830000	59
21835000	60
21840000	61
21845000	62
21850000	63
21855000	64
21860000	65
21865000	66
21870000	67
21875000	68
21880000	69
21885000	70
21890000	71
21895000	72
21900000	73
21905000	74
21910000	75
21915000	76
21920000	77
21925000	78
21930000	79
21935000	80
21940000	81
21945000	82
21950000	83
21955000	84
21960000	85
21965000	86
21970000	87
21975000	88
21980000	89
21985000	90
21990000	91
