121105000	0
121106000	1
121107000	2
121108000	3
121109000	4
121110000	5
121111000	6
121112000	7
121113000	8
121114000	9
121115000	10
121116000	11
121117000	12
121118000	13
121119000	14
121120000	15
121121000	16
121122000	17
121123000	18
121124000	19
121125000	20
121126000	21
121127000	22
121128000	23
121129000	24
121130000	25
121131000	26
121132000	27
121133000	28
121134000	29
121135000	30
121136000	31
121137000	32
121138000	33
121139000	34
121140000	35
121141000	36
121142000	37
121143000	38
121144000	39
121145000	40
121146000	41
121147000	42
121148000	43
121149000	44
121150000	45
121151000	46
121152000	47
121153000	48
121154000	49
121155000	50
121156000	51
121157000	52
121158000	53
121159000	54
121160000	55
121161000	56
121162000	57
121163000	58
121164000	59
121165000	60
121166000	61
121167000	62
121168000	63
121169000	64
121170000	65
121171000	66
121172000	67
121173000	68
121174000	69
121175000	70
121176000	71
121177000	72
121178000	73
121179000	74
121180000	75
121181000	76
121182000	77
121183000	78
121184000	79
121185000	80
121186000	81
121187000	82
121188000	83
121189000	84
121190000	85
121191000	86
121192000	87
121193000	88
121194000	89
121195000	90
121196000	91
121197000	92
121198000	93
121199000	94
121200000	95
121201000	96
121202000	97
121203000	98
121204000	99
121205000	100
121206000	101
121207000	102
121208000	103
121209000	104
121210000	105
121211000	106
121212000	107
121213000	108
121214000	109
121215000	110
121216000	111
121217000	112
121218000	113
121219000	114
121220000	115
121221000	116
121222000	117
121223000	118
121224000	119
121225000	120
121226000	121
121227000	122
121228000	123
121229000	124
121230000	125
121231000	126
121232000	127
121233000	128
121234000	129
121235000	130
121236000	131
121237000	132
121238000	133
121239000	134
121240000	135
121241000	136
121242000	137
121243000	138
121244000	139
121245000	140
121246000	141
121247000	142
121248000	143
121249000	144
121250000	145
121251000	146
121252000	147
121253000	148
121254000	149
121255000	150
121256000	151
121257000	152
121258000	153
121259000	154
121260000	155
121261000	156
121262000	157
121263000	158
121264000	159
121265000	160
121266000	161
121267000	162
121268000	163
121269000	164
121270000	165
121271000	166
121272000	167
121273000	168
121274000	169
121275000	170
121276000	171
121277000	172
121278000	173
121279000	174
121280000	175
121281000	176
121282000	177
121283000	178
121284000	179
121285000	180
121286000	181
121287000	182
121288000	183
121289000	184
121290000	185
121291000	186
121292000	187
121293000	188
121294000	189
121295000	190
121296000	191
121297000	192
121298000	193
121299000	194
121300000	195
121301000	196
121302000	197
121303000	198
121304000	199
121305000	200
121306000	201
121307000	202
121308000	203
121309000	204
121310000	205
121311000	206
121312000	207
121313000	208
121314000	209
121315000	210
121316000	211
121317000	212
121318000	213
121319000	214
121320000	215
121321000	216
121322000	217
121323000	218
121324000	219
121325000	220
121326000	221
121327000	222
121328000	223
121329000	224
121330000	225
121331000	226
121332000	227
121333000	228
121334000	229
121335000	230
121336000	231
121337000	232
121338000	233
121339000	234
121340000	235
121341000	236
121342000	237
121343000	238
121344000	239
121345000	240
121346000	241
121347000	242
121348000	243
121349000	244
121350000	245
121351000	246
121352000	247
121353000	248
121354000	249
121355000	250
121356000	251
121357000	252
121358000	253
121359000	254
121360000	255
121361000	256
121362000	257
121363000	258
121364000	259
121365000	260
121366000	261
121367000	262
121368000	263
121369000	264
121370000	265
121371000	266
121372000	267
121373000	268
121374000	269
121375000	270
121376000	271
121377000	272
121378000	273
121379000	274
121380000	275
121381000	276
121382000	277
121383000	278
121384000	279
121385000	280
121386000	281
121387000	282
121388000	283
121389000	284
121390000	285
121391000	286
121392000	287
121393000	288
121394000	289
121395000	290
121396000	291
121397000	292
121398000	293
121399000	294
121400000	295
121401000	296
121402000	297
121403000	298
121404000	299
121405000	300
121406000	301
121407000	302
121408000	303
121409000	304
121410000	305
121411000	306
121412000	307
121413000	308
121414000	309
121415000	310
121416000	311
121417000	312
121418000	313
121419000	314
121420000	315
121421000	316
121422000	317
121423000	318
121424000	319
121425000	320
121426000	321
121427000	322
121428000	323
121429000	324
121430000	325
121431000	326
121432000	327
121433000	328
121434000	329
121435000	330
121436000	331
121437000	332
121438000	333
121439000	334
121440000	335
121441000	336
121442000	337
121443000	338
121444000	339
121445000	340
121446000	341
121447000	342
121448000	343
121449000	344
121450000	345
121451000	346
121452000	347
121453000	348
121454000	349
121455000	350
121456000	351
121457000	352
121458000	353
121459000	354
121460000	355
121461000	356
121462000	357
121463000	358
121464000	359
121465000	360
121466000	361
121467000	362
121468000	363
121469000	364
121470000	365
121471000	366
121472000	367
121473000	368
121474000	369
121475000	370
121476000	371
121477000	372
121478000	373
121479000	374
121480000	375
121481000	376
121482000	377
121483000	378
121484000	379
121485000	380
121486000	381
121487000	382
121488000	383
121489000	384
121490000	385
