44165000	0
44170000	1
44175000	2
44180000	3
44185000	4
44190000	5
44195000	6
44200000	7
44205000	8
44210000	9
44215000	10
44220000	11
44225000	12
44230000	13
44235000	14
44240000	15
44245000	16
44250000	17
44255000	18
44260000	19
44265000	20
44270000	21
44275000	22
44280000	23
44285000	24
44290000	25
44295000	26
44300000	27
44305000	28
44310000	29
44315000	30
44320000	31
44325000	32
44330000	33
44335000	34
44340000	35
44345000	36
44350000	37
44355000	38
44360000	39
44365000	40
44370000	41
44375000	42
44380000	43
44385000	44
44390000	45
44395000	46
44400000	47
44405000	48
44410000	49
44415000	50
44420000	51
44425000	52
44430000	53
44435000	54
44440000	55
44445000	56
44450000	57
44455000	58
44460000	59
44465000	60
44470000	61
44475000	62
44480000	63
44485000	64
44490000	65
44495000	66
44500000	67
44505000	68
44510000	69
44515000	70
44520000	71
44525000	72
44530000	73
44535000	74
44540000	75
44545000	76
44550000	77
44555000	78
44560000	79
44565000	80
44570000	81
44575000	82
44580000	83
44585000	84
44590000	85
44595000	86
44600000	87
44605000	88
44610000	89
44615000	90
44620000	91
44625000	92
44630000	93
44635000	94
44640000	95
44645000	96
44650000	97
44655000	98
44660000	99
44665000	100
44670000	101
44675000	102
44680000	103
44685000	104
44690000	105
44695000	106
44700000	107
44705000	108
44710000	109
44715000	110
44720000	111
44725000	112
44730000	113
44735000	114
44740000	115
44745000	116
44750000	117
44755000	118
44760000	119
44765000	120
44770000	121
44775000	122
44780000	123
44785000	124
44790000	125
44795000	126
44800000	127
44805000	128
44810000	129
44815000	130
44820000	131
44825000	132
44830000	133
44835000	134
44840000	135
44845000	136
44850000	137
44855000	138
44860000	139
44865000	140
44870000	141
44875000	142
44880000	143
44885000	144
44890000	145
44895000	146
