19190000	0
19195000	1
19200000	2
19205000	3
19210000	4
19215000	5
19220000	6
19225000	7
19230000	8
19235000	9
19240000	10
19245000	11
19250000	12
19255000	13
19260000	14
19265000	15
19270000	16
19275000	17
19280000	18
19285000	19
19290000	20
19295000	21
19300000	22
19305000	23
19310000	24
19315000	25
19320000	26
19325000	27
19330000	28
19335000	29
19340000	30
19345000	31
19350000	32
19355000	33
19360000	34
19365000	35
19370000	36
19375000	37
19380000	38
19385000	39
19390000	40
19395000	41
19400000	42
19405000	43
19410000	44
19415000	45
19420000	46
19425000	47
19430000	48
19435000	49
19440000	50
19445000	51
19450000	52
19455000	53
19460000	54
19465000	55
19470000	56
19475000	57
19480000	58
19485000	59
19490000	60
19495000	61
19500000	62
19505000	63
19510000	64
19515000	65
19520000	66
19525000	67
19530000	68
19535000	69
19540000	70
19545000	71
19550000	72
19555000	73
19560000	74
19565000	75
19570000	76
19575000	77
19580000	78
19585000	79
19590000	80
19595000	81
19600000	82
19605000	83
19610000	84
19615000	85
19620000	86
19625000	87
19630000	88
19635000	89
19640000	90
19645000	91
19650000	92
19655000	93
19660000	94
