160355000	0
160360000	1
160365000	2
160370000	3
160375000	4
160380000	5
160385000	6
160390000	7
160395000	8
160400000	9
160405000	10
160410000	11
160415000	12
160420000	13
160425000	14
160430000	15
160435000	16
160440000	17
160445000	18
160450000	19
160455000	20
160460000	21
160465000	22
160470000	23
160475000	24
160480000	25
160485000	26
160490000	27
160495000	28
160500000	29
160505000	30
160510000	31
160515000	32
160520000	33
160525000	34
160530000	35
160535000	36
160540000	37
160545000	38
160550000	39
160555000	40
160560000	41
160565000	42
160570000	43
160575000	44
160580000	45
160585000	46
160590000	47
160595000	48
160600000	49
160605000	50
160610000	51
160615000	52
160620000	53
160625000	54
160630000	55
160635000	56
