17585000	0
17590000	1
17595000	2
17600000	3
17605000	4
17610000	5
17615000	6
17620000	7
17625000	8
17630000	9
17635000	10
17640000	11
17645000	12
17650000	13
17655000	14
17660000	15
17665000	16
17670000	17
17675000	18
17680000	19
17685000	20
17690000	21
17695000	22
17700000	23
17705000	24
17710000	25
17715000	26
17720000	27
17725000	28
17730000	29
17735000	30
17740000	31
17745000	32
17750000	33
17755000	34
17760000	35
17765000	36
17770000	37
17775000	38
17780000	39
17785000	40
17790000	41
17795000	42
17800000	43
17805000	44
17810000	45
17815000	46
17820000	47
17825000	48
17830000	49
17835000	50
17840000	51
17845000	52
