44536000	0
44537000	1
44538000	2
44539000	3
44540000	4
44541000	5
44542000	6
44543000	7
44544000	8
44545000	9
44546000	10
44547000	11
44548000	12
44549000	13
44550000	14
44551000	15
44552000	16
44553000	17
44554000	18
44555000	19
44556000	20
44557000	21
44558000	22
44559000	23
44560000	24
44561000	25
44562000	26
44563000	27
44564000	28
44565000	29
44566000	30
44567000	31
44568000	32
44569000	33
44570000	34
44571000	35
44572000	36
44573000	37
44574000	38
44575000	39
44576000	40
44577000	41
44578000	42
44579000	43
44580000	44
44581000	45
44582000	46
44583000	47
44584000	48
44585000	49
44586000	50
44587000	51
44588000	52
44589000	53
44590000	54
44591000	55
44592000	56
44593000	57
44594000	58
44595000	59
44596000	60
44597000	61
44598000	62
44599000	63
44600000	64
44601000	65
44602000	66
44603000	67
44604000	68
44605000	69
44606000	70
44607000	71
44608000	72
44609000	73
44610000	74
44611000	75
44612000	76
44613000	77
44614000	78
44615000	79
44616000	80
44617000	81
44618000	82
44619000	83
44620000	84
44621000	85
44622000	86
44623000	87
44624000	88
44625000	89
44626000	90
44627000	91
44628000	92
44629000	93
44630000	94
44631000	95
44632000	96
44633000	97
44634000	98
44635000	99
44636000	100
44637000	101
44638000	102
44639000	103
44640000	104
44641000	105
44642000	106
44643000	107
44644000	108
44645000	109
44646000	110
44647000	111
44648000	112
44649000	113
44650000	114
44651000	115
44652000	116
44653000	117
44654000	118
44655000	119
44656000	120
44657000	121
44658000	122
44659000	123
44660000	124
44661000	125
44662000	126
44663000	127
44664000	128
44665000	129
44666000	130
44667000	131
44668000	132
44669000	133
44670000	134
44671000	135
44672000	136
44673000	137
44674000	138
44675000	139
44676000	140
44677000	141
44678000	142
44679000	143
44680000	144
44681000	145
44682000	146
44683000	147
44684000	148
44685000	149
44686000	150
44687000	151
44688000	152
44689000	153
44690000	154
44691000	155
44692000	156
44693000	157
44694000	158
44695000	159
44696000	160
44697000	161
44698000	162
44699000	163
44700000	164
44701000	165
44702000	166
44703000	167
44704000	168
44705000	169
44706000	170
44707000	171
44708000	172
44709000	173
44710000	174
44711000	175
44712000	176
44713000	177
44714000	178
44715000	179
44716000	180
44717000	181
44718000	182
44719000	183
44720000	184
44721000	185
44722000	186
44723000	187
44724000	188
44725000	189
44726000	190
44727000	191
44728000	192
44729000	193
44730000	194
44731000	195
44732000	196
44733000	197
44734000	198
44735000	199
44736000	200
44737000	201
44738000	202
44739000	203
44740000	204
44741000	205
44742000	206
44743000	207
44744000	208
44745000	209
44746000	210
44747000	211
44748000	212
44749000	213
44750000	214
44751000	215
44752000	216
44753000	217
44754000	218
44755000	219
44756000	220
44757000	221
44758000	222
44759000	223
44760000	224
44761000	225
44762000	226
44763000	227
44764000	228
44765000	229
44766000	230
44767000	231
44768000	232
44769000	233
44770000	234
44771000	235
44772000	236
44773000	237
44774000	238
44775000	239
44776000	240
44777000	241
44778000	242
44779000	243
44780000	244
44781000	245
44782000	246
44783000	247
44784000	248
44785000	249
44786000	250
44787000	251
44788000	252
44789000	253
44790000	254
44791000	255
44792000	256
44793000	257
44794000	258
44795000	259
44796000	260
44797000	261
44798000	262
44799000	263
44800000	264
44801000	265
44802000	266
44803000	267
44804000	268
44805000	269
44806000	270
44807000	271
44808000	272
44809000	273
44810000	274
44811000	275
44812000	276
44813000	277
44814000	278
44815000	279
44816000	280
44817000	281
44818000	282
44819000	283
44820000	284
44821000	285
44822000	286
44823000	287
44824000	288
44825000	289
44826000	290
44827000	291
44828000	292
44829000	293
44830000	294
44831000	295
44832000	296
44833000	297
44834000	298
44835000	299
44836000	300
44837000	301
44838000	302
44839000	303
44840000	304
44841000	305
44842000	306
44843000	307
44844000	308
44845000	309
44846000	310
44847000	311
44848000	312
44849000	313
44850000	314
44851000	315
44852000	316
44853000	317
44854000	318
44855000	319
44856000	320
44857000	321
44858000	322
44859000	323
44860000	324
44861000	325
44862000	326
44863000	327
44864000	328
44865000	329
44866000	330
44867000	331
44868000	332
44869000	333
44870000	334
44871000	335
44872000	336
44873000	337
44874000	338
44875000	339
44876000	340
44877000	341
44878000	342
44879000	343
44880000	344
44881000	345
44882000	346
44883000	347
44884000	348
44885000	349
44886000	350
44887000	351
44888000	352
44889000	353
44890000	354
44891000	355
44892000	356
44893000	357
44894000	358
44895000	359
44896000	360
44897000	361
44898000	362
44899000	363
44900000	364
44901000	365
44902000	366
44903000	367
44904000	368
44905000	369
44906000	370
44907000	371
44908000	372
44909000	373
44910000	374
44911000	375
44912000	376
44913000	377
44914000	378
44915000	379
44916000	380
44917000	381
44918000	382
44919000	383
44920000	384
44921000	385
44922000	386
44923000	387
44924000	388
44925000	389
44926000	390
44927000	391
44928000	392
44929000	393
44930000	394
44931000	395
44932000	396
44933000	397
44934000	398
44935000	399
44936000	400
44937000	401
44938000	402
44939000	403
44940000	404
44941000	405
44942000	406
44943000	407
44944000	408
44945000	409
44946000	410
44947000	411
44948000	412
44949000	413
44950000	414
44951000	415
44952000	416
44953000	417
44954000	418
44955000	419
44956000	420
44957000	421
44958000	422
44959000	423
44960000	424
44961000	425
44962000	426
44963000	427
44964000	428
44965000	429
44966000	430
44967000	431
44968000	432
44969000	433
44970000	434
44971000	435
44972000	436
44973000	437
44974000	438
44975000	439
44976000	440
44977000	441
44978000	442
44979000	443
44980000	444
44981000	445
44982000	446
44983000	447
44984000	448
44985000	449
44986000	450
44987000	451
44988000	452
44989000	453
44990000	454
44991000	455
44992000	456
44993000	457
44994000	458
44995000	459
44996000	460
44997000	461
44998000	462
44999000	463
45000000	464
45001000	465
45002000	466
45003000	467
45004000	468
45005000	469
45006000	470
45007000	471
45008000	472
45009000	473
45010000	474
45011000	475
45012000	476
45013000	477
45014000	478
45015000	479
45016000	480
45017000	481
45018000	482
45019000	483
45020000	484
45021000	485
45022000	486
45023000	487
45024000	488
45025000	489
45026000	490
45027000	491
45028000	492
45029000	493
45030000	494
45031000	495
45032000	496
45033000	497
45034000	498
45035000	499
45036000	500
45037000	501
45038000	502
45039000	503
45040000	504
45041000	505
45042000	506
45043000	507
45044000	508
45045000	509
45046000	510
45047000	511
45048000	512
45049000	513
45050000	514
45051000	515
45052000	516
45053000	517
45054000	518
45055000	519
45056000	520
45057000	521
45058000	522
45059000	523
45060000	524
45061000	525
45062000	526
45063000	527
45064000	528
45065000	529
45066000	530
45067000	531
45068000	532
45069000	533
45070000	534
45071000	535
45072000	536
45073000	537
45074000	538
45075000	539
45076000	540
45077000	541
45078000	542
45079000	543
45080000	544
45081000	545
45082000	546
45083000	547
45084000	548
45085000	549
45086000	550
45087000	551
45088000	552
45089000	553
45090000	554
45091000	555
45092000	556
45093000	557
45094000	558
45095000	559
45096000	560
45097000	561
45098000	562
45099000	563
45100000	564
45101000	565
45102000	566
45103000	567
45104000	568
45105000	569
45106000	570
45107000	571
45108000	572
45109000	573
45110000	574
45111000	575
45112000	576
45113000	577
45114000	578
45115000	579
45116000	580
45117000	581
45118000	582
45119000	583
45120000	584
45121000	585
45122000	586
45123000	587
45124000	588
45125000	589
45126000	590
45127000	591
45128000	592
45129000	593
45130000	594
