127775000	0
127780000	1
127785000	2
127790000	3
127795000	4
127800000	5
127805000	6
127810000	7
127815000	8
127820000	9
127825000	10
127830000	11
127835000	12
127840000	13
127845000	14
127850000	15
127855000	16
127860000	17
127865000	18
127870000	19
127875000	20
127880000	21
127885000	22
127890000	23
127895000	24
127900000	25
127905000	26
127910000	27
127915000	28
127920000	29
127925000	30
127930000	31
127935000	32
127940000	33
127945000	34
127950000	35
127955000	36
127960000	37
127965000	38
127970000	39
127975000	40
127980000	41
127985000	42
127990000	43
127995000	44
128000000	45
128005000	46
128010000	47
128015000	48
128020000	49
128025000	50
128030000	51
128035000	52
128040000	53
128045000	54
128050000	55
128055000	56
128060000	57
128065000	58
128070000	59
128075000	60
128080000	61
128085000	62
128090000	63
128095000	64
128100000	65
128105000	66
128110000	67
128115000	68
128120000	69
128125000	70
128130000	71
128135000	72
128140000	73
128145000	74
128150000	75
128155000	76
128160000	77
128165000	78
128170000	79
128175000	80
128180000	81
128185000	82
128190000	83
128195000	84
128200000	85
128205000	86
128210000	87
128215000	88
128220000	89
128225000	90
128230000	91
128235000	92
128240000	93
128245000	94
128250000	95
128255000	96
128260000	97
128265000	98
128270000	99
128275000	100
128280000	101
128285000	102
128290000	103
128295000	104
128300000	105
128305000	106
128310000	107
128315000	108
128320000	109
128325000	110
128330000	111
