160015000	0
160020000	1
160025000	2
160030000	3
160035000	4
160040000	5
160045000	6
160050000	7
160055000	8
160060000	9
160065000	10
160070000	11
160075000	12
160080000	13
160085000	14
160090000	15
160095000	16
160100000	17
160105000	18
160110000	19
160115000	20
160120000	21
160125000	22
160130000	23
160135000	24
160140000	25
160145000	26
160150000	27
160155000	28
160160000	29
160165000	30
160170000	31
160175000	32
160180000	33
160185000	34
160190000	35
160195000	36
160200000	37
160205000	38
160210000	39
160215000	40
160220000	41
160225000	42
160230000	43
160235000	44
160240000	45
160245000	46
160250000	47
160255000	48
160260000	49
160265000	50
160270000	51
160275000	52
160280000	53
160285000	54
160290000	55
160295000	56
160300000	57
160305000	58
160310000	59
160315000	60
160320000	61
160325000	62
160330000	63
160335000	64
160340000	65
160345000	66
160350000	67
160355000	68
160360000	69
160365000	70
160370000	71
160375000	72
160380000	73
160385000	74
160390000	75
160395000	76
160400000	77
160405000	78
160410000	79
160415000	80
160420000	81
160425000	82
160430000	83
160435000	84
160440000	85
160445000	86
160450000	87
160455000	88
160460000	89
160465000	90
160470000	91
160475000	92
160480000	93
160485000	94
160490000	95
160495000	96
160500000	97
160505000	98
160510000	99
160515000	100
160520000	101
160525000	102
160530000	103
160535000	104
160540000	105
160545000	106
160550000	107
160555000	108
160560000	109
160565000	110
160570000	111
160575000	112
160580000	113
160585000	114
160590000	115
160595000	116
160600000	117
160605000	118
160610000	119
160615000	120
160620000	121
160625000	122
160630000	123
160635000	124
160640000	125
160645000	126
160650000	127
160655000	128
160660000	129
160665000	130
160670000	131
160675000	132
160680000	133
160685000	134
160690000	135
160695000	136
160700000	137
160705000	138
160710000	139
160715000	140
160720000	141
160725000	142
160730000	143
160735000	144
160740000	145
160745000	146
160750000	147
160755000	148
160760000	149
160765000	150
160770000	151
160775000	152
160780000	153
160785000	154
160790000	155
160795000	156
160800000	157
160805000	158
160810000	159
160815000	160
160820000	161
160825000	162
160830000	163
160835000	164
160840000	165
160845000	166
