244465000	0
244470000	1
244475000	2
244480000	3
244485000	4
244490000	5
244495000	6
244500000	7
244505000	8
244510000	9
244515000	10
244520000	11
244525000	12
244530000	13
244535000	14
244540000	15
244545000	16
244550000	17
244555000	18
244560000	19
244565000	20
244570000	21
244575000	22
244580000	23
244585000	24
244590000	25
244595000	26
244600000	27
244605000	28
244610000	29
244615000	30
244620000	31
244625000	32
244630000	33
244635000	34
244640000	35
244645000	36
244650000	37
244655000	38
244660000	39
244665000	40
244670000	41
244675000	42
244680000	43
244685000	44
244690000	45
244695000	46
244700000	47
244705000	48
244710000	49
244715000	50
244720000	51
244725000	52
244730000	53
244735000	54
244740000	55
244745000	56
244750000	57
244755000	58
244760000	59
244765000	60
244770000	61
244775000	62
244780000	63
244785000	64
244790000	65
244795000	66
244800000	67
244805000	68
244810000	69
244815000	70
244820000	71
244825000	72
244830000	73
244835000	74
244840000	75
244845000	76
244850000	77
244855000	78
244860000	79
244865000	80
244870000	81
244875000	82
244880000	83
244885000	84
244890000	85
244895000	86
244900000	87
244905000	88
244910000	89
244915000	90
244920000	91
244925000	92
244930000	93
244935000	94
244940000	95
244945000	96
244950000	97
244955000	98
244960000	99
244965000	100
244970000	101
244975000	102
244980000	103
244985000	104
244990000	105
244995000	106
245000000	107
245005000	108
245010000	109
245015000	110
245020000	111
245025000	112
245030000	113
245035000	114
245040000	115
245045000	116
245050000	117
245055000	118
245060000	119
245065000	120
245070000	121
245075000	122
245080000	123
245085000	124
245090000	125
245095000	126
245100000	127
245105000	128
245110000	129
245115000	130
245120000	131
245125000	132
245130000	133
245135000	134
245140000	135
245145000	136
245150000	137
245155000	138
245160000	139
245165000	140
245170000	141
245175000	142
245180000	143
245185000	144
245190000	145
245195000	146
245200000	147
245205000	148
245210000	149
245215000	150
245220000	151
245225000	152
245230000	153
245235000	154
245240000	155
