155825000	0
155830000	1
155835000	2
155840000	3
155845000	4
155850000	5
155855000	6
155860000	7
155865000	8
155870000	9
155875000	10
155880000	11
155885000	12
155890000	13
155895000	14
155900000	15
155905000	16
155910000	17
155915000	18
155920000	19
155925000	20
155930000	21
155935000	22
155940000	23
155945000	24
155950000	25
155955000	26
155960000	27
155965000	28
155970000	29
155975000	30
155980000	31
155985000	32
155990000	33
155995000	34
156000000	35
156005000	36
156010000	37
156015000	38
156020000	39
156025000	40
156030000	41
156035000	42
156040000	43
156045000	44
156050000	45
156055000	46
156060000	47
156065000	48
156070000	49
156075000	50
156080000	51
156085000	52
156090000	53
156095000	54
156100000	55
156105000	56
156110000	57
156115000	58
156120000	59
156125000	60
156130000	61
156135000	62
156140000	63
156145000	64
156150000	65
156155000	66
156160000	67
156165000	68
156170000	69
156175000	70
156180000	71
156185000	72
156190000	73
156195000	74
156200000	75
156205000	76
156210000	77
156215000	78
156220000	79
156225000	80
156230000	81
156235000	82
156240000	83
156245000	84
156250000	85
156255000	86
156260000	87
156265000	88
156270000	89
156275000	90
156280000	91
156285000	92
156290000	93
156295000	94
156300000	95
156305000	96
