155571000	0
155572000	1
155573000	2
155574000	3
155575000	4
155576000	5
155577000	6
155578000	7
155579000	8
155580000	9
155581000	10
155582000	11
155583000	12
155584000	13
155585000	14
155586000	15
155587000	16
155588000	17
155589000	18
155590000	19
155591000	20
155592000	21
155593000	22
155594000	23
155595000	24
155596000	25
155605000	26
155606000	27
155607000	28
155608000	29
155609000	30
155610000	31
155611000	32
155612000	33
155613000	34
155614000	35
155615000	36
155616000	37
155617000	38
155618000	39
155619000	40
