94080000	0
94081000	1
94082000	2
94083000	3
94084000	4
94085000	5
94086000	6
94087000	7
94088000	8
94089000	9
94090000	10
94091000	11
94092000	12
94093000	13
94094000	14
94095000	15
94096000	16
94097000	17
94098000	18
94099000	19
94100000	20
94101000	21
94102000	22
94103000	23
94104000	24
94105000	25
94106000	26
94107000	27
94108000	28
94109000	29
94110000	30
94111000	31
94112000	32
94113000	33
94114000	34
94115000	35
94116000	36
94117000	37
94118000	38
94119000	39
94120000	40
94121000	41
94122000	42
94123000	43
94124000	44
94125000	45
94126000	46
94127000	47
94128000	48
94129000	49
94130000	50
94131000	51
94132000	52
94133000	53
94134000	54
94135000	55
94136000	56
94137000	57
94138000	58
94139000	59
94140000	60
94141000	61
94142000	62
94143000	63
94144000	64
94145000	65
94146000	66
94147000	67
94148000	68
94149000	69
94150000	70
94151000	71
94152000	72
94153000	73
94154000	74
94155000	75
94156000	76
94157000	77
94158000	78
94159000	79
94160000	80
94161000	81
94162000	82
94163000	83
94164000	84
94165000	85
94166000	86
94167000	87
94168000	88
94169000	89
94170000	90
94171000	91
94172000	92
94173000	93
94174000	94
94175000	95
94176000	96
94177000	97
94178000	98
94179000	99
94180000	100
94181000	101
94182000	102
94183000	103
94184000	104
94185000	105
94186000	106
94187000	107
94188000	108
94189000	109
94190000	110
94191000	111
94192000	112
94193000	113
94194000	114
94195000	115
94196000	116
94197000	117
94198000	118
94199000	119
94200000	120
94201000	121
94202000	122
94203000	123
94204000	124
94205000	125
94206000	126
94207000	127
94208000	128
94209000	129
94210000	130
94211000	131
94212000	132
94213000	133
94214000	134
94215000	135
94216000	136
94217000	137
94218000	138
94219000	139
94220000	140
94221000	141
94222000	142
94223000	143
94224000	144
94225000	145
94226000	146
94227000	147
94228000	148
94229000	149
94230000	150
94231000	151
94232000	152
94233000	153
94234000	154
94235000	155
94236000	156
94237000	157
94238000	158
94239000	159
94240000	160
94241000	161
94242000	162
94243000	163
94244000	164
94245000	165
94246000	166
94247000	167
94248000	168
94249000	169
94250000	170
94251000	171
94252000	172
94253000	173
94254000	174
94255000	175
94256000	176
94262000	177
94263000	178
94264000	179
94265000	180
94266000	181
94267000	182
94268000	183
94269000	184
94270000	185
94271000	186
94272000	187
94273000	188
94274000	189
94275000	190
94276000	191
94277000	192
94278000	193
94279000	194
94280000	195
94281000	196
94282000	197
94283000	198
94284000	199
94285000	200
94286000	201
94287000	202
94288000	203
94291000	204
94292000	205
94293000	206
94294000	207
94295000	208
94296000	209
94297000	210
94298000	211
94299000	212
94300000	213
94301000	214
94302000	215
94303000	216
94304000	217
94305000	218
94306000	219
94307000	220
94308000	221
94309000	222
94310000	223
