197145000	0
197150000	1
197155000	2
197160000	3
197165000	4
197170000	5
197175000	6
197180000	7
197185000	8
197190000	9
197195000	10
197200000	11
197205000	12
197210000	13
197215000	14
197220000	15
197225000	16
197230000	17
197235000	18
197240000	19
197245000	20
197250000	21
197255000	22
197260000	23
197265000	24
197270000	25
197275000	26
197280000	27
197285000	28
197290000	29
197295000	30
197300000	31
197305000	32
197310000	33
197315000	34
197320000	35
197325000	36
197330000	37
197335000	38
197340000	39
197345000	40
197350000	41
