63015000	0
63020000	1
63025000	2
63030000	3
63035000	4
63040000	5
63045000	6
63050000	7
63055000	8
63060000	9
63065000	10
63070000	11
63075000	12
63080000	13
63085000	14
63090000	15
63095000	16
63100000	17
63105000	18
63110000	19
63115000	20
63120000	21
63125000	22
63130000	23
63135000	24
63140000	25
63145000	26
63150000	27
63155000	28
63160000	29
63165000	30
63170000	31
63175000	32
63180000	33
63185000	34
63190000	35
63195000	36
63200000	37
63205000	38
63210000	39
63215000	40
63220000	41
63225000	42
63230000	43
63235000	44
63240000	45
63245000	46
63250000	47
63255000	48
63260000	49
63265000	50
63270000	51
63275000	52
63280000	53
63285000	54
63290000	55
63295000	56
63300000	57
63305000	58
63310000	59
63315000	60
63320000	61
63325000	62
63330000	63
63335000	64
63340000	65
63345000	66
63350000	67
63355000	68
63360000	69
63365000	70
63370000	71
63375000	72
63380000	73
63385000	74
63390000	75
63395000	76
63400000	77
63405000	78
63410000	79
63415000	80
63420000	81
63425000	82
63430000	83
63435000	84
63440000	85
63445000	86
63450000	87
63455000	88
63460000	89
63465000	90
63470000	91
63475000	92
63480000	93
63485000	94
63490000	95
63495000	96
63500000	97
63505000	98
63510000	99
63515000	100
63520000	101
63525000	102
63530000	103
63535000	104
63540000	105
63545000	106
63550000	107
63555000	108
63560000	109
63565000	110
63570000	111
63575000	112
63580000	113
63585000	114
63590000	115
63595000	116
63600000	117
63605000	118
63610000	119
63615000	120
63620000	121
63625000	122
63630000	123
63635000	124
63640000	125
63645000	126
63650000	127
63655000	128
63660000	129
63665000	130
63670000	131
63675000	132
63680000	133
63685000	134
63690000	135
63695000	136
63700000	137
63705000	138
63710000	139
63715000	140
63720000	141
63725000	142
63730000	143
63735000	144
63740000	145
63745000	146
63750000	147
63755000	148
63760000	149
63765000	150
63770000	151
63775000	152
63780000	153
63785000	154
63790000	155
