146630000	0
146635000	1
146640000	2
146645000	3
146650000	4
146655000	5
146660000	6
146665000	7
146670000	8
146675000	9
146680000	10
146685000	11
146690000	12
146695000	13
146700000	14
146705000	15
146710000	16
146715000	17
146720000	18
146725000	19
146730000	20
146735000	21
146740000	22
146745000	23
146750000	24
146755000	25
146760000	26
146765000	27
146770000	28
146775000	29
146780000	30
146785000	31
146790000	32
146795000	33
146800000	34
146805000	35
146810000	36
146815000	37
146820000	38
146825000	39
146830000	40
146835000	41
146840000	42
146845000	43
146850000	44
146855000	45
146860000	46
146875000	47
146880000	48
146885000	49
146890000	50
146895000	51
146900000	52
146905000	53
146910000	54
146915000	55
146920000	56
146925000	57
146930000	58
146935000	59
146940000	60
146945000	61
146950000	62
146955000	63
146960000	64
146965000	65
146970000	66
146975000	67
146980000	68
146985000	69
146990000	70
146995000	71
147000000	72
147005000	73
147010000	74
147015000	75
147020000	76
147025000	77
147030000	78
147035000	79
147040000	80
147045000	81
147050000	82
147055000	83
147060000	84
147065000	85
147070000	86
147075000	87
147080000	88
147085000	89
147090000	90
147095000	91
147100000	92
147105000	93
147110000	94
147115000	95
147120000	96
147125000	97
147130000	98
147135000	99
147140000	100
147145000	101
147150000	102
147155000	103
147160000	104
147165000	105
147170000	106
147175000	107
147180000	108
147185000	109
147190000	110
147195000	111
147200000	112
147205000	113
147210000	114
147215000	115
147220000	116
147225000	117
147230000	118
147235000	119
147240000	120
147245000	121
147250000	122
147255000	123
147260000	124
147265000	125
147270000	126
147275000	127
147280000	128
147285000	129
147290000	130
147295000	131
147300000	132
147305000	133
147310000	134
147315000	135
147320000	136
147325000	137
147330000	138
147335000	139
147340000	140
147345000	141
147350000	142
147355000	143
147360000	144
147365000	145
147370000	146
147375000	147
147380000	148
147385000	149
147390000	150
147395000	151
147400000	152
147405000	153
147410000	154
147415000	155
147420000	156
147425000	157
147430000	158
147435000	159
147440000	160
147445000	161
147450000	162
147455000	163
147460000	164
147465000	165
147470000	166
147475000	167
147480000	168
147485000	169
147490000	170
147495000	171
147500000	172
147505000	173
147510000	174
147515000	175
147520000	176
147525000	177
147530000	178
147535000	179
147540000	180
147545000	181
147550000	182
147555000	183
147560000	184
147565000	185
147570000	186
147575000	187
147580000	188
147585000	189
147590000	190
147595000	191
147600000	192
147605000	193
147610000	194
147615000	195
147620000	196
147625000	197
147630000	198
147635000	199
147640000	200
147645000	201
147650000	202
147655000	203
147660000	204
147665000	205
147670000	206
147675000	207
147680000	208
147685000	209
147690000	210
147695000	211
147700000	212
147705000	213
147710000	214
147715000	215
147720000	216
147725000	217
147730000	218
147735000	219
147740000	220
147745000	221
147750000	222
147755000	223
147760000	224
147765000	225
147770000	226
147775000	227
147780000	228
147785000	229
147790000	230
147795000	231
147800000	232
147805000	233
147810000	234
147815000	235
147820000	236
147825000	237
