128650000	0
128655000	1
128660000	2
128665000	3
128670000	4
128675000	5
128680000	6
128685000	7
128690000	8
128695000	9
128700000	10
128705000	11
128710000	12
128715000	13
128720000	14
128725000	15
128730000	16
128735000	17
128740000	18
128745000	19
128750000	20
128755000	21
128760000	22
128765000	23
128770000	24
128775000	25
128780000	26
128785000	27
128790000	28
128795000	29
128800000	30
128805000	31
128810000	32
128815000	33
128820000	34
128825000	35
128830000	36
128835000	37
128840000	38
128845000	39
128850000	40
128855000	41
128860000	42
128865000	43
128870000	44
128875000	45
128880000	46
128885000	47
128890000	48
128895000	49
128900000	50
128905000	51
128910000	52
128915000	53
128920000	54
128925000	55
128930000	56
128935000	57
128940000	58
128945000	59
128950000	60
128955000	61
128960000	62
128965000	63
128970000	64
128975000	65
128980000	66
128985000	67
128990000	68
128995000	69
129000000	70
129005000	71
129010000	72
129015000	73
129020000	74
129025000	75
129030000	76
129035000	77
129040000	78
129045000	79
129050000	80
129055000	81
129060000	82
129065000	83
129070000	84
129075000	85
129080000	86
