65945000	0
65950000	1
65955000	2
65960000	3
65965000	4
65970000	5
65975000	6
65980000	7
65985000	8
65990000	9
65995000	10
66000000	11
66005000	12
66010000	13
66015000	14
66020000	15
66025000	16
66030000	17
66035000	18
66040000	19
66045000	20
66050000	21
66055000	22
66060000	23
66065000	24
66070000	25
66075000	26
66080000	27
66085000	28
66090000	29
66095000	30
66100000	31
66105000	32
66110000	33
66115000	34
66120000	35
66125000	36
66130000	37
66135000	38
66140000	39
66145000	40
66150000	41
66155000	42
66160000	43
66165000	44
66170000	45
66175000	46
66180000	47
66185000	48
66190000	49
66195000	50
66200000	51
66205000	52
66210000	53
66215000	54
66220000	55
66225000	56
66230000	57
66235000	58
66240000	59
66245000	60
66250000	61
66255000	62
66260000	63
66265000	64
66270000	65
66275000	66
66280000	67
66285000	68
66290000	69
66295000	70
66300000	71
66305000	72
66310000	73
66315000	74
66320000	75
66325000	76
66330000	77
66335000	78
66340000	79
66345000	80
66350000	81
66355000	82
66360000	83
66365000	84
66370000	85
66375000	86
66380000	87
66385000	88
66390000	89
66395000	90
66400000	91
66410000	92
66415000	93
66420000	94
66425000	95
66430000	96
66435000	97
66440000	98
66445000	99
66450000	100
66455000	101
66460000	102
66465000	103
66470000	104
66475000	105
66480000	106
66485000	107
66490000	108
66495000	109
66500000	110
66505000	111
66510000	112
66515000	113
66520000	114
66525000	115
66530000	116
66535000	117
66540000	118
66545000	119
66550000	120
66555000	121
66560000	122
66565000	123
66570000	124
66575000	125
66580000	126
66585000	127
66590000	128
66595000	129
66600000	130
66605000	131
66610000	132
66615000	133
66620000	134
66625000	135
66630000	136
66635000	137
66640000	138
66645000	139
66650000	140
66655000	141
66660000	142
66665000	143
66670000	144
66675000	145
66680000	146
66685000	147
66690000	148
66695000	149
66700000	150
66705000	151
66710000	152
66715000	153
66720000	154
66725000	155
66730000	156
66735000	157
66740000	158
66745000	159
66750000	160
66755000	161
66760000	162
66765000	163
66770000	164
66775000	165
66780000	166
66785000	167
66790000	168
66795000	169
66800000	170
66805000	171
66810000	172
66815000	173
66820000	174
66825000	175
66830000	176
66835000	177
66840000	178
66845000	179
66850000	180
66855000	181
66860000	182
66865000	183
66870000	184
66875000	185
66880000	186
66885000	187
66890000	188
66895000	189
66900000	190
66905000	191
66910000	192
66915000	193
66920000	194
66925000	195
66930000	196
66935000	197
66940000	198
66945000	199
66950000	200
66955000	201
66960000	202
66965000	203
66970000	204
66975000	205
66980000	206
66985000	207
66990000	208
66995000	209
67000000	210
67005000	211
67010000	212
67015000	213
67020000	214
67025000	215
67030000	216
67035000	217
67040000	218
67045000	219
67050000	220
67055000	221
67060000	222
67065000	223
67070000	224
67075000	225
67080000	226
67085000	227
67090000	228
67095000	229
67100000	230
67105000	231
67110000	232
67115000	233
67120000	234
67125000	235
67130000	236
67135000	237
67140000	238
67145000	239
67150000	240
67155000	241
67160000	242
67165000	243
67170000	244
67175000	245
67180000	246
67185000	247
67190000	248
67195000	249
67200000	250
67205000	251
67210000	252
67215000	253
67220000	254
67225000	255
67230000	256
67235000	257
67240000	258
67245000	259
67250000	260
67255000	261
67260000	262
67265000	263
67270000	264
67275000	265
67280000	266
67285000	267
67290000	268
67295000	269
67300000	270
67305000	271
67310000	272
67315000	273
67320000	274
67325000	275
67330000	276
67335000	277
67340000	278
67345000	279
67350000	280
67355000	281
67360000	282
67365000	283
67370000	284
67375000	285
67380000	286
67385000	287
67390000	288
67395000	289
67400000	290
67405000	291
67410000	292
67415000	293
67420000	294
67425000	295
67430000	296
67435000	297
67440000	298
67445000	299
67450000	300
67455000	301
67460000	302
67465000	303
67470000	304
67475000	305
67480000	306
67485000	307
67490000	308
67495000	309
67500000	310
67505000	311
67510000	312
67515000	313
67520000	314
67525000	315
67530000	316
67535000	317
67540000	318
67545000	319
67550000	320
67555000	321
67560000	322
67565000	323
67570000	324
67575000	325
67580000	326
67585000	327
67590000	328
67595000	329
67600000	330
67605000	331
67610000	332
67615000	333
67620000	334
67625000	335
67630000	336
67635000	337
67640000	338
67645000	339
67650000	340
67655000	341
67660000	342
67665000	343
67670000	344
67675000	345
67680000	346
67685000	347
67690000	348
67695000	349
67700000	350
67705000	351
67710000	352
67715000	353
67720000	354
67725000	355
67730000	356
67735000	357
67740000	358
67745000	359
67750000	360
67755000	361
67760000	362
67765000	363
67770000	364
67775000	365
67780000	366
67785000	367
67790000	368
67795000	369
67800000	370
67805000	371
67810000	372
67815000	373
67820000	374
67825000	375
67830000	376
67835000	377
67840000	378
67845000	379
67850000	380
67855000	381
67860000	382
67865000	383
67870000	384
67875000	385
67880000	386
67885000	387
67890000	388
67895000	389
67900000	390
67905000	391
67910000	392
67915000	393
67920000	394
67925000	395
67930000	396
67935000	397
67940000	398
67945000	399
67950000	400
67955000	401
67960000	402
67965000	403
67970000	404
67975000	405
67980000	406
67985000	407
67990000	408
67995000	409
68000000	410
68005000	411
68010000	412
68015000	413
68020000	414
68025000	415
68030000	416
68035000	417
68040000	418
68045000	419
68050000	420
68055000	421
68060000	422
68065000	423
68070000	424
68075000	425
68080000	426
68085000	427
68090000	428
68095000	429
68100000	430
68105000	431
68110000	432
68115000	433
68120000	434
68125000	435
68130000	436
68135000	437
68140000	438
68145000	439
68150000	440
68155000	441
68160000	442
68165000	443
68170000	444
68175000	445
68180000	446
68185000	447
68190000	448
68195000	449
68200000	450
68205000	451
68210000	452
68215000	453
68220000	454
68225000	455
68230000	456
68235000	457
68240000	458
68245000	459
68250000	460
68255000	461
68260000	462
68265000	463
68270000	464
68275000	465
68280000	466
68285000	467
68290000	468
68295000	469
68300000	470
68305000	471
68310000	472
68315000	473
68320000	474
68325000	475
68330000	476
68335000	477
68340000	478
68345000	479
68350000	480
68355000	481
68360000	482
68365000	483
68370000	484
68375000	485
68380000	486
68385000	487
68390000	488
68395000	489
68400000	490
68405000	491
68410000	492
68415000	493
68420000	494
68425000	495
68430000	496
68435000	497
68440000	498
68445000	499
68450000	500
68455000	501
68460000	502
68465000	503
68470000	504
68475000	505
68480000	506
68485000	507
68490000	508
68495000	509
68500000	510
68505000	511
68510000	512
68515000	513
68520000	514
68525000	515
68530000	516
68535000	517
68540000	518
68545000	519
68550000	520
68555000	521
68560000	522
68565000	523
68570000	524
68575000	525
68580000	526
68585000	527
68590000	528
68595000	529
68600000	530
68605000	531
68610000	532
68615000	533
68620000	534
68625000	535
68630000	536
68635000	537
68640000	538
68645000	539
68650000	540
68655000	541
68660000	542
68665000	543
68670000	544
68675000	545
68680000	546
68685000	547
68690000	548
