225745000	0
225750000	1
225755000	2
225760000	3
225765000	4
225770000	5
225775000	6
225780000	7
225785000	8
225790000	9
225795000	10
225800000	11
225805000	12
225810000	13
225815000	14
225820000	15
225825000	16
225830000	17
225835000	18
225840000	19
225845000	20
225850000	21
225855000	22
225860000	23
225865000	24
225870000	25
225875000	26
225880000	27
225885000	28
225890000	29
225895000	30
225900000	31
225905000	32
225910000	33
225915000	34
225920000	35
225925000	36
225930000	37
225935000	38
225940000	39
225945000	40
225950000	41
225955000	42
225960000	43
225965000	44
225970000	45
225975000	46
225980000	47
225985000	48
225990000	49
225995000	50
226000000	51
226005000	52
226010000	53
226015000	54
226020000	55
226025000	56
226030000	57
226035000	58
226040000	59
226045000	60
226050000	61
226055000	62
226060000	63
226065000	64
226070000	65
226075000	66
226080000	67
226085000	68
226090000	69
226095000	70
226100000	71
226105000	72
226110000	73
226115000	74
226120000	75
226125000	76
226130000	77
226135000	78
226140000	79
226145000	80
226150000	81
226155000	82
226160000	83
226165000	84
226170000	85
226175000	86
226180000	87
226185000	88
226190000	89
226195000	90
226200000	91
226205000	92
226210000	93
226215000	94
226220000	95
226225000	96
226230000	97
226235000	98
226240000	99
226245000	100
226250000	101
226255000	102
226260000	103
226265000	104
226270000	105
226275000	106
226280000	107
226285000	108
226290000	109
226295000	110
226300000	111
226305000	112
226310000	113
226315000	114
226320000	115
226325000	116
226330000	117
226335000	118
226340000	119
226345000	120
226350000	121
226355000	122
226360000	123
226365000	124
226370000	125
226375000	126
226380000	127
226385000	128
226390000	129
226395000	130
226400000	131
226405000	132
226410000	133
226415000	134
226420000	135
226425000	136
226430000	137
226435000	138
226440000	139
226445000	140
226450000	141
226455000	142
226460000	143
226465000	144
226470000	145
226475000	146
226480000	147
226485000	148
226490000	149
226495000	150
226500000	151
226505000	152
226510000	153
226515000	154
226520000	155
226525000	156
226530000	157
