160100000	0
160105000	1
160110000	2
160115000	3
160120000	4
160125000	5
160130000	6
160135000	7
160140000	8
160145000	9
160150000	10
160155000	11
160160000	12
160165000	13
160170000	14
160175000	15
160180000	16
160185000	17
160190000	18
160195000	19
160200000	20
160205000	21
160210000	22
160215000	23
160220000	24
160225000	25
160230000	26
160235000	27
160240000	28
160245000	29
160250000	30
160255000	31
160260000	32
160265000	33
160270000	34
160275000	35
160280000	36
160285000	37
160290000	38
160295000	39
160300000	40
160305000	41
160310000	42
160315000	43
160320000	44
160325000	45
160330000	46
160335000	47
160340000	48
160345000	49
160350000	50
160355000	51
160360000	52
160365000	53
160370000	54
160375000	55
160380000	56
