121420000	0
121425000	1
121430000	2
121435000	3
121440000	4
121445000	5
121450000	6
121455000	7
121460000	8
121465000	9
121470000	10
121475000	11
121480000	12
121485000	13
121490000	14
121495000	15
121500000	16
121505000	17
121510000	18
121515000	19
121520000	20
121525000	21
121530000	22
121535000	23
121540000	24
121545000	25
121550000	26
121555000	27
121560000	28
121565000	29
121570000	30
121575000	31
121580000	32
121585000	33
121590000	34
121595000	35
121600000	36
121605000	37
121610000	38
121615000	39
121620000	40
121625000	41
121630000	42
121635000	43
121640000	44
121645000	45
121650000	46
121655000	47
121660000	48
121665000	49
121670000	50
121675000	51
121680000	52
121685000	53
121690000	54
121695000	55
121700000	56
121705000	57
121710000	58
121715000	59
121720000	60
121725000	61
121730000	62
121735000	63
121740000	64
121745000	65
121750000	66
121755000	67
121760000	68
121765000	69
121770000	70
121775000	71
121780000	72
121785000	73
121790000	74
121795000	75
121800000	76
121805000	77
121810000	78
121815000	79
121820000	80
121825000	81
121830000	82
121835000	83
121840000	84
121845000	85
121850000	86
121855000	87
121860000	88
121865000	89
121870000	90
121875000	91
121880000	92
121885000	93
121890000	94
121895000	95
121900000	96
121905000	97
121910000	98
121915000	99
121920000	100
121925000	101
121930000	102
121935000	103
121940000	104
121945000	105
121950000	106
121955000	107
121960000	108
121965000	109
121970000	110
121975000	111
121980000	112
121985000	113
121990000	114
121995000	115
122000000	116
122005000	117
122010000	118
122015000	119
122020000	120
122025000	121
122030000	122
122035000	123
122040000	124
122045000	125
122050000	126
122055000	127
122060000	128
122065000	129
122070000	130
122075000	131
122080000	132
122085000	133
122090000	134
122095000	135
122100000	136
122105000	137
122110000	138
122115000	139
122120000	140
122125000	141
122130000	142
122135000	143
122140000	144
122145000	145
122150000	146
122155000	147
