68315000	0
68320000	1
68325000	2
68330000	3
68335000	4
68340000	5
68345000	6
68350000	7
68355000	8
68360000	9
68365000	10
68370000	11
68375000	12
68380000	13
68385000	14
68390000	15
68395000	16
68400000	17
68405000	18
68410000	19
68415000	20
68420000	21
68425000	22
68430000	23
68435000	24
68440000	25
68445000	26
68450000	27
68455000	28
68460000	29
68465000	30
68470000	31
68475000	32
68480000	33
68485000	34
68490000	35
68495000	36
68500000	37
68505000	38
68510000	39
68515000	40
68520000	41
68525000	42
68530000	43
68535000	44
68540000	45
68545000	46
68550000	47
68555000	48
68560000	49
68565000	50
68570000	51
68575000	52
68580000	53
68585000	54
68590000	55
68595000	56
68600000	57
68605000	58
68610000	59
68615000	60
68620000	61
68625000	62
68630000	63
68635000	64
68640000	65
68645000	66
68650000	67
68655000	68
68660000	69
68665000	70
68670000	71
68675000	72
68680000	73
68685000	74
68690000	75
68695000	76
68700000	77
68705000	78
68710000	79
68715000	80
68720000	81
68725000	82
68730000	83
68735000	84
68740000	85
68745000	86
68750000	87
68755000	88
68760000	89
68765000	90
68770000	91
68775000	92
68780000	93
68785000	94
68790000	95
68795000	96
68800000	97
68805000	98
68810000	99
68815000	100
68820000	101
