140700000	0
140705000	1
140710000	2
140715000	3
140720000	4
140725000	5
140730000	6
140735000	7
140740000	8
140745000	9
140750000	10
140755000	11
140760000	12
140765000	13
140770000	14
140775000	15
140780000	16
140785000	17
140790000	18
140795000	19
140800000	20
140805000	21
140810000	22
140815000	23
140820000	24
140825000	25
140830000	26
140835000	27
140840000	28
140845000	29
140850000	30
140855000	31
140860000	32
140865000	33
140870000	34
140875000	35
140880000	36
140885000	37
140890000	38
140895000	39
140900000	40
140905000	41
140910000	42
140915000	43
140920000	44
140925000	45
140930000	46
140935000	47
140940000	48
140945000	49
140950000	50
140955000	51
140960000	52
140965000	53
140970000	54
140975000	55
140980000	56
140985000	57
140990000	58
140995000	59
141000000	60
141005000	61
141010000	62
141015000	63
141020000	64
141025000	65
141030000	66
141035000	67
141040000	68
