97185000	0
97186000	1
97187000	2
97188000	3
97189000	4
97190000	5
97191000	6
97192000	7
97193000	8
97194000	9
97195000	10
97196000	11
97197000	12
97198000	13
97199000	14
97200000	15
97201000	16
97202000	17
97203000	18
97204000	19
97205000	20
97206000	21
97207000	22
97208000	23
97209000	24
97210000	25
97211000	26
97212000	27
97213000	28
97214000	29
97215000	30
97216000	31
97217000	32
97218000	33
97219000	34
97220000	35
97221000	36
97222000	37
97224000	38
97225000	39
97226000	40
97227000	41
97228000	42
97229000	43
97230000	44
97231000	45
97232000	46
97233000	47
97234000	48
97235000	49
97236000	50
97237000	51
97238000	52
97239000	53
97240000	54
97241000	55
97242000	56
97243000	57
97244000	58
97245000	59
97246000	60
97247000	61
97248000	62
97249000	63
97250000	64
97251000	65
97252000	66
97253000	67
97254000	68
97255000	69
97256000	70
97257000	71
97258000	72
97259000	73
97260000	74
97261000	75
97262000	76
97263000	77
97264000	78
97265000	79
97266000	80
97267000	81
97268000	82
97269000	83
97270000	84
97271000	85
97272000	86
97273000	87
97274000	88
97275000	89
97276000	90
97277000	91
97278000	92
97279000	93
97280000	94
97281000	95
97282000	96
97283000	97
97284000	98
97285000	99
97286000	100
97287000	101
97288000	102
97289000	103
97290000	104
97291000	105
97292000	106
97293000	107
97294000	108
97295000	109
