231470000	0
231471000	1
231472000	2
231473000	3
231474000	4
231475000	5
231476000	6
231477000	7
231478000	8
231479000	9
231480000	10
231481000	11
231482000	12
231483000	13
231484000	14
231485000	15
231486000	16
231487000	17
231488000	18
231489000	19
231490000	20
231491000	21
231492000	22
231493000	23
231494000	24
231495000	25
231496000	26
231497000	27
231498000	28
231499000	29
231500000	30
231501000	31
231502000	32
231503000	33
231504000	34
231505000	35
231506000	36
231507000	37
231508000	38
231509000	39
231510000	40
231511000	41
231512000	42
231513000	43
231514000	44
231515000	45
231516000	46
231517000	47
231518000	48
231519000	49
231520000	50
231521000	51
231522000	52
231523000	53
231524000	54
231525000	55
231526000	56
231527000	57
231528000	58
231529000	59
231530000	60
231531000	61
231532000	62
231533000	63
231534000	64
231535000	65
231536000	66
231537000	67
231538000	68
231539000	69
231540000	70
231541000	71
231542000	72
231543000	73
231544000	74
231545000	75
231546000	76
231547000	77
231548000	78
231549000	79
231550000	80
231551000	81
231552000	82
231553000	83
231554000	84
231555000	85
231556000	86
231557000	87
231558000	88
231559000	89
231560000	90
231561000	91
231562000	92
231563000	93
231564000	94
231565000	95
231566000	96
231567000	97
231568000	98
231569000	99
231570000	100
231571000	101
231572000	102
231573000	103
231574000	104
231575000	105
231576000	106
231577000	107
231578000	108
231579000	109
231580000	110
231581000	111
231582000	112
231583000	113
231584000	114
231585000	115
231586000	116
231587000	117
231588000	118
231589000	119
231590000	120
231591000	121
231592000	122
231593000	123
231594000	124
231595000	125
231596000	126
231597000	127
231598000	128
231599000	129
231600000	130
231601000	131
231602000	132
231603000	133
231604000	134
231605000	135
231606000	136
231607000	137
231608000	138
231609000	139
231610000	140
231611000	141
231612000	142
231613000	143
231614000	144
231615000	145
231616000	146
231617000	147
231618000	148
231619000	149
231620000	150
231621000	151
231622000	152
231623000	153
231624000	154
231625000	155
231626000	156
231627000	157
231628000	158
231629000	159
231630000	160
231631000	161
231632000	162
231633000	163
231634000	164
231635000	165
231636000	166
231637000	167
231638000	168
231639000	169
231640000	170
231641000	171
231642000	172
231643000	173
231644000	174
231645000	175
231646000	176
231647000	177
231648000	178
231649000	179
231650000	180
231651000	181
231652000	182
231653000	183
231654000	184
231655000	185
231656000	186
231657000	187
231658000	188
231659000	189
231660000	190
231661000	191
231662000	192
231663000	193
231664000	194
231665000	195
231666000	196
231667000	197
231668000	198
231669000	199
231670000	200
231671000	201
231672000	202
231673000	203
231674000	204
231675000	205
231676000	206
231677000	207
231678000	208
231679000	209
231680000	210
231681000	211
231682000	212
231683000	213
231684000	214
231685000	215
231686000	216
231687000	217
231688000	218
231689000	219
231690000	220
231691000	221
231692000	222
231693000	223
231694000	224
231695000	225
231696000	226
231697000	227
231698000	228
231699000	229
231700000	230
231701000	231
231702000	232
231703000	233
231704000	234
231705000	235
231706000	236
231707000	237
231708000	238
231709000	239
231710000	240
231711000	241
231712000	242
231713000	243
231714000	244
231715000	245
231716000	246
231717000	247
231718000	248
231719000	249
231720000	250
231721000	251
231722000	252
231723000	253
231724000	254
231725000	255
231726000	256
231727000	257
231728000	258
231729000	259
231730000	260
231731000	261
231732000	262
231733000	263
231734000	264
231735000	265
231736000	266
231737000	267
231738000	268
231739000	269
231740000	270
231741000	271
231742000	272
231743000	273
231744000	274
231745000	275
231746000	276
231747000	277
231748000	278
231749000	279
231750000	280
