96885000	0
96890000	1
96895000	2
96900000	3
96905000	4
96910000	5
96915000	6
96920000	7
96925000	8
96930000	9
96935000	10
96940000	11
96945000	12
96950000	13
96955000	14
96960000	15
96965000	16
96970000	17
96975000	18
96980000	19
96985000	20
96990000	21
96995000	22
97000000	23
97005000	24
97010000	25
97015000	26
97020000	27
97025000	28
97030000	29
97035000	30
97040000	31
97045000	32
97050000	33
97055000	34
97060000	35
97065000	36
97070000	37
97075000	38
97080000	39
97085000	40
97090000	41
97095000	42
97100000	43
97105000	44
97110000	45
97115000	46
97120000	47
97125000	48
97130000	49
97135000	50
97140000	51
97145000	52
97150000	53
97155000	54
97160000	55
97165000	56
97170000	57
97175000	58
97180000	59
97185000	60
97190000	61
97195000	62
97200000	63
97205000	64
97210000	65
97215000	66
97220000	67
97225000	68
97230000	69
97235000	70
97240000	71
97245000	72
97250000	73
97255000	74
97260000	75
97265000	76
97270000	77
97275000	78
97280000	79
97285000	80
97290000	81
97295000	82
97300000	83
97305000	84
97310000	85
97315000	86
97320000	87
97325000	88
97330000	89
97335000	90
97340000	91
97345000	92
97350000	93
97355000	94
97360000	95
97365000	96
97370000	97
97375000	98
97380000	99
97385000	100
97390000	101
97395000	102
97400000	103
97405000	104
97410000	105
97415000	106
97420000	107
97425000	108
97430000	109
97435000	110
97440000	111
97445000	112
97450000	113
97455000	114
97460000	115
97465000	116
97470000	117
97475000	118
97480000	119
97485000	120
97490000	121
97495000	122
97500000	123
97505000	124
97510000	125
97515000	126
97520000	127
97525000	128
97530000	129
97535000	130
97540000	131
97545000	132
97550000	133
97555000	134
97560000	135
97565000	136
97570000	137
97575000	138
97580000	139
97585000	140
97590000	141
97595000	142
97600000	143
97605000	144
97610000	145
97615000	146
97620000	147
97625000	148
97630000	149
97635000	150
97640000	151
97645000	152
97650000	153
