19060000	0
19065000	1
19070000	2
19075000	3
19080000	4
19085000	5
19090000	6
19095000	7
19100000	8
19105000	9
19110000	10
19115000	11
19120000	12
19125000	13
19130000	14
19135000	15
19140000	16
19145000	17
19150000	18
19155000	19
19160000	20
19165000	21
19170000	22
19175000	23
19180000	24
19185000	25
19190000	26
19195000	27
19200000	28
19205000	29
19210000	30
19215000	31
19220000	32
19225000	33
19230000	34
19235000	35
19240000	36
19245000	37
19250000	38
19255000	39
19260000	40
19265000	41
19270000	42
19275000	43
19280000	44
19285000	45
19290000	46
19295000	47
19300000	48
19305000	49
19310000	50
19315000	51
19320000	52
19325000	53
19330000	54
19335000	55
19340000	56
19345000	57
19350000	58
19355000	59
19360000	60
19365000	61
19370000	62
19375000	63
19380000	64
19385000	65
19390000	66
19395000	67
19400000	68
19405000	69
19410000	70
19415000	71
19420000	72
19425000	73
19430000	74
19435000	75
19440000	76
19445000	77
19450000	78
19455000	79
19460000	80
19465000	81
19470000	82
19475000	83
19480000	84
19485000	85
19490000	86
19495000	87
19500000	88
19505000	89
19510000	90
19515000	91
19520000	92
19525000	93
19530000	94
19535000	95
19540000	96
19545000	97
19550000	98
19555000	99
19560000	100
19565000	101
19570000	102
19575000	103
19580000	104
19585000	105
19590000	106
19595000	107
19600000	108
19605000	109
19610000	110
19615000	111
19620000	112
19625000	113
19630000	114
19635000	115
19640000	116
19645000	117
19650000	118
19655000	119
19660000	120
19665000	121
19670000	122
19675000	123
19680000	124
19685000	125
19690000	126
19695000	127
19700000	128
19705000	129
19710000	130
19715000	131
19720000	132
19725000	133
19730000	134
19735000	135
19740000	136
19745000	137
19750000	138
19755000	139
19760000	140
19765000	141
19770000	142
19775000	143
19780000	144
19785000	145
19790000	146
19795000	147
19800000	148
19805000	149
19810000	150
19815000	151
19820000	152
19825000	153
19830000	154
19835000	155
19840000	156
19845000	157
19850000	158
19855000	159
19860000	160
19865000	161
19870000	162
19875000	163
19880000	164
19885000	165
19890000	166
19895000	167
19900000	168
19905000	169
19910000	170
19915000	171
19920000	172
19925000	173
19930000	174
19935000	175
19940000	176
19945000	177
