162395000	0
162400000	1
162405000	2
162410000	3
162415000	4
162420000	5
162425000	6
162430000	7
162435000	8
162440000	9
162445000	10
162450000	11
162455000	12
162460000	13
162465000	14
162470000	15
162475000	16
162480000	17
162485000	18
162490000	19
162495000	20
162500000	21
162505000	22
162510000	23
162515000	24
162520000	25
162525000	26
162530000	27
162535000	28
162540000	29
162545000	30
162550000	31
162555000	32
162560000	33
162565000	34
162570000	35
162575000	36
162580000	37
162585000	38
162590000	39
162595000	40
162600000	41
162605000	42
162610000	43
162615000	44
162620000	45
162625000	46
162630000	47
162635000	48
162640000	49
162645000	50
162650000	51
162655000	52
162660000	53
162665000	54
162670000	55
162675000	56
162680000	57
162685000	58
162690000	59
162695000	60
162700000	61
162705000	62
162710000	63
162715000	64
162720000	65
162725000	66
162730000	67
162735000	68
162740000	69
162745000	70
162750000	71
162755000	72
162760000	73
162765000	74
162770000	75
162775000	76
162780000	77
162785000	78
162790000	79
162795000	80
162800000	81
162805000	82
162810000	83
