115445000	0
115450000	1
115455000	2
115460000	3
115465000	4
115470000	5
115475000	6
115480000	7
115485000	8
115490000	9
115495000	10
115500000	11
115505000	12
115510000	13
115515000	14
115520000	15
115525000	16
115530000	17
115535000	18
115540000	19
115545000	20
115550000	21
115555000	22
115560000	23
115565000	24
115570000	25
115575000	26
115580000	27
115585000	28
115590000	29
115595000	30
115600000	31
115605000	32
115610000	33
115615000	34
115620000	35
115625000	36
115630000	37
115635000	38
115640000	39
115645000	40
115650000	41
115655000	42
115660000	43
115665000	44
115670000	45
115675000	46
115680000	47
115685000	48
115690000	49
115695000	50
115700000	51
115705000	52
115710000	53
115715000	54
115720000	55
115725000	56
115730000	57
115735000	58
115740000	59
115745000	60
115750000	61
115755000	62
115760000	63
115765000	64
115770000	65
115775000	66
115780000	67
115785000	68
115790000	69
115795000	70
115800000	71
115805000	72
115810000	73
115815000	74
115820000	75
115825000	76
115830000	77
115835000	78
115840000	79
115845000	80
115850000	81
115855000	82
115860000	83
115865000	84
115870000	85
115875000	86
115880000	87
115885000	88
115890000	89
115895000	90
115900000	91
115905000	92
115910000	93
115915000	94
115920000	95
115925000	96
115930000	97
115935000	98
115940000	99
115945000	100
115950000	101
115955000	102
115960000	103
115965000	104
115970000	105
115975000	106
115980000	107
115985000	108
115990000	109
115995000	110
116000000	111
116005000	112
116010000	113
116015000	114
116020000	115
116025000	116
116030000	117
116035000	118
116040000	119
116045000	120
116050000	121
116055000	122
116060000	123
116065000	124
116070000	125
116075000	126
116080000	127
116085000	128
116090000	129
116095000	130
116100000	131
116105000	132
116110000	133
116115000	134
116120000	135
116125000	136
116130000	137
116135000	138
116140000	139
116145000	140
116150000	141
116155000	142
116160000	143
116165000	144
116170000	145
116175000	146
116180000	147
116185000	148
116190000	149
116195000	150
116200000	151
116205000	152
116210000	153
116215000	154
116220000	155
116225000	156
116230000	157
116235000	158
116240000	159
116245000	160
116250000	161
116255000	162
116260000	163
116265000	164
116270000	165
116275000	166
116280000	167
116285000	168
116290000	169
116295000	170
