41155000	0
41160000	1
41165000	2
41170000	3
41175000	4
41180000	5
41185000	6
41190000	7
41195000	8
41200000	9
41205000	10
41210000	11
41215000	12
41220000	13
41225000	14
41230000	15
41235000	16
41240000	17
41245000	18
41250000	19
41255000	20
41260000	21
41265000	22
41270000	23
41275000	24
41280000	25
41285000	26
41290000	27
41295000	28
41300000	29
41305000	30
41310000	31
41315000	32
41320000	33
41325000	34
41330000	35
41335000	36
41340000	37
41345000	38
41350000	39
41355000	40
41360000	41
41365000	42
41370000	43
41375000	44
41380000	45
41385000	46
41390000	47
41395000	48
41400000	49
41405000	50
41410000	51
41415000	52
41420000	53
41425000	54
41430000	55
41435000	56
41440000	57
41445000	58
