42455000	0
42460000	1
42465000	2
42470000	3
42475000	4
42480000	5
42485000	6
42490000	7
42495000	8
42500000	9
42505000	10
42510000	11
42515000	12
42520000	13
42525000	14
42530000	15
42535000	16
42540000	17
42545000	18
42550000	19
42555000	20
42560000	21
42565000	22
42570000	23
42575000	24
42580000	25
42585000	26
42590000	27
42595000	28
42600000	29
42605000	30
42610000	31
42615000	32
42620000	33
42625000	34
42630000	35
42635000	36
42640000	37
42645000	38
42650000	39
42655000	40
42660000	41
42665000	42
42670000	43
42675000	44
42680000	45
42685000	46
42690000	47
42695000	48
42700000	49
42705000	50
42710000	51
42715000	52
42720000	53
42725000	54
42730000	55
42735000	56
42740000	57
42745000	58
42750000	59
42755000	60
42760000	61
42765000	62
42770000	63
42775000	64
42780000	65
42785000	66
42790000	67
42795000	68
42800000	69
42805000	70
42810000	71
42815000	72
42820000	73
42825000	74
