38500000	0
38505000	1
38510000	2
38515000	3
38520000	4
38525000	5
38530000	6
38535000	7
38540000	8
38545000	9
38550000	10
38555000	11
38560000	12
38565000	13
38570000	14
38575000	15
38580000	16
38585000	17
38590000	18
38595000	19
38600000	20
38605000	21
38610000	22
38615000	23
38620000	24
38625000	25
38630000	26
38635000	27
38640000	28
38645000	29
38650000	30
38655000	31
38660000	32
38665000	33
38670000	34
38675000	35
38680000	36
38685000	37
38690000	38
38695000	39
38700000	40
38705000	41
38710000	42
38715000	43
38720000	44
38725000	45
38730000	46
38735000	47
38740000	48
38745000	49
38750000	50
38755000	51
38760000	52
38765000	53
38770000	54
38775000	55
38780000	56
38785000	57
38790000	58
38795000	59
38800000	60
38805000	61
38810000	62
38815000	63
38820000	64
38825000	65
38830000	66
38835000	67
38840000	68
38845000	69
38850000	70
38855000	71
38860000	72
38865000	73
38870000	74
38875000	75
38880000	76
38885000	77
38890000	78
38895000	79
38900000	80
38905000	81
38910000	82
38915000	83
38920000	84
38925000	85
38930000	86
38935000	87
38940000	88
38945000	89
38950000	90
38955000	91
38960000	92
38965000	93
38970000	94
38975000	95
38980000	96
38985000	97
38990000	98
38995000	99
39000000	100
39005000	101
39010000	102
39015000	103
39020000	104
39025000	105
39030000	106
39035000	107
39040000	108
39045000	109
39050000	110
