183600000	0
183605000	1
183610000	2
183615000	3
183620000	4
183625000	5
183630000	6
183635000	7
183640000	8
183645000	9
183650000	10
183655000	11
183660000	12
183665000	13
183670000	14
183675000	15
183680000	16
183685000	17
183690000	18
183695000	19
183700000	20
183705000	21
183710000	22
183715000	23
183720000	24
183725000	25
183730000	26
183735000	27
183740000	28
183745000	29
183750000	30
183755000	31
183760000	32
183765000	33
183770000	34
183775000	35
183780000	36
183785000	37
183790000	38
183795000	39
183800000	40
183805000	41
183810000	42
183815000	43
183820000	44
183825000	45
183830000	46
183835000	47
183840000	48
183845000	49
183850000	50
183855000	51
183860000	52
183865000	53
183870000	54
183875000	55
183880000	56
183885000	57
183890000	58
183895000	59
183900000	60
183905000	61
183910000	62
183915000	63
183920000	64
183925000	65
183930000	66
183935000	67
183940000	68
183945000	69
183950000	70
183955000	71
183960000	72
183965000	73
183970000	74
183975000	75
183980000	76
183985000	77
183990000	78
183995000	79
184000000	80
184005000	81
184010000	82
184015000	83
184020000	84
184025000	85
184030000	86
184035000	87
184040000	88
184045000	89
184050000	90
184055000	91
184060000	92
184065000	93
184070000	94
184075000	95
184080000	96
