42075000	0
42080000	1
42085000	2
42090000	3
42095000	4
42100000	5
42105000	6
42110000	7
42115000	8
42120000	9
42125000	10
42130000	11
42135000	12
42140000	13
42145000	14
42150000	15
42155000	16
42160000	17
42165000	18
42170000	19
42175000	20
42180000	21
42185000	22
42190000	23
42195000	24
42200000	25
42205000	26
42210000	27
42215000	28
42220000	29
42225000	30
42230000	31
42235000	32
42240000	33
42245000	34
42250000	35
42255000	36
42260000	37
42265000	38
42270000	39
42275000	40
42280000	41
42285000	42
42290000	43
42295000	44
42300000	45
42305000	46
42310000	47
42315000	48
42320000	49
42325000	50
42330000	51
42335000	52
42340000	53
42345000	54
42350000	55
42355000	56
42360000	57
42365000	58
42370000	59
42375000	60
42380000	61
42385000	62
42390000	63
42395000	64
42400000	65
42405000	66
42410000	67
42415000	68
42420000	69
42425000	70
42430000	71
42435000	72
42440000	73
42445000	74
42450000	75
42455000	76
42460000	77
42465000	78
42470000	79
42475000	80
42480000	81
42485000	82
42490000	83
42495000	84
42500000	85
42505000	86
42510000	87
42515000	88
42520000	89
42525000	90
42530000	91
42535000	92
42540000	93
42545000	94
42550000	95
42555000	96
42560000	97
42565000	98
42570000	99
42575000	100
42580000	101
42585000	102
42590000	103
42595000	104
42600000	105
42605000	106
42610000	107
42615000	108
42620000	109
42625000	110
42630000	111
42635000	112
42640000	113
42645000	114
42650000	115
42655000	116
42660000	117
42665000	118
42670000	119
42675000	120
42680000	121
42685000	122
42690000	123
42695000	124
42700000	125
42705000	126
42710000	127
42715000	128
42720000	129
42725000	130
42730000	131
42735000	132
42740000	133
42745000	134
42750000	135
42755000	136
42760000	137
42765000	138
42770000	139
42775000	140
42780000	141
42785000	142
42790000	143
42795000	144
42800000	145
42805000	146
42810000	147
42815000	148
42820000	149
42825000	150
42830000	151
42835000	152
42840000	153
42845000	154
42850000	155
42855000	156
42860000	157
42865000	158
42870000	159
42875000	160
42880000	161
42885000	162
42890000	163
42895000	164
