6085000	0
6086000	1
6087000	2
6088000	3
6089000	4
6090000	5
6091000	6
6092000	7
6093000	8
6094000	9
6095000	10
6096000	11
6097000	12
6098000	13
6099000	14
6100000	15
6101000	16
6102000	17
6103000	18
6104000	19
6105000	20
6106000	21
6107000	22
6108000	23
6109000	24
6110000	25
6111000	26
6112000	27
6113000	28
6114000	29
6115000	30
6116000	31
6117000	32
6118000	33
6119000	34
6120000	35
6121000	36
6122000	37
6123000	38
6124000	39
6125000	40
6126000	41
6127000	42
6128000	43
6129000	44
6130000	45
6131000	46
6132000	47
6133000	48
6134000	49
6135000	50
6136000	51
6137000	52
6138000	53
6139000	54
6140000	55
6141000	56
6142000	57
6143000	58
6144000	59
6145000	60
6146000	61
6147000	62
6148000	63
6149000	64
6150000	65
6151000	66
6152000	67
6153000	68
6154000	69
6155000	70
6156000	71
6157000	72
6158000	73
6159000	74
6160000	75
6161000	76
6162000	77
6163000	78
6164000	79
6165000	80
6166000	81
6167000	82
6168000	83
6169000	84
6170000	85
6171000	86
6172000	87
6173000	88
6174000	89
6175000	90
6176000	91
6177000	92
6178000	93
6179000	94
6180000	95
6181000	96
6182000	97
6183000	98
6184000	99
6185000	100
6186000	101
6187000	102
6188000	103
6189000	104
6190000	105
6191000	106
6192000	107
6193000	108
6194000	109
6195000	110
6196000	111
6197000	112
6198000	113
6199000	114
6200000	115
6201000	116
6202000	117
6203000	118
6204000	119
6205000	120
6206000	121
6207000	122
6208000	123
6209000	124
6210000	125
6211000	126
6212000	127
6213000	128
6214000	129
6215000	130
6216000	131
6217000	132
6218000	133
6219000	134
6220000	135
6221000	136
6222000	137
6223000	138
6224000	139
6225000	140
6226000	141
6227000	142
6228000	143
6229000	144
6230000	145
6231000	146
6232000	147
6233000	148
6234000	149
6235000	150
6236000	151
6237000	152
6238000	153
6239000	154
6240000	155
6241000	156
6242000	157
6243000	158
6244000	159
6245000	160
6246000	161
6247000	162
6248000	163
6249000	164
6250000	165
6251000	166
6252000	167
6253000	168
6254000	169
6255000	170
6256000	171
6257000	172
6258000	173
6259000	174
6260000	175
6261000	176
6262000	177
6263000	178
6264000	179
6265000	180
6266000	181
6267000	182
6268000	183
6269000	184
6270000	185
6271000	186
6272000	187
6273000	188
6274000	189
6275000	190
6276000	191
6277000	192
6278000	193
6279000	194
6280000	195
6281000	196
6282000	197
6283000	198
6284000	199
6285000	200
6286000	201
6287000	202
6288000	203
6289000	204
6290000	205
6291000	206
6292000	207
6293000	208
6294000	209
6295000	210
6296000	211
6297000	212
6298000	213
6299000	214
6300000	215
6301000	216
6302000	217
6303000	218
6304000	219
6305000	220
6306000	221
6307000	222
6308000	223
6309000	224
6310000	225
6311000	226
6312000	227
6313000	228
6314000	229
6315000	230
6316000	231
6317000	232
6318000	233
6319000	234
6320000	235
6321000	236
6322000	237
6323000	238
6324000	239
6325000	240
6326000	241
6327000	242
6328000	243
6329000	244
6330000	245
6331000	246
6332000	247
6333000	248
6334000	249
6335000	250
6336000	251
6337000	252
6338000	253
6339000	254
6340000	255
6341000	256
6342000	257
6343000	258
6344000	259
6345000	260
6346000	261
6347000	262
6348000	263
6349000	264
6350000	265
6351000	266
6352000	267
6353000	268
6354000	269
6355000	270
6356000	271
6357000	272
6358000	273
6359000	274
6360000	275
6361000	276
6362000	277
6363000	278
6364000	279
6366000	280
6367000	281
6368000	282
6369000	283
6370000	284
6371000	285
6372000	286
6373000	287
6374000	288
6375000	289
6376000	290
6377000	291
6378000	292
6379000	293
6380000	294
6381000	295
6382000	296
6383000	297
6384000	298
6385000	299
6386000	300
6387000	301
6388000	302
6389000	303
6390000	304
6391000	305
6392000	306
6393000	307
6394000	308
6395000	309
6396000	310
6397000	311
6398000	312
6399000	313
6400000	314
6401000	315
6402000	316
6403000	317
6404000	318
6405000	319
6406000	320
6407000	321
6408000	322
6409000	323
6410000	324
6411000	325
6412000	326
6413000	327
6414000	328
6415000	329
6416000	330
6417000	331
6418000	332
6419000	333
6420000	334
6421000	335
6422000	336
6423000	337
6424000	338
6425000	339
6426000	340
6427000	341
6428000	342
6429000	343
6430000	344
6431000	345
6432000	346
6433000	347
6434000	348
6435000	349
6436000	350
6437000	351
6438000	352
6439000	353
6440000	354
6441000	355
6442000	356
6443000	357
6444000	358
6445000	359
6446000	360
6447000	361
6448000	362
6449000	363
6450000	364
6451000	365
6452000	366
6453000	367
6454000	368
6455000	369
6456000	370
6457000	371
6458000	372
6459000	373
6460000	374
6461000	375
6462000	376
6463000	377
6464000	378
6465000	379
6466000	380
6467000	381
6468000	382
6469000	383
6470000	384
6471000	385
6472000	386
6473000	387
6474000	388
6475000	389
6476000	390
6477000	391
6478000	392
6479000	393
6480000	394
6481000	395
6482000	396
6483000	397
6484000	398
6485000	399
6486000	400
6487000	401
6488000	402
6489000	403
6490000	404
6491000	405
6492000	406
6493000	407
6494000	408
6495000	409
6496000	410
6497000	411
6498000	412
6499000	413
6500000	414
6501000	415
6502000	416
6503000	417
6504000	418
6505000	419
6506000	420
6507000	421
6508000	422
6509000	423
6510000	424
6511000	425
6512000	426
6513000	427
6514000	428
6515000	429
6516000	430
6517000	431
6518000	432
6519000	433
6520000	434
6521000	435
6522000	436
6523000	437
6524000	438
6525000	439
6526000	440
6527000	441
6528000	442
6529000	443
6530000	444
6531000	445
6532000	446
6533000	447
6534000	448
6535000	449
6536000	450
6537000	451
6538000	452
6539000	453
6540000	454
6541000	455
6542000	456
6543000	457
6544000	458
6545000	459
6546000	460
6547000	461
6548000	462
6549000	463
6550000	464
6551000	465
6552000	466
6553000	467
6554000	468
6555000	469
6556000	470
6557000	471
6558000	472
6559000	473
6560000	474
6561000	475
6562000	476
6563000	477
6564000	478
6565000	479
6566000	480
6567000	481
6568000	482
6569000	483
6570000	484
6571000	485
6572000	486
6573000	487
6574000	488
6575000	489
6576000	490
6577000	491
6578000	492
6579000	493
6580000	494
6581000	495
6582000	496
6583000	497
6584000	498
6585000	499
6586000	500
6587000	501
6588000	502
6589000	503
6590000	504
6591000	505
6592000	506
6593000	507
6594000	508
6595000	509
6596000	510
6597000	511
6598000	512
6599000	513
6600000	514
6601000	515
6602000	516
6603000	517
6604000	518
6605000	519
6606000	520
6607000	521
6608000	522
6609000	523
6610000	524
6611000	525
6612000	526
6613000	527
6614000	528
6615000	529
6616000	530
6617000	531
6618000	532
6619000	533
6620000	534
6621000	535
6622000	536
6623000	537
6624000	538
6625000	539
6626000	540
6627000	541
6628000	542
6629000	543
6630000	544
6631000	545
6632000	546
6633000	547
6634000	548
6635000	549
6636000	550
6637000	551
6638000	552
6639000	553
6640000	554
6641000	555
6642000	556
6643000	557
6644000	558
6645000	559
6646000	560
6647000	561
6648000	562
6649000	563
6650000	564
6651000	565
6652000	566
6653000	567
6654000	568
6655000	569
6656000	570
6657000	571
6658000	572
6659000	573
6660000	574
6661000	575
6662000	576
6663000	577
6664000	578
6665000	579
6666000	580
6667000	581
6668000	582
6669000	583
6670000	584
6671000	585
6672000	586
6673000	587
6674000	588
6675000	589
6676000	590
6677000	591
6678000	592
6679000	593
6680000	594
6681000	595
6682000	596
6683000	597
6684000	598
6685000	599
6686000	600
6687000	601
6688000	602
6689000	603
6690000	604
6691000	605
6692000	606
6693000	607
6694000	608
6695000	609
6696000	610
6697000	611
6698000	612
6699000	613
6700000	614
6701000	615
6702000	616
6703000	617
6704000	618
6705000	619
6706000	620
6707000	621
6708000	622
6709000	623
6710000	624
6711000	625
6712000	626
6713000	627
6714000	628
6715000	629
6716000	630
6717000	631
6718000	632
6719000	633
6720000	634
6721000	635
6722000	636
6723000	637
6724000	638
6725000	639
6726000	640
6727000	641
6728000	642
6729000	643
6730000	644
6731000	645
6732000	646
6733000	647
6734000	648
6735000	649
6736000	650
6737000	651
6738000	652
6739000	653
6740000	654
