103835000	0
103840000	1
103845000	2
103850000	3
103855000	4
103860000	5
103865000	6
103870000	7
103875000	8
103880000	9
103885000	10
103890000	11
103895000	12
103900000	13
103905000	14
103910000	15
103915000	16
103920000	17
103925000	18
103930000	19
103935000	20
103940000	21
103945000	22
103950000	23
103955000	24
103960000	25
103965000	26
103970000	27
103975000	28
103980000	29
103985000	30
103990000	31
103995000	32
104000000	33
104005000	34
104010000	35
104015000	36
104020000	37
104025000	38
104030000	39
104035000	40
104040000	41
104045000	42
104050000	43
104055000	44
104060000	45
104065000	46
104070000	47
104075000	48
104080000	49
104085000	50
104090000	51
104095000	52
104100000	53
104105000	54
104110000	55
104115000	56
104120000	57
104125000	58
104130000	59
104135000	60
104140000	61
104145000	62
104150000	63
104155000	64
104160000	65
104165000	66
104170000	67
104175000	68
104180000	69
104185000	70
104190000	71
104195000	72
104200000	73
104205000	74
104210000	75
104215000	76
104220000	77
104225000	78
104230000	79
104235000	80
104240000	81
104245000	82
104250000	83
104255000	84
104260000	85
104265000	86
104270000	87
104275000	88
104280000	89
104285000	90
104290000	91
104295000	92
104300000	93
104305000	94
104310000	95
104315000	96
104320000	97
104325000	98
104330000	99
104335000	100
104340000	101
104345000	102
104350000	103
104355000	104
104360000	105
104365000	106
104370000	107
104375000	108
104380000	109
104385000	110
104390000	111
104395000	112
104400000	113
104405000	114
104410000	115
104415000	116
104420000	117
104425000	118
104430000	119
104435000	120
104440000	121
104445000	122
104450000	123
104455000	124
104460000	125
104465000	126
104470000	127
104475000	128
104480000	129
104485000	130
104490000	131
104495000	132
104500000	133
104505000	134
104510000	135
104515000	136
104520000	137
104525000	138
104530000	139
104535000	140
104540000	141
104545000	142
104550000	143
104555000	144
104560000	145
104565000	146
104570000	147
104575000	148
104580000	149
104585000	150
104590000	151
104595000	152
104600000	153
104605000	154
104610000	155
104615000	156
104620000	157
104625000	158
104630000	159
104635000	160
104640000	161
104645000	162
104650000	163
104655000	164
104660000	165
104665000	166
104670000	167
104675000	168
104680000	169
104685000	170
104690000	171
104695000	172
104700000	173
104705000	174
104710000	175
104715000	176
104720000	177
104725000	178
104730000	179
104735000	180
104740000	181
104745000	182
104750000	183
104755000	184
104760000	185
104765000	186
104770000	187
104775000	188
104780000	189
104785000	190
104790000	191
104795000	192
104800000	193
104805000	194
104810000	195
104815000	196
104820000	197
104825000	198
104830000	199
104835000	200
104840000	201
104845000	202
104850000	203
104855000	204
104860000	205
104865000	206
104870000	207
104875000	208
104880000	209
104885000	210
104890000	211
104895000	212
104900000	213
104905000	214
104910000	215
104915000	216
104920000	217
104925000	218
104930000	219
104935000	220
104940000	221
104945000	222
104950000	223
104955000	224
104960000	225
104965000	226
104970000	227
104975000	228
104980000	229
104985000	230
104990000	231
104995000	232
105000000	233
105005000	234
105010000	235
105015000	236
105020000	237
105025000	238
105030000	239
105035000	240
105040000	241
105045000	242
105050000	243
105055000	244
105060000	245
105065000	246
105070000	247
105075000	248
105080000	249
105085000	250
105090000	251
105095000	252
105100000	253
105105000	254
105110000	255
105115000	256
105120000	257
105125000	258
105130000	259
105135000	260
105140000	261
105145000	262
105150000	263
105155000	264
105160000	265
105165000	266
105170000	267
105175000	268
105180000	269
105185000	270
105190000	271
105195000	272
105200000	273
105205000	274
105210000	275
105215000	276
105220000	277
105225000	278
105230000	279
105235000	280
105240000	281
105245000	282
105250000	283
105255000	284
105260000	285
105265000	286
105270000	287
105275000	288
105280000	289
105285000	290
105290000	291
105295000	292
105300000	293
105305000	294
105310000	295
105315000	296
105320000	297
105325000	298
105330000	299
105335000	300
105340000	301
105345000	302
105350000	303
105355000	304
105360000	305
105365000	306
105370000	307
105375000	308
105380000	309
105385000	310
105390000	311
105395000	312
105400000	313
105405000	314
105410000	315
105415000	316
