92790000	0
92795000	1
92800000	2
92805000	3
92810000	4
92815000	5
92820000	6
92825000	7
92830000	8
92835000	9
92840000	10
92845000	11
92850000	12
92855000	13
92860000	14
92865000	15
92870000	16
92875000	17
92880000	18
92885000	19
92890000	20
92895000	21
92900000	22
92905000	23
92910000	24
92915000	25
92920000	26
92925000	27
92930000	28
92935000	29
92940000	30
92945000	31
92950000	32
92955000	33
92960000	34
92965000	35
92970000	36
92975000	37
92980000	38
92985000	39
92990000	40
92995000	41
93000000	42
93005000	43
93010000	44
93015000	45
93020000	46
93025000	47
93030000	48
93035000	49
93040000	50
93045000	51
93050000	52
93055000	53
93060000	54
93065000	55
93070000	56
93075000	57
93080000	58
93085000	59
93090000	60
93095000	61
93100000	62
93105000	63
93110000	64
93115000	65
93120000	66
93125000	67
93130000	68
93135000	69
93140000	70
93145000	71
93150000	72
93155000	73
93160000	74
93165000	75
93170000	76
93175000	77
93180000	78
93185000	79
93190000	80
93195000	81
93200000	82
93205000	83
93210000	84
93215000	85
93220000	86
93225000	87
93230000	88
93235000	89
93240000	90
93245000	91
93250000	92
93255000	93
93260000	94
93265000	95
93270000	96
93275000	97
93280000	98
93285000	99
93290000	100
93295000	101
93300000	102
93305000	103
93310000	104
93315000	105
93320000	106
93325000	107
93330000	108
93335000	109
93340000	110
93345000	111
93350000	112
93355000	113
93360000	114
93365000	115
93370000	116
93375000	117
93380000	118
93385000	119
93390000	120
93395000	121
93400000	122
93405000	123
93410000	124
93415000	125
93420000	126
93425000	127
93430000	128
93435000	129
93440000	130
93445000	131
93450000	132
93455000	133
93460000	134
93465000	135
93470000	136
93475000	137
93480000	138
93485000	139
93490000	140
93495000	141
93500000	142
93505000	143
93510000	144
93515000	145
93520000	146
93525000	147
93530000	148
93535000	149
93540000	150
93545000	151
93550000	152
93555000	153
93560000	154
93565000	155
93570000	156
93575000	157
93580000	158
93585000	159
93590000	160
93595000	161
93600000	162
93605000	163
93610000	164
93615000	165
93620000	166
93625000	167
93630000	168
93635000	169
93640000	170
93645000	171
93650000	172
93655000	173
93660000	174
93665000	175
93670000	176
93675000	177
93680000	178
93685000	179
93690000	180
93695000	181
93700000	182
93705000	183
93710000	184
93715000	185
93720000	186
93725000	187
93730000	188
93735000	189
93740000	190
93745000	191
93750000	192
93755000	193
93760000	194
93765000	195
93770000	196
93775000	197
93780000	198
93785000	199
93790000	200
93795000	201
93800000	202
93805000	203
93810000	204
93815000	205
93820000	206
93825000	207
93830000	208
93835000	209
93840000	210
93845000	211
93850000	212
93855000	213
93860000	214
93865000	215
93870000	216
93875000	217
93880000	218
93885000	219
93890000	220
93895000	221
93900000	222
93905000	223
93910000	224
93915000	225
93920000	226
93925000	227
93930000	228
93935000	229
93940000	230
93945000	231
93950000	232
93955000	233
93960000	234
93965000	235
93970000	236
93975000	237
93980000	238
93985000	239
93990000	240
93995000	241
94000000	242
94005000	243
94010000	244
94015000	245
94020000	246
94025000	247
94030000	248
94035000	249
94040000	250
94045000	251
94050000	252
94055000	253
94060000	254
94065000	255
94070000	256
94075000	257
94080000	258
94085000	259
94090000	260
94095000	261
94100000	262
94105000	263
94110000	264
94115000	265
94120000	266
94125000	267
94130000	268
94135000	269
94140000	270
94145000	271
94150000	272
94155000	273
94160000	274
94165000	275
94170000	276
94175000	277
94180000	278
94185000	279
94190000	280
94195000	281
94200000	282
94205000	283
94210000	284
94215000	285
94220000	286
94225000	287
94230000	288
94235000	289
94240000	290
94245000	291
94250000	292
94255000	293
94260000	294
94265000	295
94270000	296
94275000	297
94280000	298
94285000	299
94290000	300
94295000	301
94300000	302
94305000	303
94310000	304
94315000	305
94320000	306
94325000	307
94330000	308
94335000	309
94340000	310
94345000	311
94350000	312
94355000	313
94360000	314
94365000	315
94370000	316
94375000	317
94380000	318
94385000	319
94390000	320
94395000	321
94400000	322
94405000	323
94410000	324
94415000	325
94420000	326
94425000	327
94430000	328
94435000	329
94440000	330
94445000	331
94450000	332
94455000	333
94460000	334
94465000	335
94470000	336
94475000	337
94480000	338
94485000	339
94490000	340
94495000	341
94500000	342
94505000	343
94510000	344
94515000	345
94520000	346
94525000	347
94530000	348
94535000	349
94540000	350
94545000	351
94550000	352
94555000	353
94560000	354
94565000	355
94570000	356
94575000	357
94580000	358
94585000	359
94590000	360
94595000	361
94600000	362
94605000	363
94610000	364
94615000	365
94620000	366
94625000	367
94630000	368
94635000	369
94640000	370
94645000	371
94650000	372
94655000	373
94660000	374
94665000	375
94670000	376
94675000	377
94680000	378
94685000	379
94690000	380
94695000	381
94700000	382
94705000	383
94710000	384
94715000	385
94720000	386
94725000	387
94730000	388
94735000	389
94740000	390
94745000	391
94750000	392
94755000	393
94760000	394
94765000	395
94770000	396
94775000	397
94780000	398
94785000	399
94790000	400
94795000	401
94800000	402
94805000	403
94810000	404
94815000	405
94820000	406
94825000	407
94830000	408
94835000	409
94840000	410
94845000	411
94850000	412
94855000	413
94860000	414
94865000	415
94870000	416
94875000	417
94880000	418
94885000	419
94890000	420
94895000	421
94900000	422
94905000	423
94910000	424
94915000	425
94920000	426
94925000	427
94930000	428
94935000	429
94940000	430
94945000	431
94950000	432
94955000	433
94960000	434
94965000	435
94970000	436
94975000	437
94980000	438
94985000	439
94990000	440
94995000	441
95000000	442
95005000	443
95010000	444
95015000	445
95020000	446
95025000	447
95030000	448
95035000	449
95040000	450
95045000	451
95050000	452
95055000	453
95060000	454
95065000	455
95070000	456
95075000	457
95080000	458
95085000	459
95090000	460
95095000	461
95100000	462
95105000	463
95110000	464
95115000	465
95120000	466
95125000	467
95130000	468
95135000	469
95140000	470
95145000	471
95150000	472
95155000	473
95160000	474
95165000	475
95170000	476
95175000	477
95180000	478
95185000	479
95190000	480
95195000	481
95200000	482
95205000	483
95210000	484
95215000	485
95220000	486
95225000	487
95230000	488
95235000	489
95240000	490
95245000	491
95250000	492
95255000	493
95260000	494
95265000	495
95270000	496
95275000	497
95280000	498
95285000	499
95290000	500
95295000	501
95300000	502
95305000	503
95310000	504
95315000	505
95320000	506
95325000	507
95330000	508
95335000	509
95340000	510
95345000	511
95350000	512
95355000	513
95360000	514
95365000	515
95370000	516
95375000	517
95380000	518
95385000	519
95390000	520
95395000	521
95400000	522
95405000	523
95410000	524
95415000	525
95420000	526
95425000	527
95430000	528
95435000	529
95440000	530
95445000	531
95450000	532
95455000	533
95460000	534
95465000	535
95470000	536
95475000	537
95480000	538
95485000	539
95490000	540
95495000	541
95500000	542
95505000	543
95510000	544
95515000	545
95520000	546
95525000	547
95530000	548
95535000	549
95540000	550
95545000	551
95550000	552
95555000	553
95560000	554
95565000	555
95570000	556
95575000	557
95580000	558
95585000	559
95590000	560
95595000	561
95600000	562
95605000	563
95610000	564
95615000	565
95620000	566
95625000	567
95630000	568
95635000	569
95640000	570
95645000	571
95650000	572
95655000	573
95660000	574
95665000	575
95670000	576
95675000	577
95680000	578
