25940000	0
25945000	1
25950000	2
25955000	3
25960000	4
25965000	5
25970000	6
25975000	7
25980000	8
25985000	9
25990000	10
25995000	11
26000000	12
26005000	13
26010000	14
26015000	15
26020000	16
26025000	17
26030000	18
26035000	19
26040000	20
26045000	21
26050000	22
26055000	23
26060000	24
26065000	25
26070000	26
26075000	27
26080000	28
26085000	29
26090000	30
26095000	31
26100000	32
26105000	33
26110000	34
26115000	35
26120000	36
26125000	37
26130000	38
26135000	39
26140000	40
26145000	41
26150000	42
26155000	43
26160000	44
26165000	45
26170000	46
26175000	47
26180000	48
26185000	49
26190000	50
26195000	51
26200000	52
26205000	53
26210000	54
26215000	55
26220000	56
26225000	57
26230000	58
26235000	59
26240000	60
26245000	61
26250000	62
26255000	63
26260000	64
26265000	65
26270000	66
26275000	67
26280000	68
26285000	69
26290000	70
26295000	71
26300000	72
26305000	73
26310000	74
26315000	75
26320000	76
26325000	77
26330000	78
26335000	79
26340000	80
26345000	81
26350000	82
26355000	83
26360000	84
26365000	85
26370000	86
26375000	87
26380000	88
26385000	89
26390000	90
26395000	91
26400000	92
26405000	93
26410000	94
26415000	95
26420000	96
26425000	97
26430000	98
26435000	99
26440000	100
26445000	101
26450000	102
26455000	103
26460000	104
26465000	105
26470000	106
26475000	107
26480000	108
26485000	109
26490000	110
26495000	111
26500000	112
26505000	113
26510000	114
26515000	115
26520000	116
26525000	117
26530000	118
26535000	119
26540000	120
26545000	121
26550000	122
26555000	123
26560000	124
26565000	125
26570000	126
26575000	127
26580000	128
26585000	129
26590000	130
26595000	131
26600000	132
26605000	133
26610000	134
26615000	135
26620000	136
26625000	137
26630000	138
26635000	139
26640000	140
26645000	141
26650000	142
26655000	143
26660000	144
26665000	145
