53555000	0
53560000	1
53565000	2
53570000	3
53575000	4
53580000	5
53585000	6
53590000	7
53595000	8
53600000	9
53605000	10
53610000	11
53615000	12
53620000	13
53625000	14
53630000	15
53635000	16
53640000	17
53645000	18
53650000	19
53655000	20
53660000	21
53665000	22
53670000	23
53675000	24
53680000	25
53685000	26
53690000	27
53695000	28
53700000	29
53705000	30
53710000	31
53715000	32
53720000	33
53725000	34
53730000	35
53735000	36
53740000	37
53745000	38
53750000	39
53755000	40
53760000	41
53765000	42
53770000	43
53775000	44
53780000	45
53785000	46
53790000	47
53795000	48
53800000	49
53805000	50
53810000	51
53815000	52
53820000	53
53825000	54
53830000	55
53835000	56
53840000	57
53845000	58
53850000	59
53855000	60
53860000	61
53865000	62
53870000	63
53875000	64
53880000	65
53885000	66
53890000	67
53895000	68
53900000	69
53905000	70
53910000	71
53915000	72
53920000	73
53925000	74
53930000	75
53935000	76
53940000	77
53945000	78
53950000	79
53955000	80
53960000	81
53965000	82
53970000	83
53975000	84
53980000	85
53985000	86
53990000	87
53995000	88
54000000	89
54005000	90
54010000	91
54015000	92
54020000	93
54025000	94
54030000	95
54035000	96
54040000	97
54045000	98
54050000	99
54055000	100
54060000	101
54065000	102
54070000	103
54075000	104
54080000	105
54085000	106
54090000	107
54095000	108
54100000	109
54105000	110
54110000	111
54115000	112
54120000	113
54125000	114
54130000	115
54135000	116
54140000	117
54145000	118
54150000	119
54155000	120
54160000	121
54165000	122
54170000	123
54175000	124
54180000	125
54185000	126
54190000	127
54195000	128
54200000	129
54205000	130
54210000	131
54215000	132
54220000	133
54225000	134
54230000	135
54235000	136
54240000	137
54245000	138
54250000	139
54255000	140
54260000	141
54265000	142
54270000	143
54275000	144
54280000	145
54285000	146
54290000	147
54295000	148
54300000	149
54305000	150
54310000	151
54315000	152
54320000	153
54325000	154
54330000	155
54335000	156
54340000	157
54345000	158
54350000	159
54355000	160
54360000	161
54365000	162
54370000	163
54375000	164
54380000	165
54385000	166
54390000	167
54395000	168
54400000	169
54405000	170
54410000	171
54415000	172
54420000	173
54425000	174
54430000	175
54435000	176
54440000	177
54445000	178
54450000	179
54455000	180
54460000	181
54465000	182
54470000	183
54475000	184
54480000	185
54485000	186
54490000	187
54495000	188
54500000	189
54505000	190
54510000	191
54515000	192
54520000	193
54525000	194
54530000	195
54535000	196
54540000	197
54545000	198
54550000	199
54555000	200
54560000	201
54565000	202
54570000	203
54575000	204
54580000	205
54585000	206
54590000	207
54595000	208
54600000	209
54605000	210
54610000	211
54615000	212
54620000	213
54625000	214
54630000	215
54635000	216
54640000	217
54645000	218
54650000	219
54655000	220
54660000	221
54665000	222
54670000	223
54675000	224
54680000	225
54685000	226
54690000	227
54695000	228
54700000	229
54705000	230
54710000	231
54715000	232
54720000	233
54725000	234
54730000	235
54735000	236
54740000	237
54745000	238
54750000	239
54755000	240
54760000	241
54765000	242
54770000	243
54775000	244
54780000	245
54785000	246
54790000	247
54795000	248
54800000	249
54805000	250
54810000	251
54815000	252
54820000	253
54825000	254
54830000	255
54835000	256
54840000	257
54845000	258
54850000	259
54855000	260
54860000	261
54865000	262
54870000	263
54875000	264
54880000	265
54885000	266
54890000	267
54895000	268
54900000	269
54905000	270
54910000	271
54915000	272
54920000	273
54925000	274
54930000	275
54935000	276
54940000	277
54945000	278
54950000	279
54955000	280
54960000	281
54965000	282
54970000	283
54975000	284
54980000	285
54985000	286
54990000	287
54995000	288
55000000	289
55005000	290
55010000	291
55015000	292
55020000	293
55025000	294
55030000	295
55035000	296
55040000	297
55045000	298
55050000	299
55055000	300
55060000	301
55065000	302
55070000	303
55075000	304
55080000	305
55085000	306
55090000	307
55095000	308
55100000	309
55105000	310
55110000	311
55115000	312
55120000	313
55125000	314
55130000	315
55135000	316
55140000	317
55145000	318
55150000	319
55155000	320
55160000	321
55165000	322
55170000	323
55175000	324
55180000	325
55185000	326
55190000	327
55195000	328
55200000	329
55205000	330
55210000	331
55215000	332
55220000	333
55225000	334
55230000	335
55235000	336
55240000	337
55245000	338
55250000	339
55255000	340
55260000	341
55265000	342
55270000	343
55275000	344
55280000	345
55285000	346
55290000	347
55295000	348
55300000	349
55305000	350
55310000	351
55315000	352
55320000	353
55325000	354
55330000	355
55335000	356
55340000	357
55345000	358
55350000	359
55355000	360
55360000	361
55365000	362
55370000	363
55375000	364
55380000	365
55385000	366
55390000	367
55395000	368
55400000	369
55405000	370
55410000	371
55415000	372
55420000	373
55425000	374
55430000	375
55435000	376
55440000	377
55445000	378
55450000	379
55455000	380
55460000	381
55465000	382
55470000	383
55475000	384
55480000	385
55485000	386
55490000	387
55495000	388
55500000	389
55505000	390
55510000	391
55515000	392
55520000	393
55525000	394
55530000	395
55535000	396
55540000	397
55545000	398
55550000	399
55555000	400
55560000	401
55565000	402
55570000	403
55575000	404
55580000	405
55585000	406
55590000	407
55595000	408
55600000	409
55605000	410
55610000	411
55615000	412
55620000	413
55625000	414
55630000	415
55635000	416
55640000	417
55645000	418
55650000	419
55655000	420
55660000	421
55665000	422
55670000	423
55675000	424
55680000	425
55685000	426
55690000	427
55695000	428
55700000	429
55705000	430
55710000	431
55715000	432
55720000	433
55725000	434
55730000	435
55735000	436
55740000	437
55745000	438
55750000	439
55755000	440
55760000	441
55765000	442
55770000	443
55775000	444
55780000	445
55785000	446
55790000	447
55795000	448
55800000	449
55805000	450
55810000	451
55815000	452
55820000	453
55825000	454
55830000	455
55835000	456
55840000	457
55845000	458
55850000	459
55855000	460
55860000	461
55865000	462
55870000	463
55875000	464
55880000	465
55885000	466
55890000	467
55895000	468
55900000	469
55905000	470
55910000	471
55915000	472
55920000	473
55925000	474
55930000	475
55935000	476
55940000	477
55945000	478
55950000	479
55955000	480
55960000	481
55965000	482
55970000	483
55975000	484
55980000	485
55985000	486
55990000	487
55995000	488
56000000	489
56005000	490
56010000	491
56015000	492
56020000	493
56025000	494
56030000	495
56035000	496
56040000	497
56045000	498
56050000	499
56055000	500
56060000	501
56065000	502
56070000	503
56075000	504
56080000	505
56085000	506
56090000	507
56095000	508
56100000	509
56105000	510
56110000	511
56115000	512
56120000	513
56125000	514
56130000	515
56135000	516
56140000	517
56145000	518
56150000	519
56155000	520
56160000	521
56165000	522
56170000	523
56175000	524
56180000	525
56185000	526
56190000	527
56195000	528
56200000	529
56205000	530
56210000	531
56215000	532
56220000	533
56225000	534
56230000	535
56235000	536
56240000	537
56245000	538
56250000	539
56255000	540
56260000	541
56265000	542
56270000	543
56275000	544
56280000	545
56285000	546
56290000	547
56295000	548
56300000	549
56305000	550
56310000	551
56315000	552
56320000	553
56325000	554
56330000	555
56335000	556
56340000	557
56345000	558
56350000	559
56355000	560
56360000	561
56365000	562
56370000	563
56375000	564
56380000	565
56385000	566
56390000	567
56395000	568
56400000	569
56405000	570
56410000	571
56415000	572
56420000	573
56425000	574
56430000	575
56435000	576
56440000	577
56445000	578
56450000	579
56455000	580
56460000	581
56465000	582
56470000	583
56475000	584
56480000	585
56485000	586
56490000	587
56495000	588
56500000	589
56505000	590
56510000	591
56515000	592
56520000	593
56525000	594
56530000	595
56535000	596
56540000	597
56545000	598
56550000	599
56555000	600
56560000	601
56565000	602
56570000	603
56575000	604
56580000	605
56585000	606
56590000	607
56595000	608
56600000	609
56605000	610
56610000	611
56615000	612
56620000	613
56625000	614
56630000	615
56635000	616
56640000	617
56645000	618
56650000	619
56655000	620
56660000	621
56665000	622
56670000	623
56675000	624
56680000	625
56685000	626
56690000	627
56695000	628
56700000	629
56705000	630
56710000	631
56715000	632
56720000	633
56725000	634
56730000	635
56735000	636
56740000	637
56745000	638
56750000	639
56755000	640
56760000	641
56765000	642
56770000	643
56775000	644
56780000	645
56785000	646
56790000	647
56795000	648
56800000	649
56805000	650
56810000	651
56815000	652
56820000	653
56825000	654
56830000	655
56835000	656
56840000	657
56845000	658
56850000	659
56855000	660
56860000	661
56865000	662
56870000	663
56875000	664
56880000	665
56885000	666
56890000	667
56895000	668
56900000	669
56905000	670
56910000	671
56915000	672
56920000	673
56925000	674
56930000	675
56935000	676
56940000	677
56945000	678
56950000	679
56955000	680
56960000	681
56965000	682
56970000	683
56975000	684
56980000	685
56985000	686
56990000	687
56995000	688
57000000	689
57005000	690
57010000	691
57015000	692
57020000	693
57025000	694
57030000	695
57035000	696
57040000	697
57045000	698
57050000	699
57055000	700
57060000	701
57065000	702
57070000	703
57075000	704
57080000	705
57085000	706
57090000	707
57095000	708
57100000	709
57105000	710
57110000	711
57115000	712
57120000	713
57125000	714
57130000	715
57135000	716
57140000	717
57145000	718
57150000	719
57155000	720
57160000	721
57165000	722
57170000	723
57175000	724
57180000	725
57185000	726
57190000	727
57195000	728
57200000	729
57205000	730
57210000	731
57215000	732
57220000	733
57225000	734
57230000	735
57235000	736
57240000	737
57245000	738
57250000	739
57255000	740
57260000	741
57265000	742
57270000	743
57275000	744
57280000	745
57285000	746
57290000	747
57295000	748
57300000	749
57305000	750
57310000	751
57315000	752
57320000	753
57325000	754
57330000	755
57335000	756
57340000	757
57345000	758
57350000	759
57355000	760
57360000	761
57365000	762
57370000	763
57375000	764
57380000	765
57385000	766
57390000	767
57395000	768
57400000	769
57405000	770
57410000	771
57415000	772
57420000	773
57425000	774
57430000	775
57435000	776
57440000	777
57445000	778
57450000	779
57455000	780
57460000	781
57465000	782
57470000	783
57475000	784
57480000	785
57485000	786
57490000	787
57495000	788
57500000	789
57505000	790
57510000	791
57515000	792
57520000	793
57525000	794
57530000	795
57535000	796
57540000	797
57545000	798
57550000	799
57555000	800
57560000	801
57565000	802
57570000	803
57575000	804
57580000	805
57585000	806
57590000	807
57595000	808
57600000	809
57605000	810
57610000	811
57615000	812
57620000	813
57625000	814
57630000	815
57635000	816
57640000	817
57645000	818
57650000	819
57655000	820
57660000	821
57665000	822
57670000	823
57675000	824
57680000	825
57685000	826
57690000	827
57695000	828
57700000	829
57705000	830
57710000	831
57745000	832
57750000	833
57755000	834
57760000	835
57765000	836
57770000	837
57775000	838
57780000	839
57785000	840
57790000	841
57795000	842
57800000	843
57805000	844
57810000	845
57815000	846
57820000	847
57825000	848
57830000	849
57835000	850
57840000	851
57845000	852
57850000	853
57855000	854
57860000	855
57865000	856
57870000	857
57875000	858
57880000	859
57885000	860
57890000	861
57895000	862
57900000	863
57905000	864
57910000	865
57915000	866
57920000	867
57925000	868
57930000	869
57935000	870
57940000	871
57945000	872
57950000	873
57955000	874
57960000	875
57965000	876
57970000	877
57975000	878
57980000	879
57985000	880
57990000	881
57995000	882
58000000	883
58005000	884
58010000	885
58015000	886
58020000	887
58025000	888
58030000	889
58035000	890
58040000	891
58045000	892
58050000	893
58055000	894
58060000	895
58065000	896
58070000	897
58075000	898
58080000	899
58085000	900
58090000	901
58095000	902
58100000	903
58105000	904
58110000	905
58115000	906
58120000	907
58125000	908
58130000	909
58135000	910
58140000	911
58145000	912
58150000	913
58155000	914
58160000	915
58165000	916
58170000	917
58175000	918
58180000	919
58185000	920
58190000	921
58195000	922
58200000	923
58205000	924
58210000	925
58215000	926
58220000	927
58225000	928
58230000	929
58235000	930
58240000	931
58245000	932
58250000	933
58255000	934
58260000	935
58265000	936
58270000	937
58275000	938
58280000	939
58285000	940
58290000	941
58295000	942
58300000	943
58305000	944
58310000	945
58315000	946
58320000	947
58325000	948
58330000	949
58335000	950
58340000	951
58345000	952
58350000	953
58355000	954
58360000	955
58365000	956
58370000	957
58375000	958
58380000	959
58385000	960
58390000	961
58395000	962
58400000	963
58405000	964
58410000	965
58415000	966
58420000	967
58425000	968
58430000	969
58435000	970
58440000	971
58445000	972
58450000	973
58455000	974
58460000	975
58465000	976
58470000	977
58475000	978
58480000	979
58485000	980
58490000	981
58495000	982
58500000	983
58505000	984
58510000	985
58515000	986
58520000	987
58525000	988
58530000	989
58535000	990
58540000	991
58545000	992
58550000	993
58555000	994
58560000	995
58565000	996
58570000	997
58575000	998
58580000	999
58585000	1000
58590000	1001
58595000	1002
58600000	1003
58605000	1004
58610000	1005
58615000	1006
58620000	1007
58625000	1008
58630000	1009
58635000	1010
58640000	1011
58645000	1012
58650000	1013
58655000	1014
58660000	1015
58665000	1016
58670000	1017
58675000	1018
58680000	1019
58685000	1020
58690000	1021
58695000	1022
58700000	1023
58705000	1024
58710000	1025
58715000	1026
58720000	1027
58725000	1028
58730000	1029
58735000	1030
58740000	1031
58745000	1032
58750000	1033
58755000	1034
58760000	1035
58765000	1036
58770000	1037
58775000	1038
58780000	1039
58785000	1040
58790000	1041
58795000	1042
58800000	1043
58805000	1044
58810000	1045
58815000	1046
58820000	1047
58825000	1048
58830000	1049
58835000	1050
58840000	1051
58845000	1052
58850000	1053
58855000	1054
58860000	1055
58865000	1056
58870000	1057
58875000	1058
58880000	1059
58885000	1060
58890000	1061
58895000	1062
58900000	1063
58905000	1064
58910000	1065
58915000	1066
58920000	1067
58925000	1068
58930000	1069
58935000	1070
58940000	1071
58945000	1072
58950000	1073
58955000	1074
58960000	1075
58965000	1076
58970000	1077
58975000	1078
58980000	1079
58985000	1080
58990000	1081
58995000	1082
59000000	1083
59005000	1084
59010000	1085
59015000	1086
59020000	1087
59025000	1088
59030000	1089
59035000	1090
59040000	1091
59045000	1092
59050000	1093
59055000	1094
59060000	1095
59065000	1096
59070000	1097
59075000	1098
59080000	1099
59085000	1100
59090000	1101
59095000	1102
59100000	1103
59105000	1104
59110000	1105
59115000	1106
59120000	1107
59125000	1108
59130000	1109
59135000	1110
59140000	1111
59145000	1112
59150000	1113
59155000	1114
59160000	1115
59165000	1116
59170000	1117
59175000	1118
59180000	1119
59185000	1120
59190000	1121
59195000	1122
59200000	1123
59205000	1124
59210000	1125
59215000	1126
59220000	1127
59225000	1128
59230000	1129
59235000	1130
59240000	1131
59245000	1132
59250000	1133
59255000	1134
59260000	1135
59265000	1136
59270000	1137
59275000	1138
59280000	1139
59285000	1140
59290000	1141
59295000	1142
59300000	1143
59305000	1144
59310000	1145
59315000	1146
59320000	1147
59325000	1148
59330000	1149
59335000	1150
59340000	1151
59345000	1152
59350000	1153
59355000	1154
59360000	1155
59365000	1156
59370000	1157
59375000	1158
59380000	1159
59385000	1160
59390000	1161
59395000	1162
59400000	1163
59405000	1164
59410000	1165
59415000	1166
59420000	1167
59425000	1168
59430000	1169
59435000	1170
59440000	1171
59445000	1172
59450000	1173
59455000	1174
59460000	1175
59465000	1176
59470000	1177
59475000	1178
59480000	1179
59485000	1180
59490000	1181
59495000	1182
59500000	1183
59505000	1184
59510000	1185
59515000	1186
59520000	1187
59525000	1188
59530000	1189
59535000	1190
59540000	1191
59545000	1192
59550000	1193
59555000	1194
59560000	1195
59565000	1196
59570000	1197
59575000	1198
59580000	1199
59585000	1200
59590000	1201
59595000	1202
59600000	1203
59605000	1204
59610000	1205
59615000	1206
59620000	1207
59625000	1208
59630000	1209
59635000	1210
59640000	1211
59645000	1212
59650000	1213
59655000	1214
59660000	1215
59665000	1216
59670000	1217
59675000	1218
59680000	1219
59685000	1220
59690000	1221
59695000	1222
59700000	1223
59705000	1224
59710000	1225
59715000	1226
59720000	1227
59725000	1228
59730000	1229
59735000	1230
59740000	1231
59745000	1232
59750000	1233
59755000	1234
59760000	1235
59765000	1236
59770000	1237
59775000	1238
59780000	1239
59785000	1240
59790000	1241
59795000	1242
59800000	1243
59805000	1244
59810000	1245
59815000	1246
59820000	1247
59825000	1248
59830000	1249
59835000	1250
59840000	1251
59845000	1252
59850000	1253
59855000	1254
59860000	1255
59865000	1256
59870000	1257
59875000	1258
59880000	1259
59885000	1260
59890000	1261
59895000	1262
59900000	1263
