22185000	0
22190000	1
22195000	2
22200000	3
22205000	4
22210000	5
22215000	6
22220000	7
22225000	8
22230000	9
22235000	10
22240000	11
22245000	12
22250000	13
22255000	14
22260000	15
22265000	16
22270000	17
22275000	18
22280000	19
22285000	20
22290000	21
22295000	22
22300000	23
22305000	24
22310000	25
22315000	26
22320000	27
22325000	28
22330000	29
22335000	30
22340000	31
22345000	32
22350000	33
22355000	34
22360000	35
22365000	36
22370000	37
22375000	38
22380000	39
22385000	40
22390000	41
22395000	42
22400000	43
22405000	44
22410000	45
22415000	46
22420000	47
22425000	48
22430000	49
22435000	50
22440000	51
22445000	52
22450000	53
22455000	54
22460000	55
22465000	56
22470000	57
22475000	58
22480000	59
22485000	60
22490000	61
22495000	62
22500000	63
22505000	64
22510000	65
22515000	66
22520000	67
22525000	68
22530000	69
22535000	70
22540000	71
22545000	72
22550000	73
22555000	74
22560000	75
22565000	76
22570000	77
22575000	78
22580000	79
22585000	80
22590000	81
22595000	82
22600000	83
22605000	84
22610000	85
22615000	86
22620000	87
22625000	88
22630000	89
22635000	90
22640000	91
22645000	92
22650000	93
22655000	94
22660000	95
22665000	96
22670000	97
22675000	98
22680000	99
22685000	100
22690000	101
22695000	102
22700000	103
22705000	104
22710000	105
22715000	106
22720000	107
22725000	108
22730000	109
22735000	110
22740000	111
22745000	112
22750000	113
22755000	114
22760000	115
22765000	116
22770000	117
22775000	118
22780000	119
22785000	120
22790000	121
22795000	122
22800000	123
22805000	124
22810000	125
22815000	126
22820000	127
22825000	128
22830000	129
22835000	130
22840000	131
22845000	132
22850000	133
22855000	134
22860000	135
22865000	136
22870000	137
22875000	138
22880000	139
22885000	140
22890000	141
22895000	142
22900000	143
22905000	144
22910000	145
22915000	146
22920000	147
22925000	148
22930000	149
22935000	150
22940000	151
22945000	152
22950000	153
22955000	154
22960000	155
22965000	156
22970000	157
22975000	158
22980000	159
22985000	160
22990000	161
22995000	162
23000000	163
23005000	164
23010000	165
23015000	166
23020000	167
23025000	168
23030000	169
23035000	170
23040000	171
23045000	172
23050000	173
23055000	174
23060000	175
23065000	176
23070000	177
23075000	178
23080000	179
23085000	180
23090000	181
23095000	182
23100000	183
23105000	184
23110000	185
23115000	186
23120000	187
23125000	188
23130000	189
23135000	190
23140000	191
23145000	192
23150000	193
23155000	194
23160000	195
23165000	196
23170000	197
23175000	198
23180000	199
23185000	200
23190000	201
23195000	202
23200000	203
23205000	204
23210000	205
23215000	206
23220000	207
23225000	208
23230000	209
23235000	210
23240000	211
23245000	212
23250000	213
23255000	214
23260000	215
23265000	216
23270000	217
23275000	218
23280000	219
23285000	220
23290000	221
23295000	222
23300000	223
23305000	224
23310000	225
23315000	226
23320000	227
23325000	228
23330000	229
23335000	230
23340000	231
23345000	232
23350000	233
23355000	234
23360000	235
23365000	236
