46325000	0
46330000	1
46335000	2
46340000	3
46345000	4
46350000	5
46355000	6
46360000	7
46365000	8
46370000	9
46375000	10
46380000	11
46385000	12
46390000	13
46395000	14
46400000	15
46405000	16
46410000	17
46415000	18
46420000	19
46425000	20
46430000	21
46435000	22
46440000	23
46445000	24
46450000	25
46455000	26
46460000	27
46465000	28
46470000	29
46475000	30
46480000	31
46485000	32
46490000	33
46495000	34
46500000	35
46505000	36
46510000	37
46515000	38
46520000	39
46525000	40
46530000	41
46535000	42
46540000	43
46545000	44
46550000	45
46555000	46
46560000	47
46565000	48
46570000	49
46575000	50
46580000	51
46585000	52
46590000	53
46595000	54
46600000	55
46605000	56
46610000	57
46615000	58
46620000	59
46625000	60
46630000	61
46635000	62
46640000	63
46645000	64
46650000	65
46655000	66
46660000	67
46665000	68
46670000	69
46675000	70
46680000	71
46685000	72
46690000	73
46695000	74
46700000	75
46705000	76
46710000	77
46715000	78
46720000	79
46725000	80
46730000	81
46735000	82
46740000	83
46745000	84
46750000	85
46755000	86
