97630000	0
97635000	1
97640000	2
97645000	3
97650000	4
97655000	5
97660000	6
97665000	7
97670000	8
97675000	9
97680000	10
97685000	11
97690000	12
97695000	13
97700000	14
97705000	15
97710000	16
97715000	17
97720000	18
97725000	19
97730000	20
97735000	21
97740000	22
97745000	23
97750000	24
97755000	25
97760000	26
97765000	27
97770000	28
97775000	29
97780000	30
97785000	31
97790000	32
97795000	33
97800000	34
97805000	35
97810000	36
97815000	37
97820000	38
97825000	39
97830000	40
97835000	41
97840000	42
97845000	43
97850000	44
97855000	45
97860000	46
97865000	47
97870000	48
97875000	49
97880000	50
97885000	51
97890000	52
97895000	53
97900000	54
97905000	55
97910000	56
97915000	57
97920000	58
97925000	59
97930000	60
97935000	61
97940000	62
97945000	63
97950000	64
97955000	65
97960000	66
97965000	67
97970000	68
97975000	69
97980000	70
97985000	71
97990000	72
97995000	73
98000000	74
98005000	75
98010000	76
98015000	77
98020000	78
98025000	79
98030000	80
98035000	81
98040000	82
98045000	83
98050000	84
98055000	85
98060000	86
98065000	87
98070000	88
98075000	89
98080000	90
