27345000	0
27350000	1
27355000	2
27360000	3
27365000	4
27370000	5
27375000	6
27380000	7
27385000	8
27390000	9
27395000	10
27400000	11
27405000	12
27410000	13
27415000	14
27420000	15
27425000	16
27430000	17
27435000	18
27440000	19
27445000	20
27450000	21
27455000	22
27460000	23
27465000	24
27470000	25
27475000	26
27480000	27
27485000	28
27490000	29
27495000	30
27500000	31
27505000	32
27510000	33
27515000	34
27520000	35
27525000	36
27530000	37
27535000	38
27540000	39
27545000	40
27550000	41
27555000	42
27560000	43
27565000	44
27570000	45
27575000	46
27580000	47
27585000	48
27590000	49
27595000	50
27600000	51
27605000	52
27610000	53
27615000	54
27620000	55
27625000	56
27630000	57
27635000	58
27640000	59
27645000	60
27650000	61
27655000	62
27660000	63
27665000	64
27670000	65
27675000	66
27680000	67
27685000	68
27690000	69
27695000	70
27700000	71
27705000	72
27710000	73
27715000	74
27720000	75
27725000	76
27730000	77
27735000	78
27740000	79
27745000	80
