178640000	0
178645000	1
178650000	2
178655000	3
178660000	4
178665000	5
178670000	6
178675000	7
178680000	8
178685000	9
178690000	10
178695000	11
178700000	12
178705000	13
178710000	14
178715000	15
178720000	16
178725000	17
178730000	18
178735000	19
178740000	20
178745000	21
178750000	22
178755000	23
178760000	24
178765000	25
178770000	26
178775000	27
178780000	28
178785000	29
178790000	30
178795000	31
178800000	32
178805000	33
178810000	34
178815000	35
178820000	36
178825000	37
178830000	38
178835000	39
178840000	40
178845000	41
178850000	42
178855000	43
178860000	44
178865000	45
178870000	46
178875000	47
178880000	48
178885000	49
178890000	50
178895000	51
178900000	52
178905000	53
178910000	54
178915000	55
178920000	56
178925000	57
178930000	58
178935000	59
178940000	60
178945000	61
