75565000	0
75570000	1
75575000	2
75580000	3
75585000	4
75590000	5
75595000	6
75600000	7
75605000	8
75610000	9
75615000	10
75620000	11
75625000	12
75630000	13
75635000	14
75640000	15
75645000	16
75650000	17
75655000	18
75660000	19
75665000	20
75670000	21
75675000	22
75680000	23
75685000	24
75690000	25
75695000	26
75700000	27
75705000	28
75710000	29
75715000	30
75720000	31
75725000	32
75730000	33
75735000	34
75740000	35
75745000	36
75750000	37
75755000	38
75760000	39
75765000	40
75770000	41
75775000	42
75780000	43
75785000	44
75790000	45
75795000	46
75800000	47
75805000	48
75810000	49
75815000	50
75820000	51
75825000	52
75830000	53
75835000	54
75840000	55
75845000	56
75850000	57
75855000	58
75860000	59
75865000	60
75870000	61
75875000	62
75880000	63
75885000	64
75890000	65
75895000	66
75900000	67
75905000	68
75910000	69
75915000	70
75920000	71
75925000	72
75930000	73
75935000	74
75940000	75
75945000	76
75950000	77
75955000	78
75960000	79
75965000	80
75970000	81
75975000	82
75980000	83
75985000	84
75990000	85
75995000	86
76000000	87
76005000	88
76010000	89
76015000	90
76020000	91
76025000	92
76030000	93
76035000	94
76040000	95
76045000	96
76050000	97
76055000	98
76060000	99
76065000	100
76070000	101
76075000	102
76080000	103
76085000	104
76090000	105
76095000	106
76100000	107
