20460000	0
20465000	1
20470000	2
20475000	3
20480000	4
20485000	5
20490000	6
20495000	7
20500000	8
20505000	9
20510000	10
20515000	11
20520000	12
20525000	13
20530000	14
20535000	15
20540000	16
20545000	17
20550000	18
20555000	19
20560000	20
20565000	21
20570000	22
20575000	23
20580000	24
20585000	25
20590000	26
20595000	27
20600000	28
20605000	29
20610000	30
20615000	31
20620000	32
20625000	33
20630000	34
20635000	35
20640000	36
20645000	37
20650000	38
20655000	39
20660000	40
20665000	41
20670000	42
20675000	43
20680000	44
20685000	45
20690000	46
20695000	47
20700000	48
20705000	49
20710000	50
20715000	51
20720000	52
20725000	53
20730000	54
20735000	55
20740000	56
20745000	57
20750000	58
20755000	59
20760000	60
20765000	61
20770000	62
20775000	63
20780000	64
20785000	65
20790000	66
20795000	67
20800000	68
20805000	69
20810000	70
20815000	71
20820000	72
20825000	73
20830000	74
20835000	75
20840000	76
20845000	77
20850000	78
20855000	79
20860000	80
20865000	81
20870000	82
20875000	83
20880000	84
20885000	85
20890000	86
20895000	87
20900000	88
20905000	89
20910000	90
