40535000	0
40540000	1
40545000	2
40550000	3
40555000	4
40560000	5
40565000	6
40570000	7
40575000	8
40580000	9
40585000	10
40590000	11
40595000	12
40600000	13
40605000	14
40610000	15
40615000	16
40620000	17
40625000	18
40630000	19
40635000	20
40640000	21
40645000	22
40650000	23
40655000	24
40660000	25
40665000	26
40670000	27
40675000	28
40680000	29
40685000	30
40690000	31
40695000	32
40700000	33
40705000	34
40710000	35
40715000	36
40720000	37
40725000	38
40730000	39
40735000	40
40740000	41
40745000	42
40750000	43
40755000	44
40760000	45
40765000	46
40770000	47
40775000	48
40780000	49
40785000	50
40790000	51
40795000	52
40800000	53
40805000	54
40810000	55
40815000	56
40820000	57
40825000	58
40830000	59
40835000	60
40840000	61
40845000	62
40850000	63
40855000	64
40860000	65
40865000	66
40870000	67
40875000	68
40880000	69
40885000	70
40890000	71
40895000	72
40900000	73
40905000	74
40910000	75
40915000	76
40920000	77
40925000	78
40930000	79
40935000	80
40940000	81
40945000	82
40950000	83
40955000	84
40960000	85
40965000	86
40970000	87
40975000	88
40980000	89
40985000	90
40990000	91
40995000	92
41000000	93
