130055000	0
130060000	1
130065000	2
130070000	3
130075000	4
130080000	5
130085000	6
130090000	7
130095000	8
130100000	9
130105000	10
130110000	11
130115000	12
130120000	13
130125000	14
130130000	15
130135000	16
130140000	17
130145000	18
130150000	19
130155000	20
130160000	21
130165000	22
130170000	23
130175000	24
130180000	25
130185000	26
130190000	27
130195000	28
130200000	29
130205000	30
130210000	31
130215000	32
130220000	33
130225000	34
130230000	35
130235000	36
130240000	37
130245000	38
130250000	39
130255000	40
130260000	41
130265000	42
130270000	43
130275000	44
130280000	45
130285000	46
130290000	47
130295000	48
130300000	49
