128255000	0
128260000	1
128265000	2
128270000	3
128275000	4
128280000	5
128285000	6
128290000	7
128295000	8
128300000	9
128305000	10
128310000	11
128315000	12
128320000	13
128325000	14
128330000	15
128335000	16
128340000	17
128345000	18
128350000	19
128355000	20
128360000	21
128365000	22
128370000	23
128375000	24
128380000	25
128385000	26
128390000	27
128395000	28
128400000	29
128405000	30
128410000	31
128415000	32
128420000	33
128425000	34
128430000	35
128435000	36
128440000	37
128445000	38
128450000	39
128455000	40
128460000	41
128465000	42
128470000	43
128475000	44
128480000	45
128485000	46
128490000	47
128495000	48
128500000	49
128505000	50
128510000	51
128515000	52
128520000	53
128525000	54
128530000	55
128535000	56
128540000	57
128545000	58
128550000	59
128555000	60
128560000	61
128565000	62
128570000	63
128575000	64
128580000	65
128585000	66
128590000	67
128595000	68
128600000	69
128605000	70
128610000	71
128615000	72
128620000	73
128625000	74
128630000	75
128635000	76
128640000	77
128645000	78
128650000	79
128655000	80
128660000	81
128665000	82
128670000	83
128675000	84
128680000	85
128685000	86
128690000	87
128695000	88
128700000	89
128705000	90
128710000	91
128715000	92
128720000	93
128725000	94
128730000	95
128735000	96
128740000	97
128745000	98
128750000	99
128755000	100
128760000	101
128765000	102
128770000	103
128775000	104
128780000	105
128785000	106
128790000	107
128795000	108
128800000	109
128805000	110
128810000	111
128815000	112
128820000	113
128825000	114
128830000	115
128835000	116
128840000	117
128845000	118
128850000	119
128855000	120
128860000	121
128865000	122
128870000	123
128875000	124
128880000	125
128885000	126
128890000	127
128895000	128
128900000	129
128905000	130
128910000	131
128915000	132
128920000	133
128925000	134
128930000	135
128935000	136
128940000	137
128945000	138
128950000	139
128955000	140
128960000	141
128965000	142
128970000	143
128975000	144
128980000	145
128985000	146
128990000	147
128995000	148
129000000	149
129005000	150
129010000	151
129015000	152
129020000	153
129025000	154
129030000	155
129035000	156
129040000	157
129045000	158
129050000	159
129055000	160
129060000	161
129065000	162
129070000	163
129075000	164
129080000	165
129085000	166
129090000	167
129095000	168
129100000	169
129105000	170
129110000	171
129115000	172
129120000	173
129125000	174
129130000	175
129135000	176
129140000	177
129145000	178
129150000	179
129155000	180
129160000	181
129165000	182
129170000	183
129175000	184
129180000	185
129185000	186
129190000	187
129195000	188
129200000	189
129205000	190
129210000	191
129215000	192
129220000	193
129225000	194
129230000	195
129235000	196
129240000	197
129245000	198
129250000	199
129255000	200
129260000	201
