31475000	0
31480000	1
31485000	2
31490000	3
31495000	4
31500000	5
31505000	6
31510000	7
31515000	8
31520000	9
31525000	10
31530000	11
31535000	12
31540000	13
31545000	14
31550000	15
31555000	16
31560000	17
31565000	18
31570000	19
31575000	20
31580000	21
31585000	22
31590000	23
31595000	24
31600000	25
31605000	26
31610000	27
31615000	28
31620000	29
31625000	30
31630000	31
31635000	32
31640000	33
31645000	34
31650000	35
31655000	36
31660000	37
31665000	38
31670000	39
31675000	40
31680000	41
31685000	42
31690000	43
31695000	44
31700000	45
31705000	46
31710000	47
31715000	48
31720000	49
31725000	50
31730000	51
31735000	52
31740000	53
31745000	54
31750000	55
31755000	56
31760000	57
31765000	58
31770000	59
31775000	60
31780000	61
31785000	62
31790000	63
31795000	64
31800000	65
31805000	66
31810000	67
31815000	68
31820000	69
31825000	70
31830000	71
31835000	72
31840000	73
31845000	74
31850000	75
31855000	76
31860000	77
31865000	78
31870000	79
31875000	80
31880000	81
31885000	82
31890000	83
31895000	84
31900000	85
31905000	86
31910000	87
31915000	88
31920000	89
31925000	90
31930000	91
31935000	92
31940000	93
31945000	94
31955000	95
31960000	96
31965000	97
31970000	98
31975000	99
31980000	100
31985000	101
31990000	102
31995000	103
32000000	104
32005000	105
32010000	106
32015000	107
32020000	108
32025000	109
32030000	110
32035000	111
32040000	112
32050000	113
32065000	114
32070000	115
32075000	116
32080000	117
32085000	118
32095000	119
32105000	120
32125000	121
32130000	122
32135000	123
32150000	124
32165000	125
32175000	126
32180000	127
32190000	128
32210000	129
32215000	130
32220000	131
32240000	132
32255000	133
32265000	134
32270000	135
32275000	136
32280000	137
32295000	138
32300000	139
32310000	140
32320000	141
32325000	142
32330000	143
32340000	144
32345000	145
32350000	146
32355000	147
32360000	148
32365000	149
32370000	150
32375000	151
32380000	152
32385000	153
32390000	154
32395000	155
32400000	156
32405000	157
32410000	158
32415000	159
32420000	160
32425000	161
32430000	162
32435000	163
32440000	164
32445000	165
32450000	166
32455000	167
32460000	168
32465000	169
32470000	170
32475000	171
32480000	172
32485000	173
32490000	174
32495000	175
32500000	176
32505000	177
32510000	178
32515000	179
32520000	180
32525000	181
32530000	182
32535000	183
32540000	184
32545000	185
32550000	186
32555000	187
32560000	188
32565000	189
32570000	190
32575000	191
32580000	192
32585000	193
32590000	194
32595000	195
32600000	196
32605000	197
32610000	198
32615000	199
32620000	200
32625000	201
32630000	202
32635000	203
32640000	204
32645000	205
32650000	206
32655000	207
32660000	208
32815000	209
32820000	210
32825000	211
32830000	212
32835000	213
32840000	214
32845000	215
32850000	216
32855000	217
32860000	218
32875000	219
32880000	220
32885000	221
32900000	222
32905000	223
32910000	224
32915000	225
32920000	226
32925000	227
32930000	228
32940000	229
32945000	230
32950000	231
32955000	232
32960000	233
32975000	234
33020000	235
33050000	236
33070000	237
33075000	238
33140000	239
33290000	240
33295000	241
33300000	242
33305000	243
33310000	244
33320000	245
33325000	246
33330000	247
33335000	248
33340000	249
33345000	250
33350000	251
33355000	252
33360000	253
33365000	254
33370000	255
33375000	256
33380000	257
33385000	258
33390000	259
33395000	260
33400000	261
33405000	262
33410000	263
33415000	264
33420000	265
33425000	266
33430000	267
33435000	268
33440000	269
33445000	270
33450000	271
33455000	272
33460000	273
33465000	274
33470000	275
33475000	276
33480000	277
33485000	278
33490000	279
33495000	280
33500000	281
33505000	282
33510000	283
33515000	284
33520000	285
33525000	286
33530000	287
33535000	288
33540000	289
33545000	290
33550000	291
33555000	292
33560000	293
33565000	294
33570000	295
33575000	296
33580000	297
33585000	298
33590000	299
33595000	300
33600000	301
33605000	302
33610000	303
33615000	304
33620000	305
33625000	306
33630000	307
33635000	308
33640000	309
33645000	310
33650000	311
33660000	312
33665000	313
33690000	314
33705000	315
33710000	316
33715000	317
33720000	318
33725000	319
33730000	320
33735000	321
33740000	322
33745000	323
33750000	324
33760000	325
33765000	326
33770000	327
33795000	328
33810000	329
33815000	330
33820000	331
33825000	332
33830000	333
33835000	334
33840000	335
33845000	336
33850000	337
33855000	338
33860000	339
33865000	340
33870000	341
33875000	342
33880000	343
33885000	344
33890000	345
33895000	346
33900000	347
33905000	348
33910000	349
33915000	350
33920000	351
33925000	352
33930000	353
33935000	354
33940000	355
33945000	356
33950000	357
33955000	358
33960000	359
33965000	360
33970000	361
33975000	362
33980000	363
33985000	364
33990000	365
33995000	366
34000000	367
34005000	368
34010000	369
34015000	370
34020000	371
