56380000	0
56385000	1
56390000	2
56395000	3
56400000	4
56405000	5
56410000	6
56415000	7
56420000	8
56425000	9
56430000	10
56435000	11
56440000	12
56445000	13
56450000	14
56455000	15
56460000	16
56465000	17
56470000	18
56475000	19
56480000	20
56485000	21
56490000	22
56495000	23
56500000	24
56505000	25
56510000	26
56515000	27
56520000	28
56525000	29
56530000	30
56535000	31
56540000	32
56545000	33
56550000	34
56555000	35
56560000	36
56565000	37
56570000	38
56575000	39
56580000	40
56585000	41
56590000	42
56595000	43
56600000	44
56605000	45
56610000	46
56615000	47
56620000	48
56625000	49
56630000	50
56635000	51
56640000	52
56645000	53
56650000	54
56655000	55
56660000	56
56665000	57
56670000	58
56675000	59
56680000	60
56685000	61
56690000	62
56695000	63
56700000	64
56705000	65
56710000	66
56715000	67
56720000	68
56725000	69
56730000	70
56735000	71
56740000	72
56745000	73
56750000	74
56755000	75
