16950000	0
16955000	1
16960000	2
16965000	3
16970000	4
16975000	5
16980000	6
16985000	7
16990000	8
16995000	9
17000000	10
17005000	11
17010000	12
17015000	13
17020000	14
17025000	15
17030000	16
17035000	17
17040000	18
17045000	19
17050000	20
17055000	21
17060000	22
17065000	23
17070000	24
17075000	25
17080000	26
17085000	27
17090000	28
17095000	29
17100000	30
17105000	31
17110000	32
17115000	33
17120000	34
17125000	35
17130000	36
17135000	37
17140000	38
17145000	39
17150000	40
17155000	41
17160000	42
17165000	43
17170000	44
17175000	45
17180000	46
17185000	47
17190000	48
17195000	49
17200000	50
17205000	51
17210000	52
17215000	53
17220000	54
17225000	55
17230000	56
17235000	57
17240000	58
17245000	59
17250000	60
17255000	61
17260000	62
17265000	63
17270000	64
17275000	65
17280000	66
17285000	67
17290000	68
17295000	69
17300000	70
17305000	71
17310000	72
17315000	73
17320000	74
17325000	75
17330000	76
17335000	77
17340000	78
17345000	79
17350000	80
17355000	81
17360000	82
17365000	83
17370000	84
17375000	85
17380000	86
17385000	87
17390000	88
17395000	89
17400000	90
17405000	91
17410000	92
17415000	93
17420000	94
17425000	95
17430000	96
17435000	97
17440000	98
17445000	99
17450000	100
17455000	101
17460000	102
17465000	103
17470000	104
17475000	105
17480000	106
17485000	107
17490000	108
17495000	109
17500000	110
17505000	111
17510000	112
17515000	113
17520000	114
17525000	115
17530000	116
17535000	117
17540000	118
17545000	119
17550000	120
17555000	121
17560000	122
17565000	123
17570000	124
17575000	125
17580000	126
17585000	127
17590000	128
17595000	129
17600000	130
17605000	131
17610000	132
17615000	133
17620000	134
17625000	135
17630000	136
17635000	137
17640000	138
17645000	139
17650000	140
17655000	141
17660000	142
17665000	143
17670000	144
17675000	145
17680000	146
17685000	147
