13960000	0
13965000	1
13970000	2
13975000	3
13980000	4
13985000	5
13990000	6
13995000	7
14000000	8
14005000	9
14010000	10
14015000	11
14020000	12
14025000	13
14030000	14
14035000	15
14040000	16
14045000	17
14050000	18
14055000	19
14060000	20
14065000	21
14070000	22
14075000	23
14080000	24
14085000	25
14090000	26
14095000	27
14100000	28
14105000	29
14110000	30
14115000	31
14120000	32
14125000	33
14130000	34
14135000	35
14140000	36
14145000	37
14150000	38
14155000	39
14160000	40
14165000	41
14170000	42
14175000	43
14180000	44
14185000	45
14190000	46
14195000	47
14200000	48
14205000	49
14210000	50
14215000	51
14220000	52
14225000	53
14230000	54
14235000	55
14240000	56
14245000	57
14250000	58
14255000	59
14260000	60
14265000	61
14270000	62
14275000	63
14280000	64
14285000	65
14290000	66
14295000	67
14300000	68
14305000	69
14310000	70
14315000	71
14320000	72
14325000	73
14330000	74
14335000	75
14340000	76
14345000	77
14350000	78
14355000	79
14360000	80
14365000	81
14370000	82
14375000	83
14380000	84
14385000	85
14390000	86
14395000	87
14400000	88
14405000	89
14410000	90
14415000	91
14420000	92
14425000	93
14430000	94
14435000	95
14440000	96
14445000	97
14450000	98
14455000	99
14460000	100
14465000	101
14470000	102
14475000	103
14480000	104
14485000	105
14490000	106
14495000	107
14500000	108
14505000	109
14510000	110
14515000	111
14520000	112
14525000	113
14530000	114
14535000	115
14540000	116
14545000	117
14550000	118
14555000	119
14560000	120
14565000	121
14570000	122
14575000	123
14580000	124
14585000	125
14590000	126
14595000	127
14600000	128
14605000	129
14610000	130
14615000	131
14620000	132
14625000	133
