27605000	0
27610000	1
27615000	2
27620000	3
27625000	4
27630000	5
27635000	6
27640000	7
27645000	8
27650000	9
27655000	10
27660000	11
27665000	12
27670000	13
27675000	14
27680000	15
27685000	16
27690000	17
27695000	18
27700000	19
27705000	20
27710000	21
27715000	22
27720000	23
27725000	24
27730000	25
27735000	26
27740000	27
27745000	28
27750000	29
27755000	30
27760000	31
27765000	32
27770000	33
27775000	34
27780000	35
27785000	36
27790000	37
27795000	38
27800000	39
27805000	40
27810000	41
27815000	42
27820000	43
27825000	44
27830000	45
27835000	46
27840000	47
27845000	48
27850000	49
27855000	50
27860000	51
27865000	52
27870000	53
27875000	54
27880000	55
27885000	56
27890000	57
27895000	58
27900000	59
27905000	60
27910000	61
27915000	62
27920000	63
27925000	64
27930000	65
27935000	66
27940000	67
27945000	68
27950000	69
27955000	70
27960000	71
27965000	72
27970000	73
27975000	74
27980000	75
27985000	76
27990000	77
27995000	78
28000000	79
28005000	80
28010000	81
28015000	82
28020000	83
28025000	84
28030000	85
28035000	86
28040000	87
28045000	88
28050000	89
28055000	90
28060000	91
28065000	92
28070000	93
28075000	94
28080000	95
28085000	96
28090000	97
28095000	98
28100000	99
28105000	100
28110000	101
28115000	102
28120000	103
28125000	104
28130000	105
28135000	106
28140000	107
28145000	108
28150000	109
28155000	110
28160000	111
28165000	112
28170000	113
28175000	114
28180000	115
28185000	116
28190000	117
28195000	118
28200000	119
28205000	120
28210000	121
28215000	122
28220000	123
28225000	124
28230000	125
28235000	126
