2210000	0
2215000	1
2220000	2
2225000	3
2230000	4
2235000	5
2240000	6
2245000	7
2250000	8
2255000	9
2260000	10
2265000	11
2270000	12
2275000	13
2280000	14
2285000	15
2290000	16
2295000	17
2300000	18
2305000	19
2310000	20
2315000	21
2320000	22
2325000	23
2330000	24
2335000	25
2340000	26
2345000	27
2350000	28
2355000	29
2360000	30
2365000	31
2370000	32
2375000	33
2380000	34
2385000	35
2390000	36
2395000	37
2400000	38
2405000	39
2410000	40
2415000	41
2420000	42
2425000	43
2430000	44
2435000	45
2440000	46
2445000	47
2450000	48
2455000	49
2460000	50
2465000	51
2470000	52
2475000	53
2480000	54
2485000	55
2490000	56
2495000	57
2500000	58
2505000	59
2510000	60
2515000	61
2520000	62
2525000	63
2530000	64
2535000	65
2540000	66
2545000	67
2550000	68
2555000	69
2560000	70
2565000	71
