49395000	0
49400000	1
49405000	2
49410000	3
49415000	4
49420000	5
49425000	6
49430000	7
49435000	8
49440000	9
49445000	10
49450000	11
49455000	12
49460000	13
49465000	14
49470000	15
49475000	16
49480000	17
49485000	18
49490000	19
49495000	20
49500000	21
49505000	22
49510000	23
49515000	24
49520000	25
49525000	26
49530000	27
49535000	28
49540000	29
49545000	30
49550000	31
49555000	32
49560000	33
49565000	34
49570000	35
49575000	36
49580000	37
49585000	38
49590000	39
49595000	40
49600000	41
49605000	42
49610000	43
49615000	44
49620000	45
49625000	46
49630000	47
49635000	48
49640000	49
49645000	50
49650000	51
49655000	52
49660000	53
49665000	54
49670000	55
49675000	56
49680000	57
49685000	58
49690000	59
49695000	60
49700000	61
49705000	62
49710000	63
49715000	64
49720000	65
49725000	66
49730000	67
49735000	68
49740000	69
49745000	70
49750000	71
49755000	72
49760000	73
49765000	74
49770000	75
49775000	76
49780000	77
49785000	78
49790000	79
49795000	80
49800000	81
49805000	82
49810000	83
49815000	84
49820000	85
49825000	86
49830000	87
49835000	88
49840000	89
49845000	90
49850000	91
49855000	92
49860000	93
49865000	94
49870000	95
49875000	96
49880000	97
49885000	98
49890000	99
49895000	100
49900000	101
49905000	102
49910000	103
49915000	104
49920000	105
49925000	106
49930000	107
49935000	108
49940000	109
49945000	110
49950000	111
49955000	112
49960000	113
49965000	114
49970000	115
49975000	116
49980000	117
49985000	118
49990000	119
49995000	120
50000000	121
50005000	122
50010000	123
50015000	124
50020000	125
50025000	126
50030000	127
50035000	128
50040000	129
50045000	130
50050000	131
50055000	132
50060000	133
50065000	134
50070000	135
50075000	136
50080000	137
50085000	138
50090000	139
50095000	140
50100000	141
50105000	142
50110000	143
50115000	144
50120000	145
50125000	146
50130000	147
50135000	148
50140000	149
50145000	150
50150000	151
50155000	152
50160000	153
50165000	154
50170000	155
50175000	156
50180000	157
50185000	158
50190000	159
50195000	160
50200000	161
50205000	162
50210000	163
50215000	164
50220000	165
50225000	166
50230000	167
50235000	168
50240000	169
50245000	170
50250000	171
50255000	172
50260000	173
50265000	174
50270000	175
50275000	176
50280000	177
50285000	178
50290000	179
50295000	180
50300000	181
50305000	182
50310000	183
50315000	184
50320000	185
50325000	186
50330000	187
50335000	188
50340000	189
50345000	190
50350000	191
50355000	192
50360000	193
50365000	194
50370000	195
50375000	196
50380000	197
50385000	198
50390000	199
50395000	200
50400000	201
50405000	202
50410000	203
50415000	204
50420000	205
50425000	206
50430000	207
50435000	208
50440000	209
50445000	210
50450000	211
50455000	212
50460000	213
50465000	214
50470000	215
50475000	216
50480000	217
50485000	218
50490000	219
50495000	220
50500000	221
50505000	222
50510000	223
50515000	224
50520000	225
50525000	226
50530000	227
50535000	228
50540000	229
50545000	230
50550000	231
50555000	232
50560000	233
50565000	234
50570000	235
50575000	236
50580000	237
50585000	238
50590000	239
50595000	240
50600000	241
50605000	242
50610000	243
50615000	244
50620000	245
50625000	246
50630000	247
50635000	248
50640000	249
50645000	250
50650000	251
50655000	252
50660000	253
50665000	254
50670000	255
50675000	256
50680000	257
50685000	258
50690000	259
50695000	260
50700000	261
50705000	262
50710000	263
50715000	264
50720000	265
50725000	266
50730000	267
50735000	268
50740000	269
50745000	270
50750000	271
50755000	272
50760000	273
50765000	274
50770000	275
50775000	276
50780000	277
50785000	278
50790000	279
50795000	280
50800000	281
50805000	282
50810000	283
50815000	284
50820000	285
50825000	286
50830000	287
50835000	288
50840000	289
50845000	290
50850000	291
50855000	292
50860000	293
