82815000	0
82820000	1
82825000	2
82830000	3
82835000	4
82840000	5
82845000	6
82850000	7
82855000	8
82860000	9
82865000	10
82870000	11
82875000	12
82880000	13
82885000	14
82890000	15
82895000	16
82900000	17
82905000	18
82910000	19
82915000	20
82920000	21
82925000	22
82930000	23
82935000	24
82940000	25
82945000	26
82950000	27
82955000	28
82960000	29
82965000	30
82970000	31
82975000	32
82980000	33
82985000	34
82990000	35
82995000	36
83000000	37
83005000	38
83010000	39
83015000	40
83020000	41
83025000	42
83030000	43
83035000	44
83040000	45
83045000	46
83050000	47
83055000	48
83060000	49
83065000	50
83070000	51
83075000	52
83080000	53
83085000	54
83090000	55
83095000	56
83100000	57
83105000	58
83110000	59
83115000	60
83120000	61
83125000	62
83130000	63
83135000	64
83140000	65
83145000	66
83150000	67
83155000	68
83160000	69
83165000	70
83170000	71
83175000	72
83180000	73
83185000	74
83190000	75
83195000	76
83200000	77
83205000	78
83210000	79
83215000	80
83220000	81
83225000	82
83230000	83
83235000	84
83240000	85
83245000	86
83250000	87
83255000	88
83260000	89
83265000	90
83270000	91
83275000	92
83280000	93
83285000	94
83290000	95
83295000	96
83300000	97
83305000	98
83310000	99
83315000	100
83320000	101
83325000	102
83330000	103
83335000	104
83340000	105
83345000	106
83350000	107
83355000	108
83360000	109
83365000	110
83370000	111
83375000	112
83380000	113
83385000	114
83390000	115
83395000	116
83400000	117
83405000	118
83410000	119
83415000	120
83420000	121
83425000	122
83430000	123
83435000	124
83440000	125
83445000	126
83450000	127
83455000	128
83460000	129
83465000	130
83470000	131
83475000	132
83480000	133
83485000	134
83490000	135
83495000	136
83500000	137
83505000	138
83510000	139
83515000	140
83520000	141
83525000	142
83530000	143
83535000	144
83540000	145
83545000	146
83550000	147
83555000	148
83560000	149
83565000	150
83570000	151
83575000	152
83580000	153
83585000	154
83590000	155
83595000	156
83600000	157
83605000	158
83610000	159
83615000	160
83620000	161
83625000	162
83630000	163
83635000	164
83640000	165
83645000	166
83650000	167
83655000	168
83660000	169
83665000	170
83670000	171
83675000	172
83680000	173
83685000	174
83690000	175
83695000	176
83700000	177
83705000	178
83710000	179
83715000	180
83720000	181
83725000	182
83730000	183
83735000	184
83740000	185
83745000	186
83750000	187
83755000	188
83760000	189
83765000	190
83770000	191
83775000	192
83780000	193
83785000	194
83790000	195
83795000	196
83800000	197
83805000	198
83810000	199
83815000	200
83820000	201
83825000	202
83830000	203
83835000	204
83840000	205
83845000	206
83850000	207
83855000	208
83860000	209
83865000	210
83870000	211
83875000	212
83880000	213
83885000	214
83890000	215
83895000	216
83900000	217
83905000	218
83910000	219
83915000	220
83920000	221
83925000	222
83930000	223
83935000	224
83940000	225
83945000	226
83950000	227
83955000	228
83960000	229
83965000	230
83970000	231
83975000	232
83980000	233
83985000	234
83990000	235
83995000	236
84000000	237
84005000	238
84010000	239
84015000	240
84020000	241
84025000	242
84030000	243
84035000	244
84040000	245
84045000	246
84050000	247
84055000	248
84060000	249
84065000	250
84070000	251
84075000	252
84080000	253
84085000	254
84090000	255
84095000	256
84100000	257
84105000	258
84110000	259
84115000	260
84120000	261
84125000	262
84130000	263
84135000	264
84140000	265
84145000	266
84150000	267
84155000	268
84160000	269
84165000	270
84170000	271
84175000	272
84180000	273
84185000	274
84190000	275
84195000	276
84200000	277
84205000	278
84210000	279
84215000	280
84220000	281
84225000	282
84230000	283
84235000	284
84240000	285
84245000	286
84250000	287
84255000	288
84260000	289
84265000	290
84270000	291
84275000	292
84280000	293
84285000	294
84290000	295
84295000	296
84300000	297
84305000	298
84310000	299
84315000	300
84320000	301
84325000	302
84330000	303
84335000	304
84340000	305
84345000	306
84350000	307
84355000	308
84360000	309
84365000	310
84370000	311
84375000	312
84380000	313
84385000	314
84390000	315
84395000	316
84400000	317
84405000	318
84410000	319
84415000	320
84420000	321
84425000	322
84430000	323
84435000	324
84440000	325
84445000	326
84450000	327
84455000	328
84460000	329
84465000	330
84470000	331
84475000	332
84480000	333
84485000	334
84490000	335
84495000	336
84500000	337
84505000	338
84510000	339
84515000	340
84520000	341
84525000	342
84530000	343
84535000	344
84540000	345
84545000	346
84550000	347
84555000	348
84560000	349
84565000	350
84570000	351
84575000	352
84580000	353
84585000	354
84590000	355
84595000	356
84600000	357
84605000	358
84610000	359
84615000	360
84620000	361
84625000	362
84630000	363
84635000	364
84640000	365
84645000	366
84650000	367
84655000	368
84660000	369
84665000	370
84670000	371
84675000	372
84680000	373
84685000	374
84690000	375
84695000	376
84700000	377
84705000	378
84710000	379
84715000	380
84720000	381
84725000	382
84730000	383
84735000	384
84740000	385
84745000	386
84750000	387
84755000	388
84760000	389
84765000	390
84770000	391
84775000	392
84780000	393
