71625000	0
71626000	1
71627000	2
71628000	3
71629000	4
71630000	5
71631000	6
71632000	7
71633000	8
71634000	9
71635000	10
71636000	11
71637000	12
71638000	13
71639000	14
71640000	15
71641000	16
71642000	17
71643000	18
71644000	19
71645000	20
71646000	21
71647000	22
71648000	23
71649000	24
71650000	25
71651000	26
71652000	27
71653000	28
71654000	29
71655000	30
71656000	31
71657000	32
71658000	33
71659000	34
71660000	35
71661000	36
71662000	37
71663000	38
71664000	39
71665000	40
71666000	41
71667000	42
71668000	43
71669000	44
71670000	45
71671000	46
71672000	47
71673000	48
71674000	49
71675000	50
71676000	51
71677000	52
71678000	53
71679000	54
71680000	55
71681000	56
71682000	57
71683000	58
71684000	59
71685000	60
71686000	61
71687000	62
71688000	63
71689000	64
71690000	65
71691000	66
71692000	67
71693000	68
71694000	69
71695000	70
71696000	71
71697000	72
71698000	73
71699000	74
71700000	75
71701000	76
71702000	77
71703000	78
71704000	79
71705000	80
71706000	81
71707000	82
71708000	83
71709000	84
71710000	85
71711000	86
71712000	87
71713000	88
71714000	89
71715000	90
71716000	91
71717000	92
71718000	93
71719000	94
71720000	95
71721000	96
71722000	97
71723000	98
71724000	99
71725000	100
71726000	101
71727000	102
71728000	103
71729000	104
71730000	105
71731000	106
71732000	107
71733000	108
71734000	109
71735000	110
71736000	111
71737000	112
71738000	113
71739000	114
71740000	115
71741000	116
71742000	117
71743000	118
71744000	119
71745000	120
71746000	121
71747000	122
71748000	123
71749000	124
71750000	125
71751000	126
71752000	127
71753000	128
71754000	129
71755000	130
71756000	131
71757000	132
71758000	133
71759000	134
71760000	135
71761000	136
71762000	137
71763000	138
71764000	139
71765000	140
71766000	141
71767000	142
71768000	143
71769000	144
71770000	145
71771000	146
71772000	147
71773000	148
71774000	149
71775000	150
71776000	151
71777000	152
71778000	153
71779000	154
71780000	155
71781000	156
71782000	157
71783000	158
71784000	159
71785000	160
71786000	161
71787000	162
71788000	163
71789000	164
71790000	165
71791000	166
71792000	167
71793000	168
71794000	169
71795000	170
71796000	171
71797000	172
71798000	173
71799000	174
71800000	175
71801000	176
71802000	177
71803000	178
71804000	179
71805000	180
71806000	181
71807000	182
71808000	183
71809000	184
71810000	185
71811000	186
71812000	187
71813000	188
71814000	189
71815000	190
71816000	191
71817000	192
71818000	193
71819000	194
71820000	195
71821000	196
71822000	197
71823000	198
71824000	199
71825000	200
71826000	201
71827000	202
71828000	203
71829000	204
71830000	205
71831000	206
71832000	207
71833000	208
71834000	209
71835000	210
71836000	211
71837000	212
71838000	213
71839000	214
71840000	215
71841000	216
71842000	217
71843000	218
71844000	219
71845000	220
71846000	221
71847000	222
71848000	223
71849000	224
71850000	225
71851000	226
71852000	227
71853000	228
71854000	229
71855000	230
71856000	231
71857000	232
71858000	233
71859000	234
71860000	235
71861000	236
71862000	237
71863000	238
71864000	239
71865000	240
71866000	241
71867000	242
71868000	243
71869000	244
71870000	245
71871000	246
71872000	247
71873000	248
71874000	249
71875000	250
71876000	251
71877000	252
71878000	253
71879000	254
71880000	255
71881000	256
71882000	257
71883000	258
71884000	259
71885000	260
71886000	261
71887000	262
71888000	263
71889000	264
71890000	265
71891000	266
71892000	267
71893000	268
71894000	269
71895000	270
71896000	271
71897000	272
71898000	273
71899000	274
71900000	275
71901000	276
71902000	277
71903000	278
71904000	279
71905000	280
71906000	281
71907000	282
71908000	283
71909000	284
71910000	285
71911000	286
71912000	287
71913000	288
71914000	289
71915000	290
71916000	291
71917000	292
71918000	293
71919000	294
71920000	295
71921000	296
71922000	297
71923000	298
71924000	299
71925000	300
71926000	301
71927000	302
71928000	303
71929000	304
71930000	305
71931000	306
71932000	307
71933000	308
71934000	309
71935000	310
71936000	311
71937000	312
71938000	313
71939000	314
71940000	315
71941000	316
71942000	317
71943000	318
71944000	319
71945000	320
71946000	321
71947000	322
71948000	323
71949000	324
71950000	325
71951000	326
71952000	327
71953000	328
71954000	329
71955000	330
71956000	331
71957000	332
71958000	333
71959000	334
71960000	335
71961000	336
71962000	337
71963000	338
71964000	339
71965000	340
71966000	341
71967000	342
71968000	343
71969000	344
71970000	345
71971000	346
71972000	347
71973000	348
71974000	349
71975000	350
71976000	351
71977000	352
71978000	353
71979000	354
71980000	355
71981000	356
71982000	357
71983000	358
71984000	359
71985000	360
71986000	361
71987000	362
71988000	363
71989000	364
71990000	365
71991000	366
71992000	367
71993000	368
71994000	369
71995000	370
71996000	371
71997000	372
71998000	373
71999000	374
72000000	375
72001000	376
72002000	377
72003000	378
72004000	379
72005000	380
72006000	381
72007000	382
72008000	383
72009000	384
72010000	385
72011000	386
72012000	387
72013000	388
72014000	389
72015000	390
72016000	391
72017000	392
72018000	393
72019000	394
72020000	395
72021000	396
72022000	397
72023000	398
72024000	399
72025000	400
72026000	401
72027000	402
72028000	403
72029000	404
72030000	405
72031000	406
72032000	407
72033000	408
72034000	409
72035000	410
72036000	411
72037000	412
72038000	413
72039000	414
72040000	415
72041000	416
72042000	417
72043000	418
72044000	419
72045000	420
72046000	421
72047000	422
72048000	423
72049000	424
72050000	425
72051000	426
72052000	427
72053000	428
72054000	429
72055000	430
72056000	431
72057000	432
72058000	433
72059000	434
72060000	435
72061000	436
72062000	437
72063000	438
72064000	439
72065000	440
72066000	441
72067000	442
72068000	443
72069000	444
72070000	445
72071000	446
72072000	447
72073000	448
72074000	449
72075000	450
72076000	451
72077000	452
72078000	453
72079000	454
72080000	455
72081000	456
72082000	457
72083000	458
72084000	459
72085000	460
72086000	461
72087000	462
72088000	463
72089000	464
72090000	465
72091000	466
72092000	467
72093000	468
72094000	469
72095000	470
72096000	471
72097000	472
72098000	473
72099000	474
72100000	475
72101000	476
72102000	477
72103000	478
72104000	479
72105000	480
72106000	481
72107000	482
72108000	483
72109000	484
72110000	485
72111000	486
72112000	487
72113000	488
72114000	489
72115000	490
72116000	491
72117000	492
72118000	493
72119000	494
72120000	495
72121000	496
72122000	497
72123000	498
72124000	499
72125000	500
72126000	501
72127000	502
72128000	503
72129000	504
72130000	505
72131000	506
72132000	507
72133000	508
72134000	509
72135000	510
72136000	511
72137000	512
72138000	513
72139000	514
72140000	515
72141000	516
72142000	517
72143000	518
72144000	519
72145000	520
72146000	521
72147000	522
72148000	523
72149000	524
72150000	525
72151000	526
72152000	527
72153000	528
72154000	529
72155000	530
72156000	531
72157000	532
72158000	533
72159000	534
72160000	535
72161000	536
72162000	537
72163000	538
72164000	539
72165000	540
72166000	541
72167000	542
72168000	543
72169000	544
72170000	545
72171000	546
72172000	547
72173000	548
72174000	549
72175000	550
72176000	551
72177000	552
72178000	553
72179000	554
72180000	555
72181000	556
72182000	557
72183000	558
72184000	559
72185000	560
72186000	561
72187000	562
72188000	563
72189000	564
72190000	565
72191000	566
72192000	567
72193000	568
72194000	569
72195000	570
72196000	571
72197000	572
72198000	573
72199000	574
72200000	575
72201000	576
72202000	577
72203000	578
72204000	579
72205000	580
72206000	581
72207000	582
72208000	583
72209000	584
72210000	585
72211000	586
72212000	587
72213000	588
72214000	589
72215000	590
72216000	591
72217000	592
72218000	593
72219000	594
72220000	595
72221000	596
72222000	597
72223000	598
72224000	599
72225000	600
72226000	601
72227000	602
72228000	603
72229000	604
72230000	605
72231000	606
72232000	607
72233000	608
72234000	609
72235000	610
72236000	611
72237000	612
72238000	613
72239000	614
72240000	615
72241000	616
72242000	617
72243000	618
72244000	619
72245000	620
72246000	621
72247000	622
72248000	623
72249000	624
72250000	625
72251000	626
72252000	627
72253000	628
72254000	629
72255000	630
72256000	631
72257000	632
72258000	633
72259000	634
72260000	635
72261000	636
72262000	637
72263000	638
72264000	639
72265000	640
72266000	641
72267000	642
72268000	643
72269000	644
72270000	645
72271000	646
72272000	647
72273000	648
72274000	649
72275000	650
72276000	651
72277000	652
72278000	653
72279000	654
72280000	655
72281000	656
72282000	657
72283000	658
72284000	659
72285000	660
72286000	661
72287000	662
72288000	663
72289000	664
72290000	665
72291000	666
72292000	667
72293000	668
72294000	669
72295000	670
72296000	671
72297000	672
72298000	673
72299000	674
72300000	675
72301000	676
72302000	677
72303000	678
72304000	679
72305000	680
72306000	681
72307000	682
72308000	683
72309000	684
72310000	685
72311000	686
72312000	687
72313000	688
72314000	689
72315000	690
72316000	691
72317000	692
72318000	693
72319000	694
72320000	695
72321000	696
72322000	697
72323000	698
72324000	699
72325000	700
72326000	701
72327000	702
72328000	703
72329000	704
72330000	705
72331000	706
72332000	707
72333000	708
72334000	709
72335000	710
72336000	711
72337000	712
72338000	713
72339000	714
72340000	715
72341000	716
72342000	717
72343000	718
72344000	719
72345000	720
72346000	721
72347000	722
72348000	723
72349000	724
72350000	725
72351000	726
72352000	727
72353000	728
72354000	729
72355000	730
72356000	731
72357000	732
72358000	733
72359000	734
72360000	735
72361000	736
72362000	737
72363000	738
72364000	739
72365000	740
72366000	741
72367000	742
72368000	743
72369000	744
72370000	745
72371000	746
72372000	747
72373000	748
72374000	749
72375000	750
72376000	751
72377000	752
72378000	753
72379000	754
72380000	755
72381000	756
72382000	757
72383000	758
72384000	759
72385000	760
72386000	761
72387000	762
72388000	763
72389000	764
72390000	765
72391000	766
72392000	767
72393000	768
72394000	769
72395000	770
72396000	771
72397000	772
72398000	773
72399000	774
72400000	775
