29551000	0
29552000	1
29553000	2
29554000	3
29555000	4
29556000	5
29557000	6
29558000	7
29559000	8
29560000	9
29561000	10
29562000	11
29563000	12
29564000	13
29565000	14
29566000	15
29567000	16
29568000	17
29569000	18
29570000	19
29571000	20
29572000	21
29573000	22
29574000	23
29575000	24
29576000	25
29577000	26
29578000	27
29579000	28
29580000	29
29581000	30
29582000	31
29583000	32
29584000	33
29585000	34
29586000	35
29587000	36
29588000	37
29589000	38
29590000	39
29591000	40
29592000	41
29593000	42
29594000	43
29595000	44
29596000	45
29597000	46
29598000	47
29599000	48
29600000	49
29601000	50
29602000	51
29603000	52
29604000	53
29605000	54
29606000	55
29607000	56
29608000	57
29609000	58
29610000	59
29611000	60
29612000	61
29613000	62
29614000	63
29615000	64
29616000	65
29617000	66
29618000	67
29619000	68
29620000	69
29621000	70
29622000	71
29623000	72
29624000	73
29625000	74
29626000	75
29627000	76
29628000	77
29629000	78
29630000	79
29631000	80
29632000	81
29633000	82
29634000	83
29635000	84
29636000	85
29637000	86
29638000	87
29639000	88
29640000	89
29641000	90
29642000	91
29643000	92
29644000	93
29645000	94
29646000	95
29647000	96
29648000	97
29649000	98
29650000	99
29651000	100
29652000	101
29653000	102
29654000	103
29655000	104
29656000	105
29657000	106
29658000	107
29659000	108
29660000	109
29661000	110
29662000	111
29663000	112
29664000	113
29665000	114
29666000	115
29667000	116
29668000	117
29669000	118
29670000	119
29671000	120
29672000	121
29673000	122
29674000	123
29675000	124
29676000	125
29677000	126
29678000	127
29679000	128
29680000	129
29681000	130
29682000	131
29683000	132
29684000	133
29685000	134
29686000	135
29687000	136
29688000	137
29689000	138
29690000	139
29691000	140
29692000	141
29693000	142
29694000	143
29695000	144
29696000	145
29697000	146
29698000	147
29699000	148
29700000	149
29701000	150
29702000	151
29703000	152
29704000	153
29705000	154
29706000	155
29707000	156
29708000	157
29709000	158
29710000	159
29711000	160
29712000	161
29713000	162
29714000	163
29715000	164
29716000	165
29717000	166
29718000	167
29719000	168
29720000	169
29721000	170
29722000	171
29723000	172
29724000	173
29725000	174
29726000	175
29728000	176
29729000	177
29730000	178
29731000	179
29732000	180
29733000	181
29734000	182
29735000	183
29736000	184
29737000	185
29738000	186
29739000	187
29740000	188
29741000	189
29742000	190
29743000	191
29744000	192
29745000	193
29746000	194
29747000	195
29748000	196
29749000	197
29750000	198
29751000	199
29752000	200
29753000	201
29754000	202
29755000	203
29756000	204
29757000	205
29758000	206
29759000	207
29760000	208
29761000	209
29762000	210
29763000	211
29764000	212
29765000	213
29766000	214
29767000	215
29768000	216
29769000	217
29770000	218
29771000	219
29772000	220
29773000	221
29774000	222
29775000	223
29776000	224
29777000	225
29778000	226
29779000	227
29780000	228
29781000	229
29782000	230
29783000	231
29784000	232
29785000	233
29786000	234
29787000	235
29788000	236
29789000	237
29790000	238
29791000	239
29792000	240
29793000	241
29794000	242
29795000	243
29796000	244
29797000	245
29798000	246
29799000	247
29800000	248
29801000	249
29802000	250
29803000	251
29804000	252
29805000	253
29806000	254
29807000	255
29808000	256
29809000	257
29810000	258
29811000	259
29812000	260
29813000	261
29814000	262
29815000	263
29816000	264
29817000	265
29818000	266
29819000	267
29820000	268
29821000	269
29822000	270
29823000	271
29824000	272
29825000	273
29826000	274
29827000	275
29828000	276
29829000	277
29830000	278
29831000	279
29832000	280
29833000	281
29834000	282
29835000	283
29836000	284
29837000	285
29838000	286
29839000	287
29840000	288
29841000	289
29842000	290
29843000	291
29844000	292
29845000	293
29846000	294
29847000	295
29848000	296
29849000	297
29850000	298
29851000	299
29852000	300
29853000	301
29854000	302
29855000	303
29856000	304
29857000	305
29858000	306
29859000	307
29860000	308
29861000	309
29862000	310
29863000	311
29864000	312
29865000	313
29866000	314
29867000	315
29868000	316
29869000	317
29870000	318
29871000	319
29872000	320
29873000	321
29874000	322
29875000	323
29876000	324
29877000	325
