146375000	0
146380000	1
146385000	2
146390000	3
146395000	4
146400000	5
146405000	6
146410000	7
146415000	8
146420000	9
146425000	10
146430000	11
146435000	12
146440000	13
146445000	14
146450000	15
146455000	16
146460000	17
146465000	18
146470000	19
146475000	20
146480000	21
146485000	22
146490000	23
146495000	24
146500000	25
146505000	26
146510000	27
146515000	28
146520000	29
146525000	30
146530000	31
146535000	32
146540000	33
146545000	34
146550000	35
146555000	36
146560000	37
146565000	38
146570000	39
146575000	40
146580000	41
146585000	42
146590000	43
146595000	44
146600000	45
146605000	46
146610000	47
146615000	48
146620000	49
146625000	50
146630000	51
146635000	52
146640000	53
146645000	54
146650000	55
146655000	56
146660000	57
146665000	58
146670000	59
146675000	60
146680000	61
146685000	62
146690000	63
146695000	64
146700000	65
146705000	66
146710000	67
146715000	68
146720000	69
146725000	70
146730000	71
146735000	72
146740000	73
146745000	74
146750000	75
146755000	76
146760000	77
146765000	78
146770000	79
146775000	80
146780000	81
146785000	82
146790000	83
146795000	84
146800000	85
146805000	86
146810000	87
146815000	88
