41945000	0
41950000	1
41955000	2
41960000	3
41965000	4
41970000	5
41975000	6
41980000	7
41985000	8
41990000	9
41995000	10
42000000	11
42005000	12
42010000	13
42015000	14
42020000	15
42025000	16
42030000	17
42035000	18
42040000	19
42045000	20
42050000	21
42055000	22
42060000	23
42065000	24
42070000	25
42075000	26
42080000	27
42085000	28
42090000	29
42095000	30
42100000	31
42105000	32
42110000	33
42115000	34
42120000	35
42125000	36
42130000	37
42135000	38
42140000	39
42145000	40
42150000	41
42155000	42
42160000	43
42165000	44
42170000	45
42175000	46
42180000	47
42185000	48
42190000	49
42195000	50
42200000	51
42205000	52
42210000	53
42215000	54
42220000	55
42225000	56
42230000	57
42235000	58
42240000	59
42245000	60
42250000	61
42255000	62
42260000	63
42265000	64
42270000	65
42275000	66
42280000	67
42285000	68
42290000	69
42295000	70
42300000	71
42305000	72
42310000	73
42315000	74
42320000	75
42325000	76
42330000	77
42335000	78
42340000	79
42345000	80
42350000	81
42355000	82
42360000	83
42365000	84
42370000	85
42375000	86
42380000	87
42385000	88
42390000	89
42395000	90
42400000	91
42405000	92
42410000	93
42415000	94
42420000	95
42425000	96
42430000	97
42435000	98
42440000	99
42445000	100
42450000	101
42455000	102
42460000	103
42465000	104
42470000	105
42475000	106
42480000	107
42485000	108
42490000	109
42495000	110
42500000	111
42505000	112
42510000	113
42515000	114
42520000	115
42525000	116
42530000	117
42535000	118
42540000	119
42545000	120
42550000	121
42555000	122
42560000	123
42565000	124
42570000	125
42575000	126
42580000	127
42585000	128
42590000	129
42595000	130
42600000	131
42605000	132
42610000	133
42615000	134
42620000	135
42625000	136
42630000	137
42635000	138
42640000	139
42645000	140
42650000	141
42655000	142
42660000	143
42665000	144
42670000	145
42675000	146
42680000	147
42685000	148
42690000	149
42695000	150
42700000	151
42705000	152
42710000	153
42715000	154
42720000	155
42725000	156
42730000	157
42740000	158
42745000	159
42750000	160
42755000	161
42760000	162
42765000	163
42770000	164
42775000	165
42780000	166
42785000	167
42790000	168
42795000	169
42800000	170
42805000	171
42810000	172
42815000	173
42820000	174
42825000	175
42830000	176
42835000	177
42840000	178
42845000	179
42850000	180
42855000	181
42860000	182
42865000	183
42870000	184
42875000	185
42880000	186
42885000	187
42890000	188
42895000	189
42900000	190
42905000	191
42910000	192
42915000	193
42920000	194
42925000	195
42930000	196
42935000	197
42940000	198
42945000	199
42950000	200
42955000	201
42960000	202
42965000	203
42970000	204
42975000	205
42980000	206
42985000	207
42990000	208
42995000	209
43000000	210
43005000	211
43010000	212
43015000	213
43020000	214
43025000	215
43030000	216
43035000	217
43040000	218
43045000	219
43050000	220
43055000	221
43060000	222
43065000	223
43070000	224
43075000	225
43080000	226
43085000	227
43090000	228
43095000	229
43100000	230
43105000	231
43110000	232
43115000	233
43120000	234
43125000	235
43130000	236
43135000	237
43140000	238
43145000	239
43150000	240
43155000	241
43160000	242
43165000	243
43170000	244
43175000	245
43180000	246
43185000	247
43190000	248
43195000	249
43200000	250
43205000	251
43210000	252
43215000	253
43220000	254
43225000	255
43230000	256
43235000	257
43240000	258
43245000	259
43250000	260
43255000	261
43260000	262
43265000	263
43270000	264
43275000	265
43280000	266
43285000	267
43290000	268
43295000	269
43300000	270
43305000	271
43310000	272
43315000	273
43320000	274
43325000	275
43330000	276
43335000	277
43340000	278
43345000	279
43350000	280
43355000	281
43360000	282
43365000	283
43370000	284
43375000	285
43380000	286
43385000	287
43390000	288
43395000	289
43400000	290
43405000	291
43410000	292
43415000	293
43420000	294
43425000	295
43430000	296
43435000	297
43440000	298
43445000	299
43450000	300
43455000	301
43460000	302
43465000	303
43470000	304
43475000	305
43480000	306
43485000	307
43490000	308
43495000	309
43500000	310
43505000	311
43510000	312
43515000	313
43520000	314
43525000	315
43530000	316
43535000	317
43540000	318
43545000	319
43550000	320
43555000	321
43560000	322
43565000	323
43570000	324
43575000	325
43580000	326
43585000	327
43590000	328
43595000	329
43600000	330
43605000	331
43610000	332
43615000	333
43620000	334
43625000	335
43630000	336
43635000	337
