36791000	0
36792000	1
36793000	2
36794000	3
36795000	4
36796000	5
36797000	6
36798000	7
36799000	8
36800000	9
36801000	10
36802000	11
36803000	12
36804000	13
36805000	14
36806000	15
36807000	16
36808000	17
36809000	18
36810000	19
36811000	20
36812000	21
36813000	22
36814000	23
36816000	24
36817000	25
36818000	26
36819000	27
36820000	28
36821000	29
36822000	30
36823000	31
36824000	32
36825000	33
36826000	34
36827000	35
36828000	36
36829000	37
36830000	38
36831000	39
36832000	40
36833000	41
36834000	42
36835000	43
36836000	44
36837000	45
36838000	46
36839000	47
36840000	48
36841000	49
36842000	50
36843000	51
36844000	52
36845000	53
36846000	54
36847000	55
36848000	56
36849000	57
36850000	58
36851000	59
36852000	60
36853000	61
36854000	62
36855000	63
36856000	64
36857000	65
36858000	66
36859000	67
36860000	68
36861000	69
36862000	70
36863000	71
36864000	72
36865000	73
36866000	74
36867000	75
36868000	76
36869000	77
36870000	78
36871000	79
36872000	80
36873000	81
36874000	82
36875000	83
36876000	84
36877000	85
36878000	86
36879000	87
36880000	88
36881000	89
36882000	90
36883000	91
36884000	92
36885000	93
36886000	94
36887000	95
36888000	96
36889000	97
36890000	98
36891000	99
36892000	100
36893000	101
36894000	102
36895000	103
36896000	104
36897000	105
36898000	106
36899000	107
36900000	108
36901000	109
36902000	110
36903000	111
36904000	112
36905000	113
36906000	114
36907000	115
36908000	116
36909000	117
36910000	118
36911000	119
36912000	120
36913000	121
36914000	122
36915000	123
36916000	124
36917000	125
36918000	126
36919000	127
36920000	128
36921000	129
36922000	130
36923000	131
36924000	132
36925000	133
36926000	134
36927000	135
36928000	136
36929000	137
36930000	138
36931000	139
36932000	140
36933000	141
36934000	142
36935000	143
36936000	144
36937000	145
36938000	146
36939000	147
36940000	148
36941000	149
36942000	150
36943000	151
36944000	152
36945000	153
36946000	154
36947000	155
36948000	156
36949000	157
36950000	158
36951000	159
36952000	160
36953000	161
36954000	162
36955000	163
36956000	164
36957000	165
36958000	166
36959000	167
36960000	168
36961000	169
36962000	170
36963000	171
36964000	172
36965000	173
36966000	174
36967000	175
36968000	176
36969000	177
36970000	178
36971000	179
36972000	180
36973000	181
36974000	182
36975000	183
36976000	184
36977000	185
36978000	186
36979000	187
36980000	188
36981000	189
36982000	190
36983000	191
36984000	192
36985000	193
36986000	194
36987000	195
36988000	196
36989000	197
36990000	198
36991000	199
36992000	200
36993000	201
36994000	202
36995000	203
36996000	204
36997000	205
36998000	206
36999000	207
37000000	208
37001000	209
37002000	210
37003000	211
37004000	212
37005000	213
37006000	214
37007000	215
37008000	216
37009000	217
37010000	218
37011000	219
37012000	220
37013000	221
37014000	222
37015000	223
37016000	224
37017000	225
37018000	226
37019000	227
37020000	228
37021000	229
37022000	230
37023000	231
37024000	232
37025000	233
37026000	234
37027000	235
37028000	236
37029000	237
37030000	238
37031000	239
37032000	240
37033000	241
37034000	242
37035000	243
37036000	244
37037000	245
37038000	246
37039000	247
37040000	248
37041000	249
37042000	250
37043000	251
37044000	252
37045000	253
37046000	254
37047000	255
37048000	256
37049000	257
37050000	258
37051000	259
37052000	260
37053000	261
37054000	262
37055000	263
37056000	264
37057000	265
37058000	266
37059000	267
37060000	268
37061000	269
37062000	270
37063000	271
37064000	272
37065000	273
37066000	274
37067000	275
37068000	276
37069000	277
37070000	278
37071000	279
37072000	280
37073000	281
37074000	282
37075000	283
37076000	284
37077000	285
37078000	286
37079000	287
37080000	288
37081000	289
37082000	290
37083000	291
37084000	292
37085000	293
37086000	294
37087000	295
37088000	296
37089000	297
37090000	298
37091000	299
37092000	300
37093000	301
37094000	302
37095000	303
37096000	304
37097000	305
37098000	306
37099000	307
37100000	308
37101000	309
37102000	310
37103000	311
37104000	312
37105000	313
37106000	314
37107000	315
37108000	316
37109000	317
37110000	318
37111000	319
37112000	320
37113000	321
37114000	322
37115000	323
37116000	324
37117000	325
37118000	326
37119000	327
37120000	328
37121000	329
37122000	330
37123000	331
37124000	332
37125000	333
37126000	334
37127000	335
37128000	336
37129000	337
37130000	338
37131000	339
37132000	340
37133000	341
37134000	342
37135000	343
37136000	344
37137000	345
37138000	346
37139000	347
37140000	348
37141000	349
37142000	350
37143000	351
37144000	352
37145000	353
37146000	354
37147000	355
37148000	356
37149000	357
37150000	358
37151000	359
37152000	360
37153000	361
37154000	362
37155000	363
37156000	364
37157000	365
37158000	366
37159000	367
37160000	368
37161000	369
37162000	370
37163000	371
37164000	372
37165000	373
37166000	374
37167000	375
37168000	376
37169000	377
37170000	378
37171000	379
37172000	380
37173000	381
37174000	382
37175000	383
37176000	384
37177000	385
37178000	386
37179000	387
37180000	388
37181000	389
37182000	390
37183000	391
37184000	392
37185000	393
37186000	394
37187000	395
37188000	396
37189000	397
37190000	398
37191000	399
37192000	400
37193000	401
37194000	402
37195000	403
37196000	404
37197000	405
37198000	406
37199000	407
37200000	408
37201000	409
37202000	410
37203000	411
37204000	412
37205000	413
37206000	414
37207000	415
37208000	416
37209000	417
37210000	418
37211000	419
37212000	420
37213000	421
37214000	422
37215000	423
37216000	424
37217000	425
37218000	426
37219000	427
37220000	428
37221000	429
37222000	430
37223000	431
37224000	432
37225000	433
37226000	434
37227000	435
37228000	436
37229000	437
37230000	438
37231000	439
37232000	440
37233000	441
37234000	442
37235000	443
37236000	444
37237000	445
37238000	446
37239000	447
37240000	448
37241000	449
37242000	450
37243000	451
37244000	452
37245000	453
37246000	454
37247000	455
37248000	456
37249000	457
37250000	458
37251000	459
37252000	460
37253000	461
37254000	462
37255000	463
37256000	464
37257000	465
37258000	466
37259000	467
37260000	468
37261000	469
37262000	470
37263000	471
37266000	472
37267000	473
37268000	474
37269000	475
37270000	476
37271000	477
37272000	478
37273000	479
37274000	480
37275000	481
37276000	482
37277000	483
37278000	484
37279000	485
37280000	486
37281000	487
37282000	488
37283000	489
37284000	490
37285000	491
37286000	492
37287000	493
37288000	494
37289000	495
37290000	496
37291000	497
37292000	498
37293000	499
37294000	500
37295000	501
37296000	502
37297000	503
37298000	504
37299000	505
37300000	506
37301000	507
37302000	508
37303000	509
37304000	510
37305000	511
37306000	512
37307000	513
37308000	514
37309000	515
37310000	516
37311000	517
37312000	518
37313000	519
37314000	520
37315000	521
37316000	522
37317000	523
37318000	524
37319000	525
37320000	526
37321000	527
37322000	528
37323000	529
37324000	530
37325000	531
37326000	532
37327000	533
37328000	534
37329000	535
37330000	536
37331000	537
37332000	538
37333000	539
37334000	540
37335000	541
37336000	542
37337000	543
37338000	544
37339000	545
37340000	546
37341000	547
37342000	548
37343000	549
37344000	550
37345000	551
37346000	552
37347000	553
37348000	554
37349000	555
37350000	556
37351000	557
37352000	558
37353000	559
37354000	560
37355000	561
37356000	562
37357000	563
37358000	564
37359000	565
37360000	566
37361000	567
37362000	568
37363000	569
37364000	570
37365000	571
37366000	572
37367000	573
37368000	574
37369000	575
37370000	576
37371000	577
37372000	578
37373000	579
37374000	580
37375000	581
37376000	582
37377000	583
37378000	584
37379000	585
37380000	586
37381000	587
37382000	588
37383000	589
37384000	590
37385000	591
37386000	592
37387000	593
37388000	594
37389000	595
37390000	596
37391000	597
37392000	598
37393000	599
37394000	600
37395000	601
37396000	602
37397000	603
37398000	604
37399000	605
37400000	606
37401000	607
37402000	608
37403000	609
37404000	610
37405000	611
37406000	612
37407000	613
37408000	614
37409000	615
37410000	616
37411000	617
37412000	618
37413000	619
37414000	620
37415000	621
37416000	622
37417000	623
37418000	624
37419000	625
37420000	626
37421000	627
37422000	628
37423000	629
37424000	630
37425000	631
37426000	632
37427000	633
37428000	634
37429000	635
37430000	636
37431000	637
37432000	638
37433000	639
37434000	640
37435000	641
37436000	642
37437000	643
37438000	644
37439000	645
37440000	646
37441000	647
37442000	648
37443000	649
37444000	650
37445000	651
37446000	652
37447000	653
37448000	654
37449000	655
37450000	656
37451000	657
37452000	658
37453000	659
37454000	660
37455000	661
37456000	662
37457000	663
37458000	664
37459000	665
37460000	666
37461000	667
37462000	668
37463000	669
37464000	670
37465000	671
37466000	672
37467000	673
37468000	674
37469000	675
37470000	676
37471000	677
37472000	678
37473000	679
37474000	680
37475000	681
37476000	682
37477000	683
37478000	684
37479000	685
37480000	686
37481000	687
37482000	688
37483000	689
37484000	690
37485000	691
37486000	692
37487000	693
37488000	694
37489000	695
37490000	696
37491000	697
37492000	698
37493000	699
37494000	700
37495000	701
37496000	702
37497000	703
37498000	704
37499000	705
37500000	706
37501000	707
37502000	708
37503000	709
37504000	710
37505000	711
37506000	712
37507000	713
37508000	714
37509000	715
37510000	716
37511000	717
37512000	718
37513000	719
37515000	720
37516000	721
37517000	722
37518000	723
37519000	724
37520000	725
37521000	726
37522000	727
37523000	728
37524000	729
37525000	730
37526000	731
37527000	732
37528000	733
37529000	734
37530000	735
37531000	736
37532000	737
37533000	738
37534000	739
37535000	740
37536000	741
37537000	742
37538000	743
37539000	744
37540000	745
37541000	746
37542000	747
37543000	748
37544000	749
37545000	750
37546000	751
37547000	752
37548000	753
37549000	754
37550000	755
37551000	756
37552000	757
37553000	758
37554000	759
37555000	760
37556000	761
37557000	762
37558000	763
37560000	764
37561000	765
37562000	766
37563000	767
37564000	768
37565000	769
37566000	770
37567000	771
37568000	772
37569000	773
37570000	774
37571000	775
37572000	776
37573000	777
37574000	778
37575000	779
37576000	780
37577000	781
37578000	782
37579000	783
37580000	784
37581000	785
37582000	786
37583000	787
37584000	788
37585000	789
37586000	790
37587000	791
37588000	792
37589000	793
37590000	794
37591000	795
37592000	796
37593000	797
37594000	798
37595000	799
37596000	800
37597000	801
37598000	802
37599000	803
37600000	804
37601000	805
37602000	806
37603000	807
37604000	808
37605000	809
37606000	810
37607000	811
37608000	812
37609000	813
37610000	814
37611000	815
37612000	816
37613000	817
37614000	818
37615000	819
37616000	820
37617000	821
37618000	822
37619000	823
37620000	824
37621000	825
37622000	826
37623000	827
37624000	828
37625000	829
37626000	830
37627000	831
37628000	832
37629000	833
37630000	834
37631000	835
37632000	836
37633000	837
37634000	838
37635000	839
37636000	840
37637000	841
37638000	842
37639000	843
37640000	844
37641000	845
37642000	846
37643000	847
37644000	848
37645000	849
37646000	850
37647000	851
37648000	852
37649000	853
37650000	854
37651000	855
37652000	856
37653000	857
37654000	858
37655000	859
37656000	860
37657000	861
37658000	862
37659000	863
37660000	864
37661000	865
37662000	866
37663000	867
37664000	868
37665000	869
37666000	870
37667000	871
37668000	872
37669000	873
37670000	874
37671000	875
37672000	876
37673000	877
37674000	878
37675000	879
37676000	880
37677000	881
37678000	882
37679000	883
37680000	884
37681000	885
37682000	886
37683000	887
37684000	888
37685000	889
37686000	890
37687000	891
37688000	892
37689000	893
37690000	894
37691000	895
37693000	896
37694000	897
37695000	898
37696000	899
37697000	900
37698000	901
37699000	902
37700000	903
37701000	904
37702000	905
37703000	906
37704000	907
37705000	908
37706000	909
37707000	910
37708000	911
37709000	912
37710000	913
37711000	914
37712000	915
37713000	916
37714000	917
37715000	918
37716000	919
37717000	920
37718000	921
37719000	922
37720000	923
37721000	924
37722000	925
37723000	926
37724000	927
37725000	928
37726000	929
37727000	930
37728000	931
37729000	932
37730000	933
37731000	934
37732000	935
37733000	936
37734000	937
37735000	938
37736000	939
37737000	940
37738000	941
37739000	942
37740000	943
37741000	944
37742000	945
37743000	946
37744000	947
37745000	948
37746000	949
37747000	950
37748000	951
37749000	952
37750000	953
37751000	954
37752000	955
37753000	956
37754000	957
37755000	958
37756000	959
37757000	960
37758000	961
37759000	962
37760000	963
37761000	964
37762000	965
37763000	966
37764000	967
37765000	968
37766000	969
37767000	970
37768000	971
37769000	972
37770000	973
37771000	974
37772000	975
37773000	976
37774000	977
37775000	978
37776000	979
37777000	980
37778000	981
37779000	982
37780000	983
37781000	984
37782000	985
37783000	986
37784000	987
37785000	988
37786000	989
37787000	990
37788000	991
37789000	992
37790000	993
37791000	994
37792000	995
37793000	996
37794000	997
37795000	998
37796000	999
37797000	1000
37798000	1001
37799000	1002
37801000	1003
37802000	1004
37803000	1005
37804000	1006
37805000	1007
37806000	1008
37807000	1009
37808000	1010
37809000	1011
37810000	1012
37811000	1013
37812000	1014
37813000	1015
37814000	1016
37815000	1017
37816000	1018
37817000	1019
37818000	1020
37819000	1021
37820000	1022
37821000	1023
37822000	1024
37823000	1025
37824000	1026
37825000	1027
37826000	1028
37827000	1029
37828000	1030
37829000	1031
37830000	1032
37831000	1033
37832000	1034
37833000	1035
37834000	1036
37835000	1037
37836000	1038
37837000	1039
37838000	1040
37839000	1041
37840000	1042
37841000	1043
37843000	1044
37844000	1045
37845000	1046
37846000	1047
37847000	1048
37848000	1049
37849000	1050
37850000	1051
37851000	1052
37852000	1053
37853000	1054
37854000	1055
37855000	1056
37856000	1057
37857000	1058
37858000	1059
37859000	1060
37860000	1061
37861000	1062
37862000	1063
37863000	1064
37864000	1065
37865000	1066
37866000	1067
37867000	1068
37868000	1069
37869000	1070
37870000	1071
37871000	1072
37872000	1073
37873000	1074
37874000	1075
37875000	1076
37876000	1077
37877000	1078
37878000	1079
37879000	1080
37880000	1081
37881000	1082
37882000	1083
37883000	1084
37884000	1085
37885000	1086
37886000	1087
37887000	1088
37888000	1089
37889000	1090
37890000	1091
37891000	1092
37892000	1093
37893000	1094
37894000	1095
37895000	1096
37896000	1097
37897000	1098
37898000	1099
37899000	1100
37900000	1101
37901000	1102
37902000	1103
37903000	1104
37904000	1105
37905000	1106
37906000	1107
37907000	1108
37908000	1109
37909000	1110
37910000	1111
37911000	1112
37912000	1113
37913000	1114
37914000	1115
37915000	1116
37916000	1117
37917000	1118
37918000	1119
37919000	1120
37920000	1121
37921000	1122
37922000	1123
37923000	1124
37924000	1125
37925000	1126
37926000	1127
37927000	1128
37928000	1129
37929000	1130
37930000	1131
37931000	1132
37932000	1133
37933000	1134
37934000	1135
37935000	1136
37936000	1137
37937000	1138
37938000	1139
37939000	1140
37940000	1141
37941000	1142
37942000	1143
37943000	1144
37944000	1145
37945000	1146
37946000	1147
37947000	1148
37948000	1149
37949000	1150
37950000	1151
37951000	1152
37952000	1153
37953000	1154
37954000	1155
37955000	1156
37956000	1157
37957000	1158
37958000	1159
37959000	1160
37960000	1161
37961000	1162
37962000	1163
37963000	1164
37964000	1165
37965000	1166
37966000	1167
37967000	1168
37968000	1169
37969000	1170
37970000	1171
37971000	1172
37972000	1173
37973000	1174
37974000	1175
37975000	1176
37976000	1177
37977000	1178
37978000	1179
37979000	1180
37980000	1181
37981000	1182
37982000	1183
37983000	1184
37984000	1185
37985000	1186
37986000	1187
37987000	1188
37988000	1189
37989000	1190
37990000	1191
37991000	1192
37992000	1193
37993000	1194
37994000	1195
37995000	1196
37996000	1197
37997000	1198
37998000	1199
37999000	1200
38000000	1201
38001000	1202
38002000	1203
38003000	1204
38004000	1205
38005000	1206
38006000	1207
38007000	1208
38008000	1209
38009000	1210
38010000	1211
38011000	1212
38012000	1213
38013000	1214
38014000	1215
38015000	1216
38016000	1217
38017000	1218
38018000	1219
38019000	1220
38020000	1221
38021000	1222
38022000	1223
38023000	1224
38024000	1225
38025000	1226
38026000	1227
38027000	1228
38028000	1229
38029000	1230
38030000	1231
38031000	1232
38032000	1233
38033000	1234
38034000	1235
38035000	1236
38036000	1237
38037000	1238
38038000	1239
38039000	1240
38040000	1241
38041000	1242
38042000	1243
38043000	1244
38044000	1245
38045000	1246
38046000	1247
38047000	1248
38048000	1249
38049000	1250
38050000	1251
38051000	1252
38052000	1253
38053000	1254
38054000	1255
38055000	1256
38056000	1257
38057000	1258
38058000	1259
38059000	1260
38060000	1261
38061000	1262
38062000	1263
38063000	1264
38064000	1265
38065000	1266
38066000	1267
38067000	1268
38068000	1269
38069000	1270
38070000	1271
38071000	1272
38072000	1273
38073000	1274
38074000	1275
38075000	1276
38076000	1277
38077000	1278
38078000	1279
38079000	1280
38080000	1281
38081000	1282
38082000	1283
38083000	1284
38084000	1285
38085000	1286
38086000	1287
38087000	1288
38088000	1289
38089000	1290
38090000	1291
38091000	1292
38092000	1293
38093000	1294
38094000	1295
38095000	1296
38096000	1297
38097000	1298
38098000	1299
38099000	1300
38100000	1301
38101000	1302
38102000	1303
38103000	1304
38104000	1305
38105000	1306
38106000	1307
38107000	1308
38108000	1309
38109000	1310
38110000	1311
38111000	1312
38112000	1313
38113000	1314
38114000	1315
38115000	1316
38116000	1317
38117000	1318
38118000	1319
38119000	1320
38120000	1321
38121000	1322
38122000	1323
38123000	1324
38124000	1325
38125000	1326
38126000	1327
38127000	1328
38128000	1329
38129000	1330
38130000	1331
38131000	1332
38132000	1333
38133000	1334
38134000	1335
38135000	1336
38136000	1337
38137000	1338
38138000	1339
38139000	1340
38140000	1341
38141000	1342
38142000	1343
38143000	1344
38144000	1345
38145000	1346
38146000	1347
38147000	1348
38149000	1349
38150000	1350
38151000	1351
38152000	1352
38153000	1353
38154000	1354
38155000	1355
38156000	1356
38157000	1357
38158000	1358
38159000	1359
38160000	1360
38161000	1361
38162000	1362
38163000	1363
38164000	1364
38165000	1365
38166000	1366
38167000	1367
38168000	1368
38169000	1369
38170000	1370
38171000	1371
38172000	1372
38173000	1373
38174000	1374
38175000	1375
38176000	1376
38177000	1377
38178000	1378
38179000	1379
38180000	1380
38181000	1381
38182000	1382
38183000	1383
38184000	1384
38185000	1385
38186000	1386
38187000	1387
38188000	1388
38189000	1389
38190000	1390
38191000	1391
38192000	1392
38193000	1393
38194000	1394
38195000	1395
38196000	1396
38197000	1397
38198000	1398
38199000	1399
38200000	1400
38201000	1401
38202000	1402
38203000	1403
38204000	1404
38205000	1405
38206000	1406
38207000	1407
38208000	1408
38209000	1409
38210000	1410
38211000	1411
38212000	1412
38213000	1413
38214000	1414
38215000	1415
38216000	1416
38217000	1417
38218000	1418
38219000	1419
38220000	1420
38221000	1421
38222000	1422
38223000	1423
38224000	1424
38225000	1425
38226000	1426
38227000	1427
38228000	1428
38229000	1429
38230000	1430
38231000	1431
38232000	1432
38233000	1433
38234000	1434
38235000	1435
38236000	1436
38237000	1437
38238000	1438
38239000	1439
38240000	1440
38241000	1441
38242000	1442
38243000	1443
38244000	1444
38245000	1445
38246000	1446
38247000	1447
38248000	1448
38249000	1449
38250000	1450
38251000	1451
38252000	1452
38253000	1453
38255000	1454
38256000	1455
38257000	1456
38258000	1457
38259000	1458
38260000	1459
38261000	1460
38262000	1461
38263000	1462
38264000	1463
38265000	1464
38266000	1465
38267000	1466
38268000	1467
38269000	1468
38270000	1469
38271000	1470
38272000	1471
38273000	1472
38274000	1473
38275000	1474
38276000	1475
38277000	1476
38278000	1477
38279000	1478
38280000	1479
38281000	1480
38282000	1481
38283000	1482
38284000	1483
38285000	1484
38286000	1485
38287000	1486
38288000	1487
38289000	1488
38290000	1489
38291000	1490
38292000	1491
38293000	1492
38294000	1493
38295000	1494
38296000	1495
38297000	1496
38298000	1497
38299000	1498
38300000	1499
38301000	1500
38302000	1501
38303000	1502
38304000	1503
38305000	1504
38306000	1505
38307000	1506
38308000	1507
38309000	1508
38310000	1509
38311000	1510
38312000	1511
38313000	1512
38314000	1513
38315000	1514
38316000	1515
38317000	1516
38318000	1517
38319000	1518
38320000	1519
38321000	1520
38322000	1521
38323000	1522
38324000	1523
38325000	1524
38326000	1525
38327000	1526
38328000	1527
38329000	1528
38330000	1529
38331000	1530
38332000	1531
38333000	1532
38334000	1533
38335000	1534
38336000	1535
38337000	1536
38338000	1537
38339000	1538
38340000	1539
38341000	1540
38342000	1541
38343000	1542
38344000	1543
38345000	1544
38346000	1545
38347000	1546
38348000	1547
38349000	1548
38350000	1549
38351000	1550
38352000	1551
38353000	1552
38354000	1553
38355000	1554
38356000	1555
38357000	1556
38358000	1557
38359000	1558
38360000	1559
38361000	1560
38362000	1561
38363000	1562
38364000	1563
38365000	1564
38366000	1565
38367000	1566
38368000	1567
38369000	1568
38370000	1569
38371000	1570
38372000	1571
38373000	1572
38374000	1573
38375000	1574
38376000	1575
38377000	1576
38378000	1577
38379000	1578
38380000	1579
38381000	1580
38382000	1581
38383000	1582
38384000	1583
38385000	1584
38386000	1585
38387000	1586
38388000	1587
38389000	1588
38390000	1589
38391000	1590
38392000	1591
38393000	1592
38394000	1593
38395000	1594
38396000	1595
38397000	1596
38398000	1597
38399000	1598
38400000	1599
38401000	1600
38402000	1601
38403000	1602
38404000	1603
38405000	1604
38406000	1605
38407000	1606
38408000	1607
38409000	1608
38410000	1609
38411000	1610
38412000	1611
38413000	1612
38414000	1613
38415000	1614
38416000	1615
38417000	1616
38418000	1617
38419000	1618
38420000	1619
38421000	1620
38422000	1621
38423000	1622
38424000	1623
38425000	1624
38426000	1625
38427000	1626
38428000	1627
38429000	1628
38430000	1629
38431000	1630
38432000	1631
38433000	1632
38434000	1633
38435000	1634
38436000	1635
38437000	1636
38438000	1637
38439000	1638
38440000	1639
38441000	1640
38442000	1641
38443000	1642
38444000	1643
38445000	1644
38446000	1645
38447000	1646
38448000	1647
38449000	1648
38450000	1649
38451000	1650
38452000	1651
38453000	1652
38454000	1653
38455000	1654
38456000	1655
38457000	1656
38458000	1657
38459000	1658
38460000	1659
38461000	1660
38462000	1661
38463000	1662
38464000	1663
38465000	1664
38466000	1665
38467000	1666
38468000	1667
38469000	1668
38470000	1669
38471000	1670
38472000	1671
38473000	1672
38474000	1673
38475000	1674
38476000	1675
38477000	1676
38478000	1677
38479000	1678
38480000	1679
38481000	1680
38482000	1681
38483000	1682
38484000	1683
38485000	1684
38486000	1685
38487000	1686
38488000	1687
38489000	1688
38490000	1689
38491000	1690
38492000	1691
38493000	1692
38494000	1693
38495000	1694
38496000	1695
38497000	1696
38498000	1697
38499000	1698
38500000	1699
38501000	1700
38502000	1701
38503000	1702
38504000	1703
38505000	1704
38506000	1705
38507000	1706
38508000	1707
38509000	1708
38510000	1709
38511000	1710
38512000	1711
38513000	1712
38514000	1713
38515000	1714
38516000	1715
38517000	1716
38518000	1717
38519000	1718
38520000	1719
38521000	1720
38522000	1721
38523000	1722
38524000	1723
38525000	1724
38526000	1725
38527000	1726
38528000	1727
38529000	1728
38530000	1729
38531000	1730
38532000	1731
38533000	1732
38534000	1733
38535000	1734
38536000	1735
38537000	1736
38538000	1737
38539000	1738
38540000	1739
38541000	1740
38542000	1741
38543000	1742
38544000	1743
38545000	1744
38546000	1745
38547000	1746
38548000	1747
38549000	1748
38550000	1749
38551000	1750
38552000	1751
38553000	1752
38554000	1753
38555000	1754
38556000	1755
38557000	1756
38558000	1757
38559000	1758
38560000	1759
38561000	1760
38562000	1761
38563000	1762
38564000	1763
38565000	1764
38566000	1765
38567000	1766
38568000	1767
38569000	1768
38570000	1769
38571000	1770
38572000	1771
38573000	1772
38574000	1773
38575000	1774
38576000	1775
38577000	1776
38578000	1777
38579000	1778
38580000	1779
38581000	1780
38582000	1781
38583000	1782
38584000	1783
38585000	1784
38586000	1785
38587000	1786
38588000	1787
38589000	1788
38590000	1789
38591000	1790
38592000	1791
38593000	1792
38594000	1793
38595000	1794
38596000	1795
38597000	1796
38598000	1797
38599000	1798
38600000	1799
38601000	1800
38602000	1801
38603000	1802
38604000	1803
38605000	1804
38606000	1805
38607000	1806
38608000	1807
38609000	1808
38610000	1809
38611000	1810
38612000	1811
38613000	1812
38614000	1813
38615000	1814
38616000	1815
38617000	1816
38618000	1817
38619000	1818
38620000	1819
38621000	1820
38622000	1821
38623000	1822
38624000	1823
38625000	1824
38626000	1825
38627000	1826
38628000	1827
38629000	1828
38630000	1829
38631000	1830
38632000	1831
38634000	1832
38635000	1833
38636000	1834
38637000	1835
38638000	1836
38639000	1837
38640000	1838
38641000	1839
38642000	1840
38643000	1841
38644000	1842
38645000	1843
38646000	1844
38647000	1845
38648000	1846
38649000	1847
38650000	1848
38651000	1849
38652000	1850
38653000	1851
38654000	1852
38655000	1853
38656000	1854
38657000	1855
38658000	1856
38659000	1857
38660000	1858
38661000	1859
38662000	1860
38663000	1861
38664000	1862
38665000	1863
38666000	1864
38667000	1865
38668000	1866
38669000	1867
38670000	1868
38671000	1869
38672000	1870
38673000	1871
38674000	1872
38675000	1873
38676000	1874
38678000	1875
38679000	1876
38680000	1877
38681000	1878
38682000	1879
38683000	1880
38684000	1881
38685000	1882
38686000	1883
38687000	1884
38688000	1885
38689000	1886
38690000	1887
38691000	1888
38692000	1889
38693000	1890
38694000	1891
38695000	1892
38696000	1893
38697000	1894
38698000	1895
38699000	1896
38700000	1897
38701000	1898
38702000	1899
38703000	1900
38704000	1901
38705000	1902
38706000	1903
38707000	1904
38708000	1905
38709000	1906
38710000	1907
38711000	1908
38712000	1909
38713000	1910
38714000	1911
38715000	1912
38716000	1913
38717000	1914
38718000	1915
38719000	1916
38720000	1917
38721000	1918
38722000	1919
38723000	1920
38724000	1921
38725000	1922
38726000	1923
38727000	1924
38728000	1925
38729000	1926
38730000	1927
38731000	1928
38732000	1929
38733000	1930
38734000	1931
38735000	1932
38736000	1933
38737000	1934
38738000	1935
38739000	1936
38740000	1937
38741000	1938
38742000	1939
38743000	1940
38744000	1941
38745000	1942
38746000	1943
38747000	1944
38748000	1945
38749000	1946
38750000	1947
38751000	1948
38752000	1949
38753000	1950
38754000	1951
38755000	1952
38756000	1953
38757000	1954
38758000	1955
38759000	1956
38760000	1957
38761000	1958
38762000	1959
38763000	1960
38764000	1961
38765000	1962
38766000	1963
38767000	1964
38768000	1965
38769000	1966
38770000	1967
38771000	1968
38772000	1969
38773000	1970
38774000	1971
38775000	1972
38776000	1973
38777000	1974
38778000	1975
38779000	1976
38780000	1977
38781000	1978
38782000	1979
38783000	1980
38784000	1981
38785000	1982
38786000	1983
38787000	1984
38788000	1985
38789000	1986
38790000	1987
38791000	1988
38792000	1989
38793000	1990
38794000	1991
38795000	1992
38796000	1993
38797000	1994
38798000	1995
38799000	1996
38800000	1997
38801000	1998
38802000	1999
38803000	2000
38804000	2001
38805000	2002
38806000	2003
38807000	2004
38808000	2005
38809000	2006
38810000	2007
38811000	2008
38812000	2009
38813000	2010
38814000	2011
38815000	2012
38816000	2013
38817000	2014
38818000	2015
38819000	2016
38820000	2017
38821000	2018
38822000	2019
38823000	2020
38824000	2021
38825000	2022
38826000	2023
38827000	2024
38828000	2025
38829000	2026
38830000	2027
38831000	2028
38832000	2029
38833000	2030
38834000	2031
38835000	2032
38836000	2033
38837000	2034
38838000	2035
38839000	2036
38840000	2037
38841000	2038
38842000	2039
38843000	2040
38844000	2041
38845000	2042
38846000	2043
38847000	2044
38848000	2045
38849000	2046
38850000	2047
38851000	2048
38852000	2049
38853000	2050
38854000	2051
38855000	2052
38856000	2053
38857000	2054
38858000	2055
38859000	2056
38860000	2057
38861000	2058
38862000	2059
38863000	2060
38864000	2061
38865000	2062
38866000	2063
38867000	2064
38868000	2065
38869000	2066
38870000	2067
38871000	2068
38872000	2069
38873000	2070
38874000	2071
38875000	2072
38876000	2073
38877000	2074
38878000	2075
38879000	2076
38880000	2077
38881000	2078
38882000	2079
38883000	2080
38884000	2081
38885000	2082
38886000	2083
38887000	2084
38888000	2085
38889000	2086
38890000	2087
38891000	2088
38892000	2089
38893000	2090
38894000	2091
38895000	2092
38896000	2093
38897000	2094
38898000	2095
38899000	2096
38900000	2097
38901000	2098
38902000	2099
38903000	2100
38904000	2101
38905000	2102
38906000	2103
38907000	2104
38908000	2105
38909000	2106
38910000	2107
38911000	2108
38912000	2109
38913000	2110
38914000	2111
38915000	2112
38916000	2113
38917000	2114
38918000	2115
38919000	2116
38920000	2117
38921000	2118
38922000	2119
38923000	2120
38924000	2121
38925000	2122
38926000	2123
38927000	2124
38928000	2125
38929000	2126
38930000	2127
38931000	2128
38932000	2129
38933000	2130
38934000	2131
38935000	2132
38936000	2133
38937000	2134
38938000	2135
38939000	2136
38940000	2137
38941000	2138
38942000	2139
38943000	2140
38944000	2141
38945000	2142
38946000	2143
38947000	2144
38948000	2145
38949000	2146
38950000	2147
38951000	2148
38952000	2149
38953000	2150
38954000	2151
38955000	2152
38956000	2153
38957000	2154
38958000	2155
38959000	2156
38960000	2157
38961000	2158
38962000	2159
38963000	2160
38964000	2161
38965000	2162
38966000	2163
38967000	2164
38968000	2165
38969000	2166
38970000	2167
38971000	2168
38972000	2169
38973000	2170
38974000	2171
38976000	2172
38977000	2173
38978000	2174
38979000	2175
38980000	2176
38981000	2177
38982000	2178
38983000	2179
38984000	2180
38985000	2181
38986000	2182
38987000	2183
38988000	2184
38989000	2185
38990000	2186
38991000	2187
38992000	2188
38993000	2189
38994000	2190
38995000	2191
38996000	2192
38997000	2193
38998000	2194
38999000	2195
39000000	2196
39001000	2197
39002000	2198
39003000	2199
39004000	2200
39005000	2201
39006000	2202
39007000	2203
39008000	2204
39009000	2205
39010000	2206
39011000	2207
39012000	2208
39013000	2209
39014000	2210
39015000	2211
39016000	2212
39017000	2213
39018000	2214
39019000	2215
39020000	2216
39021000	2217
39022000	2218
39023000	2219
39024000	2220
39025000	2221
39026000	2222
39027000	2223
39028000	2224
39029000	2225
39030000	2226
39031000	2227
39032000	2228
39033000	2229
39034000	2230
39035000	2231
39036000	2232
39037000	2233
39038000	2234
39039000	2235
39040000	2236
39041000	2237
39042000	2238
39043000	2239
39044000	2240
39045000	2241
39046000	2242
39047000	2243
39048000	2244
39049000	2245
39050000	2246
39051000	2247
39052000	2248
39053000	2249
39054000	2250
39055000	2251
39056000	2252
39057000	2253
39058000	2254
39059000	2255
39060000	2256
39061000	2257
39062000	2258
39063000	2259
39064000	2260
39065000	2261
39066000	2262
39067000	2263
39068000	2264
39069000	2265
39070000	2266
39071000	2267
39072000	2268
39073000	2269
39074000	2270
39075000	2271
39076000	2272
39077000	2273
39078000	2274
39079000	2275
39080000	2276
39081000	2277
39082000	2278
39083000	2279
39084000	2280
39085000	2281
39086000	2282
39087000	2283
39088000	2284
39089000	2285
39090000	2286
39091000	2287
39092000	2288
39093000	2289
39094000	2290
39095000	2291
39096000	2292
39097000	2293
39098000	2294
39099000	2295
39100000	2296
39101000	2297
39102000	2298
39103000	2299
39104000	2300
39105000	2301
39106000	2302
39107000	2303
39108000	2304
39109000	2305
39110000	2306
39111000	2307
39112000	2308
39113000	2309
39114000	2310
39115000	2311
39116000	2312
39117000	2313
39118000	2314
39119000	2315
39120000	2316
39121000	2317
39122000	2318
39123000	2319
39124000	2320
39125000	2321
39126000	2322
39127000	2323
39128000	2324
39129000	2325
39130000	2326
39131000	2327
39132000	2328
39133000	2329
39134000	2330
39135000	2331
39136000	2332
39137000	2333
39138000	2334
39139000	2335
39140000	2336
39141000	2337
39142000	2338
39143000	2339
39144000	2340
39145000	2341
39146000	2342
39147000	2343
39148000	2344
39149000	2345
39150000	2346
39151000	2347
39152000	2348
39153000	2349
39154000	2350
39155000	2351
39156000	2352
39157000	2353
39158000	2354
39159000	2355
39160000	2356
39161000	2357
39162000	2358
39163000	2359
39164000	2360
39165000	2361
39166000	2362
39167000	2363
39168000	2364
39169000	2365
39170000	2366
39171000	2367
39172000	2368
39173000	2369
39174000	2370
39175000	2371
39176000	2372
39177000	2373
39178000	2374
39179000	2375
39180000	2376
39181000	2377
39182000	2378
39183000	2379
39184000	2380
39185000	2381
39186000	2382
39187000	2383
39188000	2384
39189000	2385
39190000	2386
39191000	2387
39192000	2388
39193000	2389
39194000	2390
39195000	2391
39196000	2392
39197000	2393
39198000	2394
39199000	2395
39200000	2396
39201000	2397
39202000	2398
39203000	2399
39204000	2400
39205000	2401
39206000	2402
39207000	2403
39208000	2404
39209000	2405
39210000	2406
39211000	2407
39212000	2408
39213000	2409
39214000	2410
39215000	2411
39216000	2412
39217000	2413
39218000	2414
39219000	2415
39220000	2416
39221000	2417
39222000	2418
39223000	2419
39224000	2420
39225000	2421
39226000	2422
39227000	2423
39228000	2424
39229000	2425
39230000	2426
39231000	2427
39232000	2428
39233000	2429
39234000	2430
39235000	2431
39236000	2432
39237000	2433
39238000	2434
39239000	2435
39240000	2436
39241000	2437
39242000	2438
39243000	2439
39244000	2440
39245000	2441
39246000	2442
39247000	2443
39248000	2444
39249000	2445
39250000	2446
39251000	2447
39252000	2448
39253000	2449
39254000	2450
39255000	2451
39256000	2452
39257000	2453
39258000	2454
39259000	2455
39260000	2456
39261000	2457
39262000	2458
39263000	2459
39265000	2460
39266000	2461
39267000	2462
39268000	2463
39269000	2464
39270000	2465
39271000	2466
39272000	2467
39273000	2468
39274000	2469
39275000	2470
39276000	2471
39277000	2472
39278000	2473
39279000	2474
39280000	2475
39281000	2476
39282000	2477
39283000	2478
39284000	2479
39285000	2480
39286000	2481
39287000	2482
39288000	2483
39289000	2484
39290000	2485
39291000	2486
39292000	2487
39293000	2488
39294000	2489
39295000	2490
39296000	2491
39297000	2492
39298000	2493
39299000	2494
39300000	2495
39301000	2496
39302000	2497
39303000	2498
39304000	2499
39305000	2500
39306000	2501
39307000	2502
39308000	2503
39309000	2504
39310000	2505
39311000	2506
39312000	2507
39313000	2508
39314000	2509
39315000	2510
39316000	2511
39317000	2512
39318000	2513
39319000	2514
39320000	2515
39321000	2516
39322000	2517
39323000	2518
39324000	2519
39325000	2520
39326000	2521
39327000	2522
39328000	2523
39329000	2524
39330000	2525
39331000	2526
39332000	2527
39333000	2528
39334000	2529
39335000	2530
39336000	2531
39337000	2532
39338000	2533
39339000	2534
39340000	2535
39341000	2536
39342000	2537
39343000	2538
39344000	2539
39345000	2540
39346000	2541
39347000	2542
39348000	2543
39349000	2544
39350000	2545
39351000	2546
39352000	2547
39353000	2548
39354000	2549
39355000	2550
39356000	2551
39357000	2552
39358000	2553
39359000	2554
39360000	2555
39361000	2556
39362000	2557
39363000	2558
39364000	2559
39365000	2560
39366000	2561
39367000	2562
39368000	2563
39369000	2564
39370000	2565
39371000	2566
39372000	2567
39373000	2568
39374000	2569
39375000	2570
39376000	2571
39377000	2572
39378000	2573
39379000	2574
39380000	2575
39381000	2576
39382000	2577
39383000	2578
39384000	2579
39385000	2580
39386000	2581
39387000	2582
39388000	2583
39389000	2584
39390000	2585
39391000	2586
39392000	2587
39393000	2588
39394000	2589
39395000	2590
39396000	2591
39397000	2592
39398000	2593
39399000	2594
39400000	2595
39401000	2596
39402000	2597
39403000	2598
39404000	2599
39405000	2600
39406000	2601
39407000	2602
39408000	2603
39409000	2604
39410000	2605
39411000	2606
39412000	2607
39413000	2608
39414000	2609
39415000	2610
39416000	2611
39417000	2612
39418000	2613
39419000	2614
39420000	2615
39421000	2616
39422000	2617
39423000	2618
39424000	2619
39425000	2620
39426000	2621
39427000	2622
39428000	2623
39429000	2624
39430000	2625
39431000	2626
39432000	2627
39433000	2628
39434000	2629
39435000	2630
39436000	2631
39437000	2632
39438000	2633
39439000	2634
39440000	2635
39441000	2636
39442000	2637
39443000	2638
39444000	2639
39445000	2640
39446000	2641
39447000	2642
39448000	2643
39449000	2644
39450000	2645
39451000	2646
39452000	2647
39453000	2648
39454000	2649
39455000	2650
39456000	2651
39457000	2652
39458000	2653
39459000	2654
39460000	2655
39461000	2656
39462000	2657
39463000	2658
39464000	2659
39465000	2660
39466000	2661
39467000	2662
39468000	2663
39469000	2664
39470000	2665
39471000	2666
39472000	2667
39473000	2668
39474000	2669
39475000	2670
39476000	2671
39477000	2672
39478000	2673
39479000	2674
39480000	2675
39481000	2676
39482000	2677
39483000	2678
39484000	2679
39485000	2680
39486000	2681
39487000	2682
39488000	2683
39489000	2684
39490000	2685
39491000	2686
39492000	2687
39493000	2688
39494000	2689
39495000	2690
39496000	2691
39497000	2692
39498000	2693
39499000	2694
39500000	2695
39501000	2696
39502000	2697
39503000	2698
39504000	2699
39505000	2700
39507000	2701
39508000	2702
39509000	2703
39510000	2704
39511000	2705
39512000	2706
39513000	2707
39514000	2708
39515000	2709
39516000	2710
39517000	2711
39518000	2712
39519000	2713
39520000	2714
39521000	2715
39522000	2716
39523000	2717
39524000	2718
39525000	2719
39526000	2720
39527000	2721
39528000	2722
39529000	2723
39530000	2724
39531000	2725
39532000	2726
39533000	2727
39534000	2728
39535000	2729
39536000	2730
39537000	2731
39538000	2732
39539000	2733
39540000	2734
39541000	2735
39542000	2736
39543000	2737
39544000	2738
39545000	2739
39546000	2740
39547000	2741
39548000	2742
39549000	2743
39550000	2744
39551000	2745
39552000	2746
39553000	2747
39554000	2748
39555000	2749
39556000	2750
39557000	2751
39558000	2752
39559000	2753
39560000	2754
39561000	2755
39562000	2756
39563000	2757
39564000	2758
39565000	2759
39566000	2760
39567000	2761
39568000	2762
39569000	2763
39570000	2764
39571000	2765
39572000	2766
39573000	2767
39574000	2768
39575000	2769
39576000	2770
39577000	2771
39578000	2772
39579000	2773
39580000	2774
39581000	2775
39582000	2776
39583000	2777
39584000	2778
39585000	2779
39586000	2780
39587000	2781
39588000	2782
39589000	2783
39590000	2784
39591000	2785
39592000	2786
39593000	2787
39594000	2788
39595000	2789
39596000	2790
39597000	2791
39598000	2792
39599000	2793
39600000	2794
39601000	2795
39602000	2796
39603000	2797
39604000	2798
39605000	2799
39606000	2800
39607000	2801
39608000	2802
39609000	2803
39610000	2804
39611000	2805
39612000	2806
39613000	2807
39614000	2808
39615000	2809
39616000	2810
39617000	2811
39618000	2812
39619000	2813
39620000	2814
39621000	2815
39622000	2816
39623000	2817
39624000	2818
39625000	2819
39626000	2820
39627000	2821
39629000	2822
39630000	2823
39631000	2824
39632000	2825
39633000	2826
39634000	2827
39635000	2828
39636000	2829
39637000	2830
39638000	2831
39639000	2832
39640000	2833
39641000	2834
39642000	2835
39643000	2836
39644000	2837
39645000	2838
39646000	2839
39647000	2840
39648000	2841
39649000	2842
39650000	2843
39651000	2844
39652000	2845
39653000	2846
39654000	2847
39655000	2848
39656000	2849
39657000	2850
39658000	2851
39659000	2852
39660000	2853
39661000	2854
39662000	2855
39663000	2856
39664000	2857
39665000	2858
39666000	2859
39667000	2860
39668000	2861
39669000	2862
39670000	2863
39671000	2864
39672000	2865
39673000	2866
39674000	2867
39675000	2868
39676000	2869
39677000	2870
39678000	2871
39679000	2872
39680000	2873
39681000	2874
39682000	2875
39683000	2876
39684000	2877
39685000	2878
39686000	2879
39687000	2880
39688000	2881
39689000	2882
39690000	2883
39691000	2884
39692000	2885
39693000	2886
39694000	2887
39695000	2888
39696000	2889
39697000	2890
39698000	2891
39699000	2892
39700000	2893
39701000	2894
39702000	2895
39703000	2896
39704000	2897
39705000	2898
39706000	2899
39707000	2900
39708000	2901
39709000	2902
39710000	2903
39711000	2904
39712000	2905
39713000	2906
39714000	2907
39715000	2908
39716000	2909
39717000	2910
39718000	2911
39719000	2912
39720000	2913
39722000	2914
39723000	2915
39724000	2916
39725000	2917
39726000	2918
39727000	2919
39728000	2920
39729000	2921
39730000	2922
39731000	2923
39732000	2924
39733000	2925
39734000	2926
39735000	2927
39736000	2928
39737000	2929
39738000	2930
39739000	2931
39740000	2932
39741000	2933
39742000	2934
39743000	2935
39744000	2936
39745000	2937
39746000	2938
39747000	2939
39748000	2940
39749000	2941
39750000	2942
39751000	2943
39752000	2944
39753000	2945
39754000	2946
39755000	2947
39756000	2948
39757000	2949
39758000	2950
39759000	2951
39760000	2952
39761000	2953
39762000	2954
39763000	2955
39764000	2956
39765000	2957
39766000	2958
39767000	2959
39768000	2960
39769000	2961
39770000	2962
39771000	2963
39772000	2964
39773000	2965
39774000	2966
39775000	2967
39776000	2968
39777000	2969
39778000	2970
39779000	2971
39780000	2972
39781000	2973
39782000	2974
39783000	2975
39784000	2976
39785000	2977
39786000	2978
39787000	2979
39788000	2980
39789000	2981
39790000	2982
39791000	2983
39792000	2984
39793000	2985
39794000	2986
39795000	2987
39796000	2988
39797000	2989
39798000	2990
39799000	2991
39800000	2992
39801000	2993
39802000	2994
39803000	2995
39804000	2996
39805000	2997
39806000	2998
39807000	2999
39808000	3000
39809000	3001
39810000	3002
39811000	3003
39812000	3004
39813000	3005
39814000	3006
39815000	3007
39816000	3008
39817000	3009
39818000	3010
39819000	3011
39820000	3012
39821000	3013
39822000	3014
39823000	3015
39824000	3016
39825000	3017
39826000	3018
39827000	3019
39828000	3020
39829000	3021
39830000	3022
39831000	3023
39832000	3024
39833000	3025
39834000	3026
39835000	3027
39836000	3028
39837000	3029
39838000	3030
39839000	3031
39840000	3032
39841000	3033
39842000	3034
39843000	3035
39844000	3036
39845000	3037
39846000	3038
39847000	3039
39848000	3040
39849000	3041
39850000	3042
39851000	3043
39852000	3044
39853000	3045
39854000	3046
39855000	3047
39856000	3048
39857000	3049
39858000	3050
39859000	3051
39860000	3052
39861000	3053
39862000	3054
39863000	3055
39864000	3056
39865000	3057
39866000	3058
39867000	3059
39868000	3060
39869000	3061
39870000	3062
39871000	3063
39872000	3064
39873000	3065
39874000	3066
39875000	3067
39876000	3068
39877000	3069
39878000	3070
39879000	3071
39880000	3072
39881000	3073
39882000	3074
39883000	3075
39884000	3076
39885000	3077
39886000	3078
39887000	3079
39888000	3080
39889000	3081
39890000	3082
39891000	3083
39892000	3084
39893000	3085
39894000	3086
39895000	3087
39896000	3088
39897000	3089
39898000	3090
39899000	3091
39900000	3092
39901000	3093
39902000	3094
39903000	3095
39904000	3096
39905000	3097
39906000	3098
39907000	3099
39908000	3100
39909000	3101
39910000	3102
39911000	3103
39912000	3104
39913000	3105
39914000	3106
39915000	3107
39916000	3108
39917000	3109
39918000	3110
39919000	3111
39920000	3112
39921000	3113
39922000	3114
39923000	3115
39924000	3116
39925000	3117
39926000	3118
39927000	3119
39928000	3120
39929000	3121
39930000	3122
39931000	3123
39932000	3124
39933000	3125
39934000	3126
39935000	3127
39936000	3128
39937000	3129
39938000	3130
39939000	3131
39940000	3132
39941000	3133
39942000	3134
39943000	3135
39944000	3136
39945000	3137
39946000	3138
39947000	3139
39948000	3140
39949000	3141
39950000	3142
39951000	3143
39952000	3144
39953000	3145
39954000	3146
39955000	3147
39956000	3148
39957000	3149
39958000	3150
39959000	3151
39960000	3152
39961000	3153
39962000	3154
39963000	3155
39964000	3156
39965000	3157
39966000	3158
39967000	3159
39968000	3160
39969000	3161
39970000	3162
39971000	3163
39972000	3164
39973000	3165
39974000	3166
39975000	3167
39976000	3168
39977000	3169
39978000	3170
39979000	3171
39980000	3172
39981000	3173
39982000	3174
39983000	3175
39984000	3176
39985000	3177
39986000	3178
39987000	3179
39988000	3180
39989000	3181
39990000	3182
39991000	3183
39992000	3184
39993000	3185
39994000	3186
39995000	3187
39996000	3188
39997000	3189
39998000	3190
39999000	3191
40000000	3192
40001000	3193
40002000	3194
40003000	3195
40004000	3196
40005000	3197
40006000	3198
40007000	3199
40008000	3200
40009000	3201
40010000	3202
40011000	3203
40012000	3204
40013000	3205
40014000	3206
40015000	3207
40016000	3208
40017000	3209
40018000	3210
40019000	3211
40020000	3212
40021000	3213
40022000	3214
40023000	3215
40024000	3216
40025000	3217
40026000	3218
40027000	3219
40028000	3220
40029000	3221
40030000	3222
40031000	3223
40032000	3224
40033000	3225
40034000	3226
40035000	3227
40036000	3228
40037000	3229
40038000	3230
40039000	3231
40040000	3232
40041000	3233
40042000	3234
40043000	3235
40044000	3236
40045000	3237
40046000	3238
40047000	3239
40048000	3240
40049000	3241
40050000	3242
40051000	3243
40052000	3244
40053000	3245
40054000	3246
40055000	3247
40056000	3248
40057000	3249
40058000	3250
40059000	3251
40060000	3252
40061000	3253
40062000	3254
40063000	3255
40064000	3256
40065000	3257
40066000	3258
40067000	3259
40068000	3260
40069000	3261
40070000	3262
40071000	3263
40072000	3264
40073000	3265
40074000	3266
40075000	3267
40076000	3268
40077000	3269
40078000	3270
40079000	3271
40080000	3272
40081000	3273
40082000	3274
40083000	3275
40084000	3276
40085000	3277
40086000	3278
40087000	3279
40088000	3280
40089000	3281
40090000	3282
40091000	3283
40092000	3284
40093000	3285
40094000	3286
40095000	3287
40096000	3288
40097000	3289
40098000	3290
40099000	3291
40100000	3292
40101000	3293
40102000	3294
40103000	3295
40104000	3296
40105000	3297
40106000	3298
40107000	3299
40108000	3300
40109000	3301
40110000	3302
40111000	3303
40112000	3304
40113000	3305
40114000	3306
40115000	3307
40116000	3308
40117000	3309
40118000	3310
40119000	3311
40121000	3312
40122000	3313
40123000	3314
40124000	3315
40125000	3316
40126000	3317
40127000	3318
40128000	3319
40129000	3320
40130000	3321
40131000	3322
40132000	3323
40133000	3324
40134000	3325
40135000	3326
40136000	3327
40137000	3328
40138000	3329
40139000	3330
40140000	3331
40141000	3332
40142000	3333
40143000	3334
40144000	3335
40145000	3336
40146000	3337
40147000	3338
40148000	3339
40149000	3340
40150000	3341
40151000	3342
40152000	3343
40153000	3344
40154000	3345
40155000	3346
40156000	3347
40157000	3348
40158000	3349
40159000	3350
