108820000	0
108825000	1
108830000	2
108835000	3
108840000	4
108845000	5
108850000	6
108855000	7
108860000	8
108865000	9
108870000	10
108875000	11
108880000	12
108885000	13
108890000	14
108895000	15
108900000	16
108905000	17
108910000	18
108915000	19
108920000	20
108925000	21
108930000	22
108935000	23
108940000	24
108945000	25
108950000	26
108955000	27
108960000	28
108965000	29
108970000	30
108975000	31
108980000	32
108985000	33
108990000	34
108995000	35
109000000	36
109005000	37
109010000	38
109015000	39
109020000	40
109025000	41
109030000	42
109035000	43
109040000	44
109045000	45
109050000	46
109055000	47
109060000	48
109065000	49
109070000	50
109075000	51
109080000	52
109085000	53
109090000	54
109095000	55
109100000	56
109105000	57
109110000	58
109115000	59
109120000	60
109125000	61
109130000	62
109135000	63
109140000	64
109145000	65
109150000	66
109155000	67
109160000	68
109165000	69
109170000	70
109175000	71
109180000	72
109185000	73
109190000	74
109195000	75
109200000	76
109205000	77
109210000	78
109215000	79
109220000	80
109225000	81
109230000	82
109235000	83
109240000	84
109245000	85
109250000	86
109255000	87
109260000	88
109265000	89
109270000	90
109275000	91
109280000	92
109285000	93
109290000	94
109295000	95
109300000	96
109305000	97
109310000	98
109315000	99
109320000	100
109325000	101
109330000	102
109335000	103
109340000	104
109345000	105
109350000	106
109355000	107
109360000	108
109365000	109
109370000	110
109375000	111
109380000	112
109385000	113
109390000	114
109395000	115
109400000	116
109405000	117
109410000	118
109415000	119
109420000	120
109425000	121
109430000	122
109435000	123
109440000	124
109445000	125
109450000	126
109455000	127
109460000	128
109465000	129
109470000	130
109475000	131
109480000	132
109485000	133
109490000	134
109495000	135
109500000	136
109505000	137
109510000	138
109515000	139
109520000	140
109525000	141
109530000	142
109535000	143
109540000	144
109545000	145
109550000	146
109555000	147
109560000	148
109565000	149
109570000	150
109575000	151
109580000	152
109585000	153
109590000	154
109595000	155
109600000	156
109605000	157
109610000	158
109615000	159
109620000	160
109625000	161
109630000	162
109635000	163
109640000	164
109645000	165
109650000	166
109655000	167
109660000	168
109665000	169
109670000	170
109675000	171
109680000	172
109685000	173
109690000	174
109695000	175
109700000	176
109705000	177
109710000	178
109715000	179
109720000	180
109725000	181
109730000	182
109735000	183
109740000	184
109745000	185
109750000	186
109755000	187
109760000	188
109765000	189
109770000	190
109775000	191
109780000	192
109785000	193
109790000	194
109795000	195
109800000	196
109805000	197
109810000	198
109815000	199
109820000	200
109825000	201
109830000	202
109835000	203
109840000	204
109845000	205
109850000	206
109855000	207
109860000	208
109865000	209
109870000	210
109875000	211
109880000	212
109885000	213
109890000	214
109895000	215
109900000	216
109905000	217
109910000	218
109915000	219
109920000	220
109925000	221
109930000	222
109935000	223
109940000	224
109945000	225
109950000	226
109955000	227
109960000	228
109965000	229
109970000	230
109975000	231
109980000	232
109985000	233
109990000	234
109995000	235
110000000	236
110005000	237
110010000	238
110015000	239
110020000	240
110025000	241
110030000	242
110035000	243
110040000	244
110045000	245
110050000	246
110055000	247
110060000	248
110065000	249
110070000	250
110075000	251
110080000	252
110085000	253
110090000	254
110095000	255
110100000	256
110105000	257
110110000	258
110115000	259
110120000	260
110125000	261
110130000	262
110135000	263
110140000	264
110145000	265
110150000	266
110155000	267
110165000	268
110170000	269
110175000	270
110180000	271
110185000	272
110190000	273
110195000	274
110200000	275
110205000	276
110210000	277
110215000	278
110220000	279
110225000	280
110230000	281
110235000	282
110240000	283
110245000	284
110250000	285
110255000	286
110260000	287
110265000	288
110270000	289
110275000	290
110280000	291
110285000	292
110290000	293
110295000	294
110300000	295
110305000	296
110310000	297
110315000	298
110320000	299
110325000	300
110330000	301
110335000	302
110340000	303
110345000	304
110350000	305
110355000	306
110360000	307
110365000	308
110370000	309
110375000	310
110380000	311
110385000	312
110390000	313
110395000	314
110400000	315
110405000	316
110410000	317
110415000	318
110420000	319
110425000	320
110430000	321
110435000	322
110440000	323
110445000	324
110450000	325
110455000	326
110460000	327
110465000	328
110470000	329
110475000	330
110480000	331
110485000	332
110490000	333
110495000	334
110500000	335
110505000	336
110510000	337
110515000	338
110520000	339
110525000	340
110530000	341
110535000	342
110540000	343
110545000	344
110550000	345
110555000	346
110560000	347
110565000	348
110570000	349
110575000	350
110580000	351
110585000	352
110590000	353
110595000	354
110600000	355
110605000	356
110610000	357
110615000	358
110620000	359
110625000	360
110630000	361
110635000	362
110640000	363
110645000	364
110650000	365
110655000	366
110660000	367
110665000	368
110670000	369
110675000	370
110680000	371
110685000	372
110690000	373
110695000	374
110700000	375
110705000	376
110710000	377
110715000	378
110720000	379
110725000	380
110730000	381
110735000	382
110740000	383
110745000	384
110750000	385
110755000	386
110760000	387
110765000	388
110770000	389
110775000	390
110780000	391
110785000	392
110790000	393
110795000	394
110800000	395
110805000	396
110810000	397
110815000	398
110820000	399
110825000	400
110830000	401
110835000	402
110840000	403
110845000	404
110850000	405
110855000	406
110860000	407
110865000	408
110870000	409
110875000	410
110880000	411
110885000	412
110890000	413
110895000	414
110900000	415
110905000	416
110910000	417
110915000	418
110920000	419
110925000	420
110930000	421
110935000	422
110940000	423
110945000	424
110950000	425
110955000	426
110960000	427
110965000	428
110970000	429
110975000	430
110980000	431
110985000	432
110990000	433
110995000	434
111000000	435
111005000	436
111010000	437
111015000	438
111020000	439
111025000	440
111030000	441
111035000	442
111040000	443
111045000	444
111050000	445
111055000	446
111060000	447
111065000	448
111070000	449
111075000	450
111080000	451
111085000	452
111090000	453
111095000	454
111100000	455
111105000	456
111110000	457
111115000	458
111120000	459
111125000	460
111130000	461
111135000	462
111140000	463
111145000	464
111150000	465
111155000	466
111160000	467
111165000	468
111170000	469
111175000	470
111180000	471
111185000	472
111190000	473
111195000	474
111200000	475
111205000	476
111210000	477
111215000	478
111220000	479
111225000	480
111230000	481
111235000	482
111240000	483
111245000	484
111250000	485
111255000	486
111260000	487
111265000	488
111270000	489
