3190000	0
3195000	1
3200000	2
3205000	3
3210000	4
3215000	5
3220000	6
3225000	7
3230000	8
3235000	9
3240000	10
3245000	11
3250000	12
3255000	13
3260000	14
3265000	15
3270000	16
3275000	17
3280000	18
3285000	19
3290000	20
3295000	21
3300000	22
3305000	23
3310000	24
3315000	25
3320000	26
3325000	27
3330000	28
3335000	29
3340000	30
3345000	31
3350000	32
3355000	33
3360000	34
3365000	35
3370000	36
3375000	37
3380000	38
3385000	39
3390000	40
3395000	41
3400000	42
3405000	43
3410000	44
3415000	45
3420000	46
3425000	47
3430000	48
3435000	49
3440000	50
3445000	51
3450000	52
3455000	53
3460000	54
3465000	55
3470000	56
3475000	57
3480000	58
3485000	59
3490000	60
3495000	61
3500000	62
3505000	63
3510000	64
3515000	65
