12795000	0
12800000	1
12805000	2
12810000	3
12815000	4
12820000	5
12825000	6
12830000	7
12835000	8
12840000	9
12845000	10
12850000	11
12855000	12
12860000	13
12865000	14
12870000	15
12875000	16
12880000	17
12885000	18
12890000	19
12895000	20
12900000	21
12905000	22
12910000	23
12915000	24
12920000	25
12925000	26
12930000	27
12935000	28
12940000	29
12945000	30
12950000	31
12955000	32
12960000	33
12965000	34
12970000	35
12975000	36
12980000	37
12985000	38
12990000	39
12995000	40
13000000	41
13005000	42
13010000	43
13015000	44
13020000	45
13025000	46
13030000	47
13035000	48
13040000	49
13045000	50
13050000	51
13055000	52
13060000	53
13065000	54
13070000	55
13075000	56
13080000	57
13085000	58
13090000	59
13095000	60
13100000	61
13105000	62
13110000	63
13115000	64
13120000	65
13125000	66
13130000	67
13135000	68
13140000	69
13145000	70
13150000	71
13155000	72
13160000	73
13165000	74
13170000	75
13175000	76
13180000	77
13185000	78
13190000	79
13195000	80
13200000	81
13205000	82
13210000	83
13215000	84
13220000	85
13225000	86
13230000	87
13235000	88
13240000	89
13245000	90
13250000	91
13255000	92
13260000	93
