3315000	0
3320000	1
3325000	2
3330000	3
3335000	4
3340000	5
3345000	6
3350000	7
3355000	8
3360000	9
3365000	10
3370000	11
3375000	12
3380000	13
3385000	14
3390000	15
3395000	16
3400000	17
3405000	18
3410000	19
3415000	20
3420000	21
3425000	22
3430000	23
3435000	24
3440000	25
3445000	26
3450000	27
3455000	28
3460000	29
3465000	30
3470000	31
3475000	32
3480000	33
3485000	34
3490000	35
3495000	36
3500000	37
3505000	38
3510000	39
3515000	40
3520000	41
3525000	42
3530000	43
3535000	44
3540000	45
3545000	46
3550000	47
3555000	48
3560000	49
3565000	50
3570000	51
3575000	52
3580000	53
3585000	54
3590000	55
3595000	56
3600000	57
3605000	58
3610000	59
3615000	60
3620000	61
3625000	62
3630000	63
3635000	64
3640000	65
3645000	66
3650000	67
3655000	68
3660000	69
3665000	70
3670000	71
3675000	72
3680000	73
3685000	74
3690000	75
3695000	76
3700000	77
3705000	78
3710000	79
3715000	80
3720000	81
3725000	82
3730000	83
3735000	84
3740000	85
3745000	86
3750000	87
3755000	88
3760000	89
