2150000	0
2155000	1
2160000	2
2165000	3
2170000	4
2175000	5
2180000	6
2185000	7
2190000	8
2195000	9
2200000	10
2205000	11
2210000	12
2215000	13
2220000	14
2225000	15
2230000	16
2235000	17
2240000	18
2245000	19
2250000	20
2255000	21
2260000	22
2265000	23
2270000	24
2275000	25
2280000	26
2285000	27
2290000	28
2295000	29
2300000	30
2305000	31
2310000	32
2315000	33
2320000	34
2325000	35
2330000	36
2335000	37
2340000	38
2345000	39
2350000	40
2355000	41
2360000	42
2365000	43
2370000	44
2375000	45
2380000	46
2385000	47
2390000	48
2395000	49
2400000	50
2405000	51
2410000	52
2415000	53
2420000	54
2425000	55
2430000	56
2435000	57
2440000	58
2445000	59
2450000	60
2455000	61
2460000	62
2465000	63
2470000	64
2475000	65
2480000	66
2485000	67
2490000	68
2495000	69
2500000	70
2505000	71
2510000	72
2515000	73
2520000	74
2525000	75
2530000	76
2535000	77
2540000	78
2545000	79
2550000	80
2555000	81
2560000	82
2565000	83
2570000	84
2575000	85
2580000	86
2585000	87
2590000	88
2595000	89
2600000	90
2605000	91
2610000	92
2615000	93
2620000	94
2625000	95
2630000	96
2635000	97
