19315000	0
19320000	1
19325000	2
19330000	3
19335000	4
19340000	5
19345000	6
19350000	7
19355000	8
19360000	9
19365000	10
19370000	11
19375000	12
19380000	13
19385000	14
19390000	15
19395000	16
19400000	17
19405000	18
19410000	19
19415000	20
19420000	21
19425000	22
19430000	23
19435000	24
19440000	25
19445000	26
19450000	27
19455000	28
19460000	29
19465000	30
19470000	31
19475000	32
19480000	33
19485000	34
19490000	35
19495000	36
19500000	37
19505000	38
19510000	39
19515000	40
19520000	41
19525000	42
19530000	43
19535000	44
19540000	45
19545000	46
19550000	47
19555000	48
19560000	49
19565000	50
19570000	51
19575000	52
19580000	53
19585000	54
19590000	55
19595000	56
19600000	57
19605000	58
19610000	59
19615000	60
19620000	61
19625000	62
