36985000	0
36990000	1
36995000	2
37000000	3
37005000	4
37010000	5
37015000	6
37020000	7
37025000	8
37030000	9
37035000	10
37040000	11
37045000	12
37050000	13
37055000	14
37060000	15
37065000	16
37070000	17
37075000	18
37080000	19
37085000	20
37090000	21
37095000	22
37100000	23
37105000	24
37110000	25
37115000	26
37120000	27
37125000	28
37130000	29
37135000	30
37140000	31
37145000	32
37150000	33
37155000	34
37160000	35
37165000	36
37170000	37
37175000	38
37180000	39
37185000	40
37190000	41
37195000	42
37200000	43
37205000	44
37210000	45
37215000	46
37220000	47
37225000	48
37230000	49
37235000	50
37240000	51
37245000	52
37250000	53
37255000	54
37260000	55
37265000	56
37270000	57
37275000	58
37280000	59
37285000	60
37290000	61
37295000	62
37300000	63
37305000	64
37310000	65
37315000	66
37320000	67
37325000	68
37330000	69
37335000	70
37340000	71
37345000	72
37350000	73
37355000	74
37360000	75
37365000	76
37370000	77
37375000	78
37380000	79
37385000	80
37390000	81
37395000	82
37400000	83
37405000	84
37410000	85
37415000	86
37420000	87
37425000	88
37430000	89
37435000	90
37440000	91
37445000	92
37450000	93
37455000	94
37460000	95
37465000	96
37470000	97
37475000	98
37480000	99
37485000	100
37490000	101
37495000	102
37500000	103
37505000	104
37510000	105
37515000	106
37520000	107
37525000	108
37530000	109
37535000	110
37540000	111
37545000	112
37550000	113
37555000	114
37560000	115
37565000	116
37570000	117
37575000	118
37580000	119
37585000	120
37590000	121
37595000	122
37600000	123
37605000	124
37610000	125
37615000	126
37620000	127
37625000	128
37630000	129
37635000	130
37640000	131
37645000	132
37650000	133
37655000	134
37660000	135
37665000	136
37670000	137
37675000	138
37680000	139
37685000	140
37690000	141
37695000	142
37700000	143
37705000	144
37710000	145
37715000	146
37720000	147
37725000	148
37730000	149
37735000	150
37740000	151
37745000	152
37750000	153
37755000	154
37780000	155
37790000	156
37795000	157
37800000	158
37805000	159
37810000	160
37815000	161
37820000	162
37825000	163
37830000	164
37835000	165
37840000	166
37845000	167
37850000	168
37855000	169
37860000	170
37865000	171
37870000	172
37875000	173
37880000	174
37885000	175
37890000	176
37895000	177
37900000	178
37905000	179
37910000	180
37915000	181
37920000	182
37925000	183
37930000	184
37935000	185
37940000	186
37945000	187
37950000	188
37955000	189
37960000	190
37965000	191
37970000	192
37975000	193
37980000	194
37985000	195
37990000	196
37995000	197
38000000	198
38005000	199
38010000	200
38015000	201
38020000	202
38025000	203
38030000	204
38035000	205
38040000	206
38045000	207
38050000	208
38055000	209
38060000	210
38065000	211
38070000	212
38075000	213
38080000	214
38085000	215
38090000	216
38095000	217
38100000	218
38105000	219
38110000	220
38115000	221
38120000	222
38125000	223
38130000	224
38135000	225
38140000	226
38145000	227
38150000	228
38155000	229
38160000	230
38165000	231
38170000	232
38175000	233
38180000	234
38185000	235
38190000	236
38195000	237
38200000	238
38205000	239
38210000	240
38215000	241
38220000	242
38225000	243
38230000	244
38235000	245
38240000	246
38245000	247
38250000	248
38255000	249
38260000	250
38265000	251
38270000	252
38275000	253
38280000	254
38285000	255
38290000	256
38295000	257
38300000	258
38305000	259
38310000	260
38315000	261
38320000	262
38325000	263
38330000	264
38335000	265
38340000	266
38345000	267
38350000	268
38355000	269
38360000	270
38365000	271
38370000	272
