53475000	0
53480000	1
53485000	2
53490000	3
53495000	4
53500000	5
53505000	6
53510000	7
53515000	8
53520000	9
53525000	10
53530000	11
53535000	12
53540000	13
53545000	14
53550000	15
53555000	16
53560000	17
53565000	18
53570000	19
53575000	20
53580000	21
53585000	22
53590000	23
53595000	24
53600000	25
53605000	26
53610000	27
53615000	28
53620000	29
53625000	30
53630000	31
53635000	32
53640000	33
53645000	34
53650000	35
53655000	36
53660000	37
53665000	38
53670000	39
53675000	40
53680000	41
53685000	42
53690000	43
53695000	44
53700000	45
53705000	46
53710000	47
53715000	48
53720000	49
53725000	50
53730000	51
53735000	52
53740000	53
53745000	54
53750000	55
53755000	56
53760000	57
53765000	58
53770000	59
53775000	60
53780000	61
53785000	62
53790000	63
53795000	64
53800000	65
53805000	66
53810000	67
53815000	68
53820000	69
53825000	70
