37415000	0
37420000	1
37425000	2
37430000	3
37435000	4
37440000	5
37445000	6
37450000	7
37455000	8
37460000	9
37465000	10
37470000	11
37475000	12
37480000	13
37485000	14
37490000	15
37495000	16
37500000	17
37505000	18
37510000	19
37515000	20
37520000	21
37525000	22
37530000	23
37535000	24
37540000	25
37545000	26
37550000	27
37555000	28
37560000	29
37565000	30
37570000	31
37575000	32
37580000	33
37585000	34
37590000	35
37595000	36
37600000	37
37605000	38
37610000	39
37615000	40
37620000	41
37625000	42
37630000	43
37635000	44
37640000	45
37645000	46
37650000	47
37655000	48
37660000	49
37665000	50
37670000	51
37675000	52
37680000	53
37685000	54
37690000	55
37695000	56
