11270000	0
11275000	1
11280000	2
11285000	3
11290000	4
11295000	5
11300000	6
11305000	7
11310000	8
11315000	9
11320000	10
11325000	11
11330000	12
11335000	13
11340000	14
11345000	15
11350000	16
11355000	17
11360000	18
11365000	19
11370000	20
11375000	21
11380000	22
11385000	23
11390000	24
11395000	25
11400000	26
11405000	27
11410000	28
11415000	29
11420000	30
11425000	31
11430000	32
11435000	33
11440000	34
11445000	35
11450000	36
11455000	37
11460000	38
11465000	39
11470000	40
11475000	41
11480000	42
11485000	43
11490000	44
11495000	45
11500000	46
11505000	47
11510000	48
11515000	49
11520000	50
11525000	51
11530000	52
11535000	53
11540000	54
11545000	55
11550000	56
11555000	57
11560000	58
11565000	59
11570000	60
11575000	61
11580000	62
11585000	63
11590000	64
11595000	65
11600000	66
11605000	67
11610000	68
11615000	69
11620000	70
11625000	71
11630000	72
11635000	73
11640000	74
11645000	75
11650000	76
11655000	77
11660000	78
11665000	79
11670000	80
11675000	81
11680000	82
11685000	83
11690000	84
11695000	85
11700000	86
11705000	87
11710000	88
11715000	89
11720000	90
11725000	91
11730000	92
11735000	93
11740000	94
11745000	95
11750000	96
11755000	97
11760000	98
11765000	99
11770000	100
11775000	101
11780000	102
11785000	103
11790000	104
11795000	105
11800000	106
11805000	107
11810000	108
11815000	109
