3075000	0
3080000	1
3085000	2
3090000	3
3095000	4
3100000	5
3105000	6
3110000	7
3115000	8
3120000	9
3125000	10
3130000	11
3135000	12
3140000	13
3145000	14
3150000	15
3155000	16
3160000	17
3165000	18
3170000	19
3175000	20
3180000	21
3185000	22
3190000	23
3195000	24
3200000	25
3205000	26
3210000	27
3215000	28
3220000	29
3225000	30
3230000	31
3235000	32
3240000	33
3245000	34
3250000	35
3255000	36
3260000	37
3265000	38
3270000	39
3275000	40
3280000	41
3285000	42
3290000	43
3295000	44
3300000	45
3305000	46
3310000	47
3315000	48
3320000	49
3325000	50
3330000	51
3335000	52
3340000	53
3345000	54
3350000	55
3355000	56
3360000	57
3365000	58
3370000	59
3375000	60
3380000	61
3385000	62
3390000	63
3395000	64
3400000	65
3405000	66
3410000	67
3415000	68
3420000	69
3425000	70
3430000	71
3435000	72
3440000	73
3445000	74
3450000	75
3455000	76
3460000	77
3465000	78
3470000	79
3475000	80
3480000	81
3485000	82
3490000	83
3495000	84
3500000	85
3505000	86
3510000	87
3515000	88
3520000	89
3525000	90
3530000	91
3535000	92
3540000	93
3545000	94
3550000	95
3555000	96
3560000	97
3565000	98
3570000	99
3575000	100
3580000	101
3585000	102
3590000	103
3595000	104
3600000	105
3605000	106
3610000	107
3615000	108
3620000	109
3625000	110
3630000	111
3635000	112
3640000	113
3645000	114
3650000	115
3655000	116
3660000	117
3665000	118
3670000	119
3675000	120
3680000	121
3685000	122
3690000	123
3695000	124
3700000	125
3705000	126
3710000	127
3715000	128
3720000	129
3725000	130
3730000	131
3735000	132
3740000	133
3745000	134
3750000	135
3755000	136
3760000	137
3765000	138
3770000	139
3775000	140
3780000	141
3785000	142
3790000	143
3795000	144
3800000	145
3805000	146
3810000	147
3815000	148
3820000	149
3825000	150
3830000	151
3835000	152
3840000	153
3845000	154
3850000	155
3855000	156
3860000	157
3865000	158
3870000	159
3875000	160
3880000	161
3885000	162
3890000	163
3895000	164
3900000	165
3905000	166
3910000	167
3915000	168
3920000	169
3925000	170
3930000	171
3935000	172
3940000	173
3945000	174
3950000	175
3955000	176
3960000	177
3965000	178
3970000	179
3975000	180
3980000	181
3985000	182
3990000	183
3995000	184
4000000	185
4005000	186
4010000	187
4015000	188
4020000	189
4025000	190
4030000	191
4035000	192
4040000	193
4045000	194
4050000	195
4055000	196
4060000	197
4065000	198
4070000	199
4075000	200
4080000	201
4085000	202
4090000	203
4095000	204
4100000	205
4105000	206
4110000	207
4115000	208
4120000	209
4125000	210
4130000	211
4135000	212
4140000	213
4145000	214
4150000	215
4155000	216
4160000	217
4165000	218
4170000	219
4175000	220
4180000	221
4185000	222
4190000	223
4195000	224
4200000	225
4205000	226
4210000	227
4215000	228
4220000	229
4225000	230
4230000	231
4235000	232
4240000	233
4245000	234
4250000	235
4255000	236
4260000	237
4265000	238
4270000	239
4275000	240
4280000	241
4285000	242
4290000	243
4295000	244
4300000	245
4305000	246
4310000	247
4315000	248
4320000	249
4325000	250
4330000	251
4335000	252
4340000	253
4345000	254
4350000	255
4355000	256
4360000	257
4365000	258
4370000	259
4375000	260
4380000	261
4385000	262
4390000	263
4395000	264
4400000	265
4405000	266
4410000	267
4415000	268
4420000	269
4425000	270
4430000	271
4435000	272
4440000	273
4445000	274
4450000	275
4455000	276
4460000	277
4465000	278
