142215000	0
142220000	1
142225000	2
142230000	3
142235000	4
142240000	5
142245000	6
142250000	7
142255000	8
142260000	9
142265000	10
142270000	11
142275000	12
142280000	13
142285000	14
142290000	15
142295000	16
142300000	17
142305000	18
142310000	19
142315000	20
142320000	21
142325000	22
142330000	23
142335000	24
142340000	25
142345000	26
142350000	27
142355000	28
142360000	29
142365000	30
142370000	31
142375000	32
142380000	33
142385000	34
142390000	35
142395000	36
142400000	37
142405000	38
142410000	39
142415000	40
142420000	41
142425000	42
142430000	43
142435000	44
142440000	45
142445000	46
142450000	47
142455000	48
142460000	49
142465000	50
142470000	51
142475000	52
142480000	53
142485000	54
142490000	55
142495000	56
142500000	57
142505000	58
142510000	59
142515000	60
142520000	61
142525000	62
142530000	63
142535000	64
142540000	65
142545000	66
142550000	67
142555000	68
142560000	69
142565000	70
142570000	71
142575000	72
142580000	73
142585000	74
142590000	75
142595000	76
142600000	77
142605000	78
142610000	79
142615000	80
142620000	81
142625000	82
142630000	83
142635000	84
142640000	85
142645000	86
142650000	87
142655000	88
142660000	89
142665000	90
142670000	91
142675000	92
142680000	93
142685000	94
142690000	95
142695000	96
