41725000	0
41730000	1
41735000	2
41740000	3
41745000	4
41750000	5
41755000	6
41760000	7
41765000	8
41770000	9
41775000	10
41780000	11
41785000	12
41790000	13
41795000	14
41800000	15
41805000	16
41810000	17
41815000	18
41820000	19
41825000	20
41830000	21
41835000	22
41840000	23
41845000	24
41850000	25
41855000	26
41860000	27
41865000	28
41870000	29
41875000	30
41880000	31
41885000	32
41890000	33
41895000	34
41900000	35
41905000	36
41910000	37
41915000	38
41920000	39
41925000	40
41930000	41
41935000	42
41940000	43
41945000	44
41950000	45
41955000	46
41960000	47
41965000	48
41970000	49
41975000	50
41980000	51
