56370000	0
56375000	1
56380000	2
56385000	3
56390000	4
56395000	5
56400000	6
56405000	7
56410000	8
56415000	9
56420000	10
56425000	11
56430000	12
56435000	13
56440000	14
56445000	15
56450000	16
56455000	17
56460000	18
56465000	19
56470000	20
56475000	21
56480000	22
56485000	23
56490000	24
56495000	25
56500000	26
56505000	27
56510000	28
56515000	29
56520000	30
56525000	31
56530000	32
56535000	33
56540000	34
56545000	35
56550000	36
56555000	37
56560000	38
56565000	39
56570000	40
56575000	41
56580000	42
56585000	43
56590000	44
56595000	45
56600000	46
56605000	47
56610000	48
56615000	49
56620000	50
56625000	51
56630000	52
56635000	53
56640000	54
56645000	55
56650000	56
56655000	57
56660000	58
56665000	59
56670000	60
56675000	61
56680000	62
56685000	63
56690000	64
56695000	65
56700000	66
56705000	67
56710000	68
56715000	69
56720000	70
56725000	71
56730000	72
56735000	73
56740000	74
56745000	75
56750000	76
56755000	77
56760000	78
56765000	79
56770000	80
56775000	81
56780000	82
56785000	83
56790000	84
56795000	85
56800000	86
56805000	87
56810000	88
56815000	89
56820000	90
56825000	91
56830000	92
56835000	93
56840000	94
56845000	95
56850000	96
56855000	97
56860000	98
56865000	99
56870000	100
56875000	101
56880000	102
56885000	103
56890000	104
56895000	105
56900000	106
56905000	107
56910000	108
56915000	109
56920000	110
56925000	111
56930000	112
56935000	113
56940000	114
56945000	115
56950000	116
56955000	117
56960000	118
56965000	119
56970000	120
56975000	121
56980000	122
56985000	123
56990000	124
56995000	125
57000000	126
57005000	127
57010000	128
57015000	129
57020000	130
57025000	131
57030000	132
57035000	133
57040000	134
57045000	135
57050000	136
57055000	137
57060000	138
57065000	139
57070000	140
57075000	141
57080000	142
57085000	143
57090000	144
57095000	145
57100000	146
57105000	147
57110000	148
57115000	149
57120000	150
57125000	151
57130000	152
57135000	153
57140000	154
57145000	155
57150000	156
57155000	157
57160000	158
57165000	159
57170000	160
57175000	161
57180000	162
57185000	163
57190000	164
57195000	165
57200000	166
57205000	167
57210000	168
57215000	169
57220000	170
57225000	171
57230000	172
57235000	173
57240000	174
57245000	175
57250000	176
57255000	177
57260000	178
57265000	179
57270000	180
57275000	181
57280000	182
57285000	183
57290000	184
57295000	185
57300000	186
57305000	187
57310000	188
57315000	189
57320000	190
57325000	191
57330000	192
57335000	193
57340000	194
57345000	195
57350000	196
57355000	197
57360000	198
57365000	199
57370000	200
57375000	201
57380000	202
57385000	203
57390000	204
57395000	205
57400000	206
57405000	207
57410000	208
57415000	209
57420000	210
57425000	211
57430000	212
57435000	213
57440000	214
57445000	215
57450000	216
57455000	217
57460000	218
57465000	219
57470000	220
57475000	221
57480000	222
57485000	223
57490000	224
57495000	225
57500000	226
57505000	227
57510000	228
57515000	229
57520000	230
57525000	231
57530000	232
57535000	233
57540000	234
57545000	235
57550000	236
57555000	237
57560000	238
57565000	239
57570000	240
57575000	241
57580000	242
57585000	243
57590000	244
57595000	245
57600000	246
57605000	247
57610000	248
57615000	249
57620000	250
57625000	251
57630000	252
57635000	253
57640000	254
57645000	255
57650000	256
57655000	257
57660000	258
57665000	259
57670000	260
57675000	261
57680000	262
57685000	263
57690000	264
57695000	265
57700000	266
57705000	267
57710000	268
57715000	269
57720000	270
57725000	271
57730000	272
57735000	273
57740000	274
57745000	275
57750000	276
57755000	277
57760000	278
57765000	279
57770000	280
57775000	281
57780000	282
57785000	283
57790000	284
57795000	285
57800000	286
57805000	287
57810000	288
57815000	289
57820000	290
57825000	291
57830000	292
57835000	293
57840000	294
57845000	295
57850000	296
57855000	297
57860000	298
57865000	299
57870000	300
57875000	301
57880000	302
57885000	303
57890000	304
57895000	305
57900000	306
57905000	307
57910000	308
57915000	309
57920000	310
57925000	311
57930000	312
57935000	313
57940000	314
57945000	315
