87420000	0
87425000	1
87430000	2
87435000	3
87440000	4
87445000	5
87450000	6
87455000	7
87460000	8
87465000	9
87470000	10
87475000	11
87480000	12
87485000	13
87490000	14
87495000	15
87500000	16
87505000	17
87510000	18
87515000	19
87520000	20
87525000	21
87530000	22
87535000	23
87540000	24
87545000	25
87550000	26
87555000	27
87560000	28
87565000	29
87570000	30
87575000	31
87580000	32
87585000	33
87590000	34
87595000	35
87600000	36
87605000	37
87610000	38
87615000	39
87620000	40
87625000	41
87630000	42
87635000	43
87640000	44
87645000	45
87650000	46
87655000	47
87660000	48
87665000	49
87670000	50
87675000	51
87680000	52
87685000	53
87690000	54
87695000	55
87700000	56
87705000	57
87710000	58
87715000	59
87720000	60
87725000	61
87730000	62
87735000	63
87740000	64
87745000	65
87750000	66
87755000	67
87760000	68
87765000	69
87770000	70
87775000	71
87780000	72
87785000	73
87790000	74
87795000	75
87800000	76
87805000	77
87810000	78
87815000	79
87820000	80
87825000	81
87830000	82
87835000	83
87840000	84
87845000	85
