93725000	0
93730000	1
93735000	2
93740000	3
93745000	4
93750000	5
93755000	6
93760000	7
93765000	8
93770000	9
93775000	10
93780000	11
93785000	12
93790000	13
93795000	14
93800000	15
93805000	16
93810000	17
93815000	18
93820000	19
93825000	20
93830000	21
93835000	22
93840000	23
93845000	24
93850000	25
93855000	26
93860000	27
93865000	28
93870000	29
93875000	30
93880000	31
93885000	32
93890000	33
93895000	34
93900000	35
93905000	36
93910000	37
93915000	38
93920000	39
93925000	40
93930000	41
93935000	42
93940000	43
93945000	44
93950000	45
93955000	46
93960000	47
93965000	48
93970000	49
93975000	50
93980000	51
93985000	52
93990000	53
93995000	54
94000000	55
94005000	56
94010000	57
94015000	58
94020000	59
94025000	60
94030000	61
94035000	62
94040000	63
94045000	64
94050000	65
94055000	66
94060000	67
94065000	68
94070000	69
94075000	70
94080000	71
94085000	72
94090000	73
94095000	74
94100000	75
94105000	76
94110000	77
94115000	78
94120000	79
94125000	80
94130000	81
94135000	82
94140000	83
94145000	84
94150000	85
94155000	86
94160000	87
94165000	88
94170000	89
94175000	90
94180000	91
94185000	92
94190000	93
94195000	94
94200000	95
94205000	96
94210000	97
94215000	98
94220000	99
94225000	100
94230000	101
94235000	102
94240000	103
94245000	104
94250000	105
94255000	106
94260000	107
94265000	108
94270000	109
94275000	110
94280000	111
94285000	112
94290000	113
94295000	114
94300000	115
94305000	116
94310000	117
