66840000	0
66841000	1
66842000	2
66843000	3
66844000	4
66845000	5
66846000	6
66847000	7
66848000	8
66849000	9
66850000	10
66851000	11
66852000	12
66853000	13
66854000	14
66855000	15
66856000	16
66857000	17
66858000	18
66859000	19
66860000	20
66861000	21
66862000	22
66863000	23
66864000	24
66865000	25
66866000	26
66867000	27
66868000	28
66869000	29
66870000	30
66871000	31
66872000	32
66873000	33
66874000	34
66875000	35
66876000	36
66877000	37
66878000	38
66879000	39
66880000	40
66881000	41
66882000	42
66883000	43
66884000	44
66885000	45
66886000	46
66887000	47
66888000	48
66889000	49
66890000	50
66891000	51
66892000	52
66893000	53
66894000	54
66895000	55
66896000	56
66897000	57
66898000	58
66899000	59
66900000	60
66901000	61
66902000	62
66903000	63
66904000	64
66905000	65
66906000	66
66907000	67
66908000	68
66909000	69
66910000	70
66911000	71
66912000	72
66913000	73
66914000	74
66915000	75
66916000	76
66917000	77
66918000	78
66919000	79
66920000	80
66921000	81
66922000	82
66923000	83
66924000	84
66925000	85
66926000	86
66927000	87
66928000	88
66929000	89
66930000	90
66931000	91
66932000	92
66933000	93
66934000	94
66935000	95
66936000	96
66937000	97
66938000	98
66939000	99
66940000	100
66941000	101
66942000	102
66943000	103
66944000	104
66945000	105
66946000	106
66947000	107
66948000	108
66949000	109
66950000	110
66951000	111
66952000	112
66953000	113
66954000	114
66955000	115
66956000	116
66957000	117
66958000	118
66959000	119
66960000	120
66961000	121
66962000	122
66963000	123
66964000	124
66965000	125
66966000	126
66967000	127
66968000	128
66969000	129
66970000	130
66971000	131
66972000	132
66973000	133
66974000	134
66975000	135
66976000	136
66977000	137
66978000	138
66979000	139
66980000	140
66981000	141
66982000	142
66983000	143
66984000	144
66985000	145
66986000	146
66987000	147
66988000	148
66989000	149
66990000	150
66991000	151
66992000	152
66993000	153
66994000	154
66995000	155
66996000	156
66997000	157
66998000	158
66999000	159
67000000	160
67001000	161
67002000	162
67003000	163
67004000	164
67005000	165
