86145000	0
86150000	1
86155000	2
86160000	3
86165000	4
86170000	5
86175000	6
86180000	7
86185000	8
86190000	9
86195000	10
86200000	11
86205000	12
86210000	13
86215000	14
86220000	15
86225000	16
86230000	17
86235000	18
86240000	19
86245000	20
86250000	21
86255000	22
86260000	23
86265000	24
86270000	25
86275000	26
86280000	27
86285000	28
86290000	29
86295000	30
86300000	31
86305000	32
86310000	33
86315000	34
86320000	35
86325000	36
86330000	37
86335000	38
86340000	39
86345000	40
86350000	41
86355000	42
86360000	43
86365000	44
86370000	45
86375000	46
86380000	47
86385000	48
86390000	49
86395000	50
86400000	51
86405000	52
86410000	53
86415000	54
86420000	55
86425000	56
86430000	57
86435000	58
86440000	59
86445000	60
86450000	61
86455000	62
86460000	63
86465000	64
86470000	65
86475000	66
86480000	67
86485000	68
86490000	69
86495000	70
86500000	71
86505000	72
86510000	73
86515000	74
86520000	75
86525000	76
86530000	77
86535000	78
86540000	79
86545000	80
86550000	81
86555000	82
86560000	83
86565000	84
86570000	85
86575000	86
86580000	87
86585000	88
86590000	89
86595000	90
86600000	91
86605000	92
86610000	93
86615000	94
86620000	95
86625000	96
86630000	97
86635000	98
86640000	99
86645000	100
86650000	101
86655000	102
86660000	103
86665000	104
86670000	105
86675000	106
86680000	107
86685000	108
86690000	109
86695000	110
86700000	111
86705000	112
86710000	113
86715000	114
86720000	115
86725000	116
86730000	117
86735000	118
86740000	119
86745000	120
86750000	121
86755000	122
86760000	123
86765000	124
86770000	125
86775000	126
86780000	127
86785000	128
86790000	129
86795000	130
86800000	131
86805000	132
86810000	133
86815000	134
86820000	135
86825000	136
86830000	137
86835000	138
86840000	139
86845000	140
86850000	141
86855000	142
86860000	143
86865000	144
86870000	145
86875000	146
86880000	147
86885000	148
86890000	149
86895000	150
86900000	151
86905000	152
86910000	153
86915000	154
86920000	155
86925000	156
86930000	157
86935000	158
86940000	159
86945000	160
86950000	161
86955000	162
86960000	163
86965000	164
86970000	165
86975000	166
86980000	167
86985000	168
86990000	169
86995000	170
87000000	171
87005000	172
87010000	173
87015000	174
87020000	175
87025000	176
87030000	177
87035000	178
87040000	179
87045000	180
87050000	181
87055000	182
87060000	183
87065000	184
87070000	185
87075000	186
87080000	187
87085000	188
87090000	189
87095000	190
87100000	191
87105000	192
87110000	193
87115000	194
87120000	195
87125000	196
87130000	197
87135000	198
87140000	199
87145000	200
87150000	201
