18420000	0
18425000	1
18430000	2
18435000	3
18440000	4
18445000	5
18450000	6
18455000	7
18460000	8
18465000	9
18470000	10
18475000	11
18480000	12
18485000	13
18490000	14
18495000	15
18500000	16
18505000	17
18510000	18
18515000	19
18520000	20
18525000	21
18530000	22
18535000	23
18540000	24
18545000	25
18550000	26
18555000	27
18560000	28
18565000	29
18570000	30
18575000	31
18580000	32
18585000	33
18590000	34
18595000	35
18600000	36
18605000	37
18610000	38
18615000	39
18620000	40
18625000	41
18630000	42
18635000	43
18640000	44
18645000	45
18650000	46
18655000	47
18660000	48
18665000	49
18670000	50
18675000	51
18680000	52
18685000	53
18690000	54
18695000	55
18700000	56
18705000	57
18710000	58
18715000	59
18720000	60
18725000	61
18730000	62
18735000	63
18740000	64
18745000	65
18750000	66
18755000	67
18760000	68
18765000	69
18770000	70
18775000	71
18780000	72
18785000	73
18790000	74
18795000	75
18800000	76
18805000	77
