53405000	0
53410000	1
53415000	2
53420000	3
53425000	4
53430000	5
53435000	6
53440000	7
53445000	8
53450000	9
53455000	10
53460000	11
53465000	12
53470000	13
53475000	14
53480000	15
53485000	16
53490000	17
53495000	18
53500000	19
53505000	20
53510000	21
53515000	22
53520000	23
53525000	24
53530000	25
53535000	26
53540000	27
53545000	28
53550000	29
53555000	30
53560000	31
53565000	32
53570000	33
53575000	34
53580000	35
53585000	36
53590000	37
53595000	38
53600000	39
53605000	40
53610000	41
53615000	42
53620000	43
53625000	44
53630000	45
53635000	46
53640000	47
53645000	48
53650000	49
53655000	50
53660000	51
53665000	52
53670000	53
53675000	54
53680000	55
53685000	56
53690000	57
53695000	58
53700000	59
53705000	60
53710000	61
53715000	62
53720000	63
53725000	64
53730000	65
53735000	66
53740000	67
53745000	68
53750000	69
53755000	70
53760000	71
53765000	72
53770000	73
53775000	74
53780000	75
53785000	76
53790000	77
53795000	78
53800000	79
53805000	80
53810000	81
53815000	82
53820000	83
53825000	84
53830000	85
53835000	86
53840000	87
53845000	88
53850000	89
53855000	90
53860000	91
53865000	92
53870000	93
53875000	94
53880000	95
53885000	96
53890000	97
53895000	98
53900000	99
53905000	100
53910000	101
53915000	102
53920000	103
53925000	104
53930000	105
53935000	106
53940000	107
53945000	108
53950000	109
53955000	110
53960000	111
53965000	112
53970000	113
53975000	114
53980000	115
53985000	116
53990000	117
53995000	118
54000000	119
54005000	120
54010000	121
54015000	122
54020000	123
54025000	124
54030000	125
54035000	126
54040000	127
54045000	128
54050000	129
54055000	130
54060000	131
54065000	132
54070000	133
54075000	134
54080000	135
54085000	136
54090000	137
54095000	138
54100000	139
54105000	140
54110000	141
54115000	142
54120000	143
54125000	144
54130000	145
54135000	146
54140000	147
54145000	148
54150000	149
54155000	150
54160000	151
54165000	152
54170000	153
54175000	154
54180000	155
54185000	156
54190000	157
54195000	158
54200000	159
54205000	160
54210000	161
54215000	162
54220000	163
54225000	164
54230000	165
54235000	166
54240000	167
54245000	168
54250000	169
54255000	170
54260000	171
54265000	172
54270000	173
54275000	174
54280000	175
54285000	176
54290000	177
54295000	178
54300000	179
54305000	180
54310000	181
54315000	182
54320000	183
54325000	184
54330000	185
54335000	186
54340000	187
54345000	188
54350000	189
54355000	190
54360000	191
54365000	192
54370000	193
54375000	194
54380000	195
54385000	196
54390000	197
54395000	198
54400000	199
54405000	200
54410000	201
54415000	202
54420000	203
54425000	204
54430000	205
54435000	206
54440000	207
54445000	208
54450000	209
54455000	210
54460000	211
54465000	212
54470000	213
54475000	214
54480000	215
54485000	216
54490000	217
54495000	218
54500000	219
54505000	220
54510000	221
54515000	222
54520000	223
54525000	224
54530000	225
54535000	226
54540000	227
54545000	228
54550000	229
54555000	230
54560000	231
54565000	232
54570000	233
54575000	234
54580000	235
54585000	236
54590000	237
54595000	238
54600000	239
54605000	240
54610000	241
54615000	242
54620000	243
54625000	244
54630000	245
54635000	246
54640000	247
54645000	248
54650000	249
54655000	250
54660000	251
54665000	252
54670000	253
54675000	254
54680000	255
54685000	256
54690000	257
54695000	258
54700000	259
54705000	260
54710000	261
54715000	262
54720000	263
54725000	264
54730000	265
54735000	266
54740000	267
54745000	268
54750000	269
54755000	270
54760000	271
54765000	272
54770000	273
54775000	274
54780000	275
54785000	276
54790000	277
54795000	278
54800000	279
54805000	280
54810000	281
54815000	282
54820000	283
54825000	284
54830000	285
54835000	286
54840000	287
54845000	288
54850000	289
54855000	290
54860000	291
54865000	292
