143695000	0
143700000	1
143705000	2
143710000	3
143715000	4
143720000	5
143725000	6
143730000	7
143735000	8
143740000	9
143745000	10
143750000	11
143755000	12
143760000	13
143765000	14
143770000	15
143775000	16
143780000	17
143785000	18
143790000	19
143795000	20
143800000	21
143805000	22
143810000	23
143815000	24
143820000	25
143825000	26
143830000	27
143835000	28
143840000	29
143845000	30
143850000	31
143855000	32
143860000	33
143865000	34
143870000	35
143875000	36
143880000	37
143885000	38
143890000	39
143895000	40
143900000	41
143905000	42
143910000	43
143915000	44
143920000	45
143925000	46
143930000	47
143935000	48
143940000	49
143945000	50
143950000	51
143955000	52
143960000	53
143965000	54
143970000	55
143975000	56
143980000	57
143985000	58
143990000	59
143995000	60
144000000	61
144005000	62
144010000	63
144015000	64
144020000	65
144025000	66
144030000	67
144035000	68
144040000	69
144045000	70
144050000	71
144055000	72
144060000	73
144065000	74
144070000	75
144075000	76
144080000	77
144085000	78
144090000	79
144095000	80
144100000	81
144105000	82
144110000	83
144115000	84
144120000	85
144125000	86
144130000	87
144135000	88
144140000	89
144145000	90
144150000	91
144155000	92
144160000	93
144165000	94
144170000	95
144175000	96
144180000	97
144185000	98
144190000	99
144195000	100
144200000	101
144205000	102
144210000	103
144215000	104
144220000	105
144225000	106
144230000	107
144235000	108
144240000	109
144245000	110
144250000	111
144255000	112
144260000	113
144265000	114
144270000	115
144275000	116
144280000	117
144285000	118
144290000	119
144295000	120
144300000	121
144305000	122
144310000	123
144315000	124
144320000	125
144325000	126
144330000	127
144335000	128
144340000	129
144345000	130
144350000	131
144355000	132
144360000	133
144365000	134
144370000	135
144375000	136
144380000	137
144385000	138
144390000	139
144395000	140
144400000	141
144405000	142
144410000	143
144415000	144
144420000	145
144425000	146
144430000	147
144435000	148
144440000	149
144445000	150
144450000	151
144455000	152
144460000	153
144465000	154
144470000	155
144475000	156
144480000	157
144485000	158
144490000	159
144495000	160
144500000	161
144505000	162
144510000	163
144515000	164
144520000	165
144525000	166
144530000	167
144535000	168
144540000	169
144545000	170
144550000	171
144555000	172
144560000	173
144565000	174
144570000	175
144575000	176
144580000	177
144585000	178
144590000	179
144595000	180
144600000	181
144605000	182
144610000	183
144615000	184
144620000	185
144625000	186
144630000	187
144635000	188
144640000	189
144645000	190
144650000	191
144655000	192
144660000	193
144665000	194
144670000	195
144675000	196
144680000	197
144685000	198
144690000	199
144695000	200
144700000	201
144705000	202
144710000	203
144715000	204
144720000	205
144725000	206
144730000	207
144735000	208
144740000	209
144745000	210
144750000	211
144755000	212
144760000	213
144765000	214
144770000	215
144775000	216
144780000	217
144785000	218
144790000	219
144795000	220
144800000	221
144805000	222
144810000	223
144815000	224
144820000	225
144825000	226
144830000	227
144835000	228
144840000	229
144845000	230
144850000	231
144855000	232
144860000	233
144865000	234
144870000	235
144875000	236
144880000	237
144885000	238
144890000	239
144895000	240
144900000	241
144905000	242
144910000	243
144915000	244
144920000	245
144925000	246
144930000	247
144935000	248
144940000	249
144945000	250
144950000	251
144955000	252
144960000	253
144965000	254
144970000	255
144975000	256
144980000	257
144985000	258
144990000	259
144995000	260
145000000	261
145005000	262
145010000	263
145015000	264
145020000	265
145025000	266
145030000	267
145035000	268
145040000	269
145045000	270
145050000	271
145055000	272
145060000	273
145065000	274
145070000	275
145075000	276
145080000	277
145085000	278
145090000	279
145095000	280
145100000	281
145105000	282
145110000	283
145115000	284
145120000	285
145125000	286
145130000	287
145135000	288
145140000	289
145145000	290
145150000	291
145155000	292
145160000	293
145165000	294
145170000	295
145175000	296
145180000	297
145185000	298
145190000	299
145195000	300
145200000	301
145205000	302
145210000	303
145215000	304
145220000	305
145225000	306
145230000	307
145235000	308
145240000	309
145245000	310
145250000	311
145255000	312
145260000	313
145265000	314
145270000	315
145275000	316
145280000	317
145285000	318
145290000	319
145295000	320
145300000	321
145305000	322
145310000	323
145315000	324
145320000	325
145325000	326
145330000	327
145335000	328
145340000	329
145345000	330
145350000	331
145355000	332
145360000	333
145365000	334
145370000	335
145375000	336
145380000	337
145385000	338
145390000	339
145395000	340
145400000	341
145405000	342
145410000	343
145415000	344
145420000	345
145425000	346
145430000	347
145435000	348
145440000	349
145445000	350
145450000	351
145455000	352
145460000	353
145465000	354
145470000	355
145475000	356
145480000	357
145485000	358
145490000	359
145495000	360
145500000	361
145505000	362
145510000	363
145515000	364
145520000	365
145525000	366
145530000	367
145535000	368
145540000	369
145545000	370
145550000	371
145555000	372
145560000	373
145565000	374
145570000	375
145575000	376
145580000	377
145585000	378
145590000	379
145595000	380
145600000	381
145605000	382
145610000	383
145615000	384
145620000	385
145625000	386
145630000	387
145635000	388
145640000	389
145645000	390
145650000	391
145655000	392
145660000	393
145665000	394
145670000	395
145675000	396
145680000	397
145685000	398
145690000	399
145695000	400
145700000	401
145705000	402
145710000	403
145715000	404
145720000	405
145725000	406
145730000	407
145735000	408
145740000	409
145745000	410
145750000	411
