119945000	0
119950000	1
119955000	2
119960000	3
119965000	4
119970000	5
119975000	6
119980000	7
119985000	8
119990000	9
119995000	10
120000000	11
120005000	12
120010000	13
120015000	14
120020000	15
120025000	16
120030000	17
120035000	18
120040000	19
120045000	20
120050000	21
120055000	22
120060000	23
120065000	24
120070000	25
120075000	26
120080000	27
120085000	28
120090000	29
120095000	30
120100000	31
120105000	32
120110000	33
120115000	34
120120000	35
120125000	36
120130000	37
120135000	38
120140000	39
120145000	40
120150000	41
120155000	42
120160000	43
120165000	44
120170000	45
120175000	46
120180000	47
120185000	48
120190000	49
120195000	50
120200000	51
120205000	52
120210000	53
120215000	54
120220000	55
120225000	56
120230000	57
120235000	58
120240000	59
120245000	60
120250000	61
120255000	62
120260000	63
120265000	64
120270000	65
120275000	66
120280000	67
120285000	68
120290000	69
120295000	70
