106360000	0
106365000	1
106370000	2
106375000	3
106380000	4
106390000	5
106395000	6
106400000	7
106405000	8
106410000	9
106415000	10
106420000	11
106425000	12
106430000	13
106435000	14
106440000	15
106445000	16
106450000	17
106455000	18
106460000	19
106465000	20
106470000	21
106475000	22
106480000	23
106485000	24
106490000	25
106495000	26
106500000	27
106505000	28
106510000	29
106515000	30
106520000	31
106525000	32
106530000	33
106535000	34
106540000	35
106545000	36
106550000	37
106555000	38
106560000	39
106565000	40
106570000	41
106575000	42
106580000	43
106585000	44
106590000	45
106595000	46
106600000	47
106605000	48
106610000	49
106615000	50
106620000	51
106625000	52
106630000	53
106635000	54
106640000	55
106645000	56
106650000	57
106655000	58
106660000	59
106665000	60
106670000	61
106675000	62
106680000	63
106685000	64
106690000	65
106700000	66
106705000	67
106710000	68
106715000	69
106720000	70
106725000	71
106730000	72
106735000	73
106740000	74
106745000	75
106750000	76
106755000	77
106760000	78
106765000	79
106770000	80
106775000	81
106780000	82
106785000	83
106790000	84
106795000	85
106800000	86
106805000	87
106810000	88
106815000	89
106820000	90
106825000	91
106830000	92
106835000	93
106840000	94
106845000	95
106850000	96
106855000	97
106860000	98
106865000	99
106870000	100
106875000	101
106880000	102
106885000	103
106890000	104
106895000	105
106900000	106
106905000	107
106910000	108
106915000	109
106920000	110
106925000	111
106930000	112
106935000	113
106940000	114
106945000	115
106950000	116
106955000	117
106960000	118
106965000	119
106970000	120
106975000	121
106980000	122
106985000	123
106990000	124
106995000	125
107000000	126
107005000	127
107010000	128
107015000	129
107020000	130
107025000	131
107030000	132
107035000	133
107040000	134
107045000	135
107050000	136
107055000	137
107060000	138
107065000	139
107070000	140
107075000	141
107080000	142
107085000	143
107090000	144
107095000	145
107100000	146
107105000	147
107110000	148
107115000	149
107120000	150
107125000	151
107130000	152
107135000	153
107140000	154
107145000	155
107150000	156
107155000	157
107160000	158
107165000	159
107170000	160
107175000	161
107180000	162
107185000	163
107190000	164
107195000	165
107200000	166
107205000	167
107210000	168
107215000	169
107220000	170
107225000	171
107230000	172
107235000	173
107240000	174
107245000	175
107250000	176
107255000	177
107260000	178
107265000	179
107270000	180
