111275000	0
111280000	1
111285000	2
111290000	3
111295000	4
111300000	5
111305000	6
111310000	7
111315000	8
111320000	9
111325000	10
111330000	11
111335000	12
111340000	13
111345000	14
111350000	15
111355000	16
111360000	17
111365000	18
111370000	19
111375000	20
111380000	21
111385000	22
111390000	23
111395000	24
111400000	25
111405000	26
111410000	27
111415000	28
111420000	29
111425000	30
111430000	31
111435000	32
111440000	33
111445000	34
111450000	35
111455000	36
111460000	37
111465000	38
111470000	39
111475000	40
111480000	41
111485000	42
111490000	43
111495000	44
111500000	45
111505000	46
111510000	47
111515000	48
111520000	49
111525000	50
111530000	51
111535000	52
111540000	53
111545000	54
111550000	55
111555000	56
111560000	57
111565000	58
111570000	59
111575000	60
111580000	61
111585000	62
111590000	63
111595000	64
111600000	65
111605000	66
111610000	67
111615000	68
111620000	69
111625000	70
111630000	71
111635000	72
111640000	73
111645000	74
111650000	75
111655000	76
111660000	77
111665000	78
111670000	79
111675000	80
111680000	81
111685000	82
111690000	83
111695000	84
111700000	85
111705000	86
111710000	87
111715000	88
111720000	89
111725000	90
111730000	91
111735000	92
111740000	93
111745000	94
111750000	95
111755000	96
111760000	97
111765000	98
111770000	99
111775000	100
111780000	101
111785000	102
111790000	103
111795000	104
111800000	105
111805000	106
