13030000	0
13035000	1
13040000	2
13045000	3
13050000	4
13055000	5
13060000	6
13065000	7
13070000	8
13075000	9
13080000	10
13085000	11
13090000	12
13095000	13
13100000	14
13105000	15
13110000	16
13115000	17
13120000	18
13125000	19
13130000	20
13135000	21
13140000	22
13145000	23
13150000	24
13155000	25
13160000	26
13165000	27
13170000	28
13175000	29
13180000	30
13185000	31
13190000	32
13195000	33
13200000	34
13205000	35
13210000	36
13215000	37
13220000	38
13225000	39
13230000	40
13235000	41
13240000	42
13245000	43
13250000	44
13255000	45
13260000	46
13265000	47
13270000	48
13275000	49
13280000	50
13285000	51
13290000	52
13295000	53
13300000	54
13305000	55
13310000	56
13315000	57
13320000	58
13325000	59
13330000	60
13335000	61
13340000	62
13345000	63
13350000	64
13355000	65
13360000	66
13365000	67
13370000	68
13375000	69
13380000	70
13385000	71
13390000	72
13395000	73
13400000	74
13405000	75
13410000	76
13415000	77
13420000	78
13425000	79
13430000	80
13435000	81
13440000	82
13445000	83
13450000	84
13455000	85
13460000	86
13465000	87
13470000	88
13475000	89
13480000	90
13485000	91
13490000	92
13495000	93
13500000	94
13505000	95
13510000	96
13515000	97
13520000	98
13525000	99
13530000	100
13535000	101
13540000	102
13545000	103
13550000	104
13555000	105
13560000	106
13565000	107
13570000	108
13575000	109
13580000	110
13585000	111
13590000	112
13595000	113
13600000	114
13605000	115
13610000	116
13615000	117
13620000	118
13625000	119
13630000	120
13635000	121
13640000	122
13645000	123
13650000	124
13655000	125
13660000	126
13665000	127
13670000	128
13675000	129
13680000	130
13685000	131
13690000	132
