65745000	0
65750000	1
65755000	2
65760000	3
65765000	4
65770000	5
65775000	6
65780000	7
65785000	8
65790000	9
65795000	10
65800000	11
65805000	12
65810000	13
65815000	14
65820000	15
65825000	16
65830000	17
65835000	18
65840000	19
65845000	20
65850000	21
65855000	22
65860000	23
65865000	24
65870000	25
65875000	26
65880000	27
65885000	28
65890000	29
65895000	30
65900000	31
65905000	32
65910000	33
65915000	34
65920000	35
65925000	36
65930000	37
65935000	38
65940000	39
65945000	40
65950000	41
65955000	42
65960000	43
65965000	44
65970000	45
65975000	46
65980000	47
65985000	48
65990000	49
65995000	50
66000000	51
66005000	52
66010000	53
66015000	54
66020000	55
66025000	56
66030000	57
66035000	58
66040000	59
66045000	60
66050000	61
66055000	62
66060000	63
66065000	64
66070000	65
66075000	66
66080000	67
66085000	68
66090000	69
66095000	70
66100000	71
66105000	72
66110000	73
66115000	74
66120000	75
66125000	76
66130000	77
66135000	78
66140000	79
66145000	80
66150000	81
66155000	82
66160000	83
66165000	84
66170000	85
66270000	86
66275000	87
66280000	88
66285000	89
66290000	90
66295000	91
66300000	92
66305000	93
66310000	94
66315000	95
66320000	96
