194395000	0
194400000	1
194405000	2
194410000	3
194415000	4
194420000	5
194425000	6
194430000	7
194435000	8
194440000	9
194445000	10
194450000	11
194455000	12
194460000	13
194465000	14
194470000	15
194475000	16
194480000	17
194485000	18
194490000	19
194495000	20
194500000	21
194505000	22
194510000	23
194515000	24
194520000	25
194525000	26
194530000	27
194535000	28
194540000	29
194545000	30
194550000	31
194555000	32
194560000	33
194565000	34
194570000	35
194575000	36
194580000	37
194585000	38
194590000	39
194595000	40
194600000	41
194605000	42
194610000	43
194615000	44
194620000	45
194625000	46
194630000	47
194635000	48
194640000	49
194645000	50
194650000	51
194655000	52
194660000	53
194665000	54
194670000	55
194675000	56
194680000	57
194685000	58
194690000	59
194695000	60
194700000	61
194705000	62
194710000	63
194715000	64
194720000	65
194725000	66
194730000	67
194735000	68
194740000	69
194745000	70
194750000	71
194755000	72
194760000	73
194765000	74
194770000	75
194775000	76
194780000	77
194785000	78
194790000	79
194795000	80
194800000	81
194805000	82
194810000	83
194815000	84
194820000	85
194825000	86
194830000	87
194835000	88
194840000	89
194845000	90
194850000	91
194855000	92
194860000	93
194865000	94
194870000	95
194875000	96
194880000	97
194885000	98
194890000	99
194895000	100
194900000	101
194905000	102
194910000	103
194915000	104
194920000	105
194925000	106
194930000	107
194935000	108
194940000	109
194945000	110
194950000	111
194955000	112
194960000	113
194965000	114
194970000	115
194975000	116
194980000	117
194985000	118
194990000	119
194995000	120
195000000	121
195005000	122
195010000	123
195015000	124
195020000	125
195025000	126
195030000	127
195035000	128
195040000	129
195045000	130
195050000	131
195055000	132
195060000	133
195065000	134
195070000	135
195075000	136
195080000	137
195085000	138
195090000	139
195095000	140
195100000	141
195105000	142
195110000	143
195115000	144
195120000	145
195125000	146
195130000	147
195135000	148
195140000	149
195145000	150
195150000	151
195155000	152
195160000	153
195165000	154
195170000	155
195175000	156
195180000	157
195185000	158
195190000	159
195195000	160
