183600000	0
183605000	1
183610000	2
183615000	3
183620000	4
183625000	5
183630000	6
183635000	7
183640000	8
183645000	9
183650000	10
183655000	11
183660000	12
183665000	13
183670000	14
183675000	15
183680000	16
183685000	17
183690000	18
183695000	19
183700000	20
183705000	21
183710000	22
183715000	23
183720000	24
183725000	25
183730000	26
183735000	27
183740000	28
183745000	29
183750000	30
183755000	31
183760000	32
183765000	33
183770000	34
183775000	35
183780000	36
183785000	37
183790000	38
183795000	39
183800000	40
183805000	41
183810000	42
183815000	43
183820000	44
183825000	45
183830000	46
183835000	47
183840000	48
183845000	49
183850000	50
183855000	51
183860000	52
183865000	53
183870000	54
183875000	55
183880000	56
183885000	57
183890000	58
183895000	59
183900000	60
183905000	61
183910000	62
183915000	63
183920000	64
183925000	65
183930000	66
183935000	67
183940000	68
183945000	69
183950000	70
183955000	71
183960000	72
183965000	73
183970000	74
183975000	75
183980000	76
183985000	77
183990000	78
183995000	79
184000000	80
184005000	81
184010000	82
184015000	83
184020000	84
184025000	85
184030000	86
184035000	87
184040000	88
184045000	89
184050000	90
184055000	91
184060000	92
184065000	93
184070000	94
184075000	95
184080000	96
184085000	97
184090000	98
184095000	99
184100000	100
184105000	101
184110000	102
184115000	103
184120000	104
184125000	105
184130000	106
184135000	107
184140000	108
184145000	109
184150000	110
184155000	111
184160000	112
184165000	113
184170000	114
184175000	115
184180000	116
184185000	117
184190000	118
184195000	119
184200000	120
184205000	121
184210000	122
184215000	123
184220000	124
184225000	125
184230000	126
184235000	127
184240000	128
184245000	129
184250000	130
184255000	131
184260000	132
184265000	133
184270000	134
184275000	135
184280000	136
184285000	137
184290000	138
184295000	139
184300000	140
184305000	141
184310000	142
184315000	143
184320000	144
184325000	145
184330000	146
184335000	147
184340000	148
184345000	149
184350000	150
184355000	151
184360000	152
184365000	153
184370000	154
184375000	155
184380000	156
184385000	157
184390000	158
184395000	159
184400000	160
184405000	161
184410000	162
184415000	163
184420000	164
184425000	165
184430000	166
184435000	167
184440000	168
184445000	169
184450000	170
184455000	171
184460000	172
184465000	173
184470000	174
184475000	175
184480000	176
184485000	177
184490000	178
184495000	179
184500000	180
184505000	181
184510000	182
184515000	183
184520000	184
184525000	185
184530000	186
184535000	187
184540000	188
184545000	189
184550000	190
