129930000	0
129935000	1
129940000	2
129945000	3
129950000	4
129955000	5
129960000	6
129965000	7
129970000	8
129975000	9
129980000	10
129985000	11
129990000	12
129995000	13
130000000	14
130005000	15
130010000	16
130015000	17
130020000	18
130025000	19
130030000	20
130035000	21
130040000	22
130045000	23
130050000	24
130055000	25
130060000	26
130065000	27
130070000	28
130075000	29
130080000	30
130085000	31
130090000	32
130095000	33
130100000	34
130105000	35
130110000	36
130115000	37
130120000	38
130125000	39
130130000	40
130135000	41
130140000	42
130145000	43
130150000	44
130155000	45
130160000	46
130165000	47
130170000	48
130175000	49
130180000	50
130185000	51
130190000	52
130195000	53
130200000	54
130205000	55
130210000	56
130215000	57
130220000	58
130225000	59
130230000	60
130235000	61
130240000	62
130245000	63
130250000	64
130255000	65
130260000	66
130265000	67
130270000	68
130275000	69
130280000	70
130285000	71
130290000	72
130295000	73
130300000	74
130305000	75
130310000	76
130315000	77
130320000	78
130325000	79
130330000	80
130335000	81
130340000	82
130345000	83
130350000	84
130355000	85
130360000	86
130365000	87
130370000	88
130375000	89
130380000	90
130385000	91
130390000	92
130395000	93
130400000	94
130405000	95
130410000	96
130415000	97
130420000	98
130425000	99
130430000	100
130435000	101
130440000	102
130445000	103
130450000	104
130455000	105
130460000	106
130465000	107
130470000	108
130475000	109
130480000	110
130485000	111
130490000	112
130495000	113
130500000	114
130505000	115
130510000	116
130515000	117
130520000	118
130525000	119
130530000	120
130535000	121
130540000	122
130545000	123
130550000	124
130555000	125
130560000	126
130565000	127
130570000	128
130575000	129
130580000	130
130585000	131
130590000	132
130595000	133
130600000	134
130605000	135
130610000	136
130615000	137
130620000	138
130625000	139
130630000	140
130635000	141
130640000	142
130645000	143
130650000	144
130655000	145
130660000	146
130665000	147
130670000	148
130675000	149
130680000	150
130685000	151
130690000	152
130695000	153
130700000	154
130705000	155
130710000	156
130715000	157
130720000	158
130725000	159
130730000	160
130735000	161
130740000	162
