49155000	0
49160000	1
49165000	2
49170000	3
49175000	4
49180000	5
49185000	6
49190000	7
49195000	8
49200000	9
49205000	10
49210000	11
49215000	12
49220000	13
49225000	14
49230000	15
49235000	16
49240000	17
49245000	18
49250000	19
49255000	20
49260000	21
49265000	22
49270000	23
49275000	24
49280000	25
49285000	26
49290000	27
49295000	28
49300000	29
49305000	30
49310000	31
49315000	32
49320000	33
49325000	34
49330000	35
49335000	36
49340000	37
49345000	38
49350000	39
49355000	40
49360000	41
49365000	42
49370000	43
49375000	44
49380000	45
49385000	46
49390000	47
49395000	48
49400000	49
49405000	50
49410000	51
49415000	52
49420000	53
49425000	54
49430000	55
49435000	56
49440000	57
49445000	58
49450000	59
49455000	60
49460000	61
49465000	62
49470000	63
49475000	64
49480000	65
49485000	66
49490000	67
49495000	68
49500000	69
49505000	70
49510000	71
49515000	72
49520000	73
49525000	74
49530000	75
49535000	76
49540000	77
49545000	78
49550000	79
49555000	80
49560000	81
49565000	82
49570000	83
49575000	84
49580000	85
49585000	86
49590000	87
49595000	88
49600000	89
49605000	90
49610000	91
49615000	92
49620000	93
49625000	94
49630000	95
49635000	96
49640000	97
49645000	98
49650000	99
49655000	100
49660000	101
49665000	102
49670000	103
49675000	104
49680000	105
49685000	106
49690000	107
49695000	108
49700000	109
49705000	110
49710000	111
49715000	112
49720000	113
