118360000	0
118365000	1
118370000	2
118375000	3
118380000	4
118385000	5
118390000	6
118395000	7
118400000	8
118405000	9
118410000	10
118415000	11
118420000	12
118425000	13
118430000	14
118435000	15
118440000	16
118445000	17
118450000	18
118455000	19
118460000	20
118465000	21
118470000	22
118475000	23
118480000	24
118485000	25
118490000	26
118495000	27
118500000	28
118505000	29
118510000	30
118515000	31
118520000	32
118525000	33
118530000	34
118535000	35
118540000	36
118545000	37
118550000	38
118555000	39
118560000	40
118565000	41
118570000	42
118575000	43
118580000	44
118585000	45
118590000	46
118595000	47
118600000	48
118605000	49
118610000	50
118615000	51
118620000	52
118625000	53
118630000	54
118635000	55
118640000	56
118645000	57
118650000	58
118655000	59
118660000	60
118665000	61
118670000	62
118675000	63
118680000	64
118685000	65
118690000	66
118695000	67
118700000	68
118705000	69
118710000	70
118715000	71
118725000	72
118730000	73
118735000	74
118740000	75
118745000	76
118750000	77
118755000	78
118760000	79
118765000	80
118770000	81
118775000	82
118780000	83
118785000	84
118790000	85
118795000	86
118800000	87
118805000	88
118810000	89
118815000	90
118820000	91
118825000	92
118830000	93
118835000	94
118840000	95
118845000	96
118850000	97
118855000	98
118860000	99
118865000	100
118870000	101
118875000	102
118880000	103
118885000	104
118890000	105
118895000	106
118900000	107
118905000	108
118910000	109
118915000	110
118920000	111
118925000	112
118930000	113
118935000	114
118940000	115
118945000	116
118950000	117
118955000	118
118960000	119
