184555000	0
184560000	1
184565000	2
184570000	3
184575000	4
184580000	5
184585000	6
184590000	7
184595000	8
184600000	9
184605000	10
184610000	11
184615000	12
184620000	13
184625000	14
184630000	15
184635000	16
184640000	17
184645000	18
184650000	19
184655000	20
184660000	21
184665000	22
184670000	23
184675000	24
184680000	25
184685000	26
184690000	27
184695000	28
184700000	29
184705000	30
184710000	31
184715000	32
184720000	33
184725000	34
184730000	35
184735000	36
184740000	37
184745000	38
184750000	39
184755000	40
184760000	41
184765000	42
184770000	43
184775000	44
184780000	45
184785000	46
184790000	47
184795000	48
184800000	49
184805000	50
184810000	51
184815000	52
184820000	53
184825000	54
184830000	55
184835000	56
184840000	57
184845000	58
184850000	59
184855000	60
184860000	61
184865000	62
184870000	63
184875000	64
184880000	65
184885000	66
184890000	67
184895000	68
184900000	69
184905000	70
184910000	71
184915000	72
184920000	73
184925000	74
184930000	75
184935000	76
184940000	77
184945000	78
184950000	79
184955000	80
184960000	81
184965000	82
184970000	83
184975000	84
184980000	85
184985000	86
184990000	87
184995000	88
185000000	89
185005000	90
185010000	91
185015000	92
185020000	93
185025000	94
185030000	95
185035000	96
185040000	97
185045000	98
185050000	99
185055000	100
185060000	101
185065000	102
185070000	103
185075000	104
185080000	105
185085000	106
185090000	107
185095000	108
185100000	109
185105000	110
185110000	111
185115000	112
185120000	113
185125000	114
185130000	115
185135000	116
185140000	117
185145000	118
185150000	119
185155000	120
185160000	121
185165000	122
185170000	123
185175000	124
185180000	125
185185000	126
185190000	127
185195000	128
185200000	129
185205000	130
185210000	131
185215000	132
185220000	133
185225000	134
185230000	135
185235000	136
185240000	137
185245000	138
185250000	139
185255000	140
185260000	141
185265000	142
185270000	143
185275000	144
185280000	145
185285000	146
185290000	147
185295000	148
185300000	149
185305000	150
185310000	151
185315000	152
185320000	153
185325000	154
185330000	155
185335000	156
185340000	157
185345000	158
185350000	159
185355000	160
185360000	161
