33160000	0
33165000	1
33170000	2
33175000	3
33180000	4
33185000	5
33190000	6
33195000	7
33200000	8
33205000	9
33210000	10
33215000	11
33220000	12
33225000	13
33230000	14
33235000	15
33240000	16
33245000	17
33250000	18
33255000	19
33260000	20
33265000	21
33270000	22
33275000	23
33280000	24
33285000	25
33290000	26
33295000	27
33300000	28
33305000	29
33310000	30
33315000	31
33320000	32
33325000	33
33330000	34
33335000	35
33340000	36
33345000	37
33350000	38
33355000	39
33360000	40
33365000	41
33370000	42
33375000	43
33380000	44
33385000	45
33390000	46
33395000	47
33400000	48
33405000	49
33410000	50
33415000	51
33420000	52
33425000	53
33430000	54
33435000	55
33440000	56
33445000	57
33450000	58
33455000	59
33460000	60
33465000	61
33470000	62
33475000	63
33480000	64
33485000	65
33490000	66
33495000	67
33500000	68
33505000	69
33510000	70
33515000	71
33520000	72
33525000	73
33530000	74
33535000	75
33540000	76
33545000	77
33550000	78
33555000	79
33560000	80
33565000	81
33570000	82
33575000	83
33580000	84
33585000	85
33590000	86
33595000	87
33600000	88
33605000	89
33610000	90
33615000	91
33620000	92
33625000	93
33630000	94
33635000	95
33640000	96
33645000	97
