2760000	0
2765000	1
2770000	2
2775000	3
2780000	4
2785000	5
2790000	6
2795000	7
2800000	8
2805000	9
2810000	10
2815000	11
2820000	12
2825000	13
2830000	14
2835000	15
2840000	16
2845000	17
2850000	18
2855000	19
2860000	20
2865000	21
2870000	22
2875000	23
2880000	24
2885000	25
2890000	26
2895000	27
2900000	28
2905000	29
2910000	30
2915000	31
2920000	32
2925000	33
2930000	34
2935000	35
2940000	36
2945000	37
2950000	38
2955000	39
2960000	40
2965000	41
2970000	42
2975000	43
2980000	44
2985000	45
2990000	46
2995000	47
3000000	48
3005000	49
3010000	50
3015000	51
3020000	52
3025000	53
3030000	54
3035000	55
3040000	56
3045000	57
3050000	58
3055000	59
3060000	60
3065000	61
3070000	62
3075000	63
3080000	64
3085000	65
3090000	66
3095000	67
3100000	68
3105000	69
3110000	70
3115000	71
