62060000	0
62065000	1
62070000	2
62075000	3
62080000	4
62085000	5
62090000	6
62095000	7
62100000	8
62105000	9
62110000	10
62115000	11
62120000	12
62125000	13
62130000	14
62135000	15
62140000	16
62145000	17
62150000	18
62155000	19
62160000	20
62165000	21
62170000	22
62175000	23
62180000	24
62185000	25
62190000	26
62195000	27
62200000	28
62205000	29
62210000	30
62215000	31
62220000	32
62225000	33
62230000	34
62235000	35
62240000	36
62245000	37
62250000	38
62255000	39
62260000	40
62265000	41
62270000	42
62275000	43
62280000	44
62285000	45
62290000	46
62295000	47
62300000	48
62305000	49
62310000	50
62315000	51
62320000	52
62325000	53
62330000	54
62335000	55
62340000	56
62345000	57
62350000	58
62355000	59
62360000	60
62365000	61
62370000	62
62375000	63
62380000	64
62385000	65
62390000	66
62395000	67
62400000	68
62405000	69
62410000	70
62415000	71
62420000	72
62425000	73
62430000	74
62435000	75
62440000	76
62445000	77
62450000	78
62455000	79
62460000	80
62465000	81
62470000	82
62475000	83
62480000	84
62485000	85
62490000	86
62495000	87
62500000	88
62505000	89
62510000	90
62515000	91
62520000	92
62525000	93
62530000	94
62535000	95
62540000	96
62545000	97
62550000	98
62555000	99
62560000	100
62565000	101
62570000	102
62575000	103
62580000	104
62585000	105
62590000	106
62595000	107
62600000	108
62605000	109
62610000	110
62615000	111
62620000	112
62625000	113
62630000	114
62635000	115
62640000	116
62645000	117
62650000	118
62655000	119
62660000	120
62665000	121
62670000	122
62675000	123
62680000	124
62685000	125
62690000	126
62695000	127
