80710000	0
80715000	1
80720000	2
80725000	3
80730000	4
80735000	5
80740000	6
80745000	7
80750000	8
80755000	9
80760000	10
80765000	11
80770000	12
80775000	13
80780000	14
80785000	15
80790000	16
80795000	17
80800000	18
80805000	19
80810000	20
80815000	21
80820000	22
80825000	23
80830000	24
80835000	25
80840000	26
80845000	27
80850000	28
80855000	29
80860000	30
80865000	31
80870000	32
80875000	33
80880000	34
80885000	35
80890000	36
80895000	37
80900000	38
80905000	39
80910000	40
80915000	41
80920000	42
80925000	43
80930000	44
80935000	45
80940000	46
80945000	47
80950000	48
80955000	49
80960000	50
80965000	51
80970000	52
80975000	53
80980000	54
80985000	55
80990000	56
80995000	57
81000000	58
81005000	59
81010000	60
81015000	61
81020000	62
81025000	63
81030000	64
81035000	65
81040000	66
81045000	67
81050000	68
81055000	69
81060000	70
81065000	71
81070000	72
81075000	73
81080000	74
81085000	75
81090000	76
81095000	77
81100000	78
81105000	79
81110000	80
81115000	81
81120000	82
81125000	83
81130000	84
81135000	85
81140000	86
81145000	87
81150000	88
81155000	89
81160000	90
81165000	91
81170000	92
81175000	93
81180000	94
81185000	95
81190000	96
81195000	97
81200000	98
81205000	99
81210000	100
81215000	101
81220000	102
81225000	103
81230000	104
81235000	105
81240000	106
81245000	107
81250000	108
81255000	109
81260000	110
81265000	111
81270000	112
81275000	113
81280000	114
81285000	115
81290000	116
81295000	117
81300000	118
81305000	119
81310000	120
81315000	121
81320000	122
81325000	123
81330000	124
81335000	125
81340000	126
81345000	127
81350000	128
81355000	129
81360000	130
81365000	131
81370000	132
81375000	133
81380000	134
81385000	135
81390000	136
81395000	137
81400000	138
81405000	139
81410000	140
81415000	141
81420000	142
81425000	143
81430000	144
81435000	145
81440000	146
81445000	147
81450000	148
81455000	149
81460000	150
81465000	151
81470000	152
81475000	153
81480000	154
81485000	155
81490000	156
81495000	157
81500000	158
81505000	159
81510000	160
81515000	161
81520000	162
81525000	163
81530000	164
81535000	165
81540000	166
81545000	167
81550000	168
81555000	169
81560000	170
81565000	171
81570000	172
