89440000	0
89445000	1
89450000	2
89455000	3
89460000	4
89465000	5
89470000	6
89475000	7
89480000	8
89485000	9
89490000	10
89495000	11
89500000	12
89505000	13
89510000	14
89515000	15
89520000	16
89525000	17
89530000	18
89535000	19
89540000	20
89545000	21
89550000	22
89555000	23
89560000	24
89565000	25
89570000	26
89575000	27
89580000	28
89585000	29
89590000	30
89595000	31
89600000	32
89605000	33
89610000	34
89615000	35
89620000	36
89625000	37
89630000	38
89635000	39
89640000	40
89645000	41
89650000	42
89655000	43
89660000	44
89665000	45
89670000	46
89675000	47
89680000	48
89685000	49
89690000	50
89695000	51
89700000	52
89705000	53
89710000	54
89715000	55
89720000	56
89725000	57
89730000	58
89735000	59
89740000	60
89745000	61
89750000	62
89755000	63
89760000	64
89765000	65
89770000	66
89775000	67
89780000	68
89785000	69
89790000	70
89795000	71
89800000	72
89805000	73
89810000	74
89815000	75
89820000	76
89825000	77
89830000	78
89835000	79
89840000	80
89845000	81
89850000	82
89855000	83
89860000	84
89865000	85
89870000	86
89875000	87
89880000	88
89885000	89
89890000	90
89895000	91
89900000	92
89905000	93
89910000	94
89915000	95
89920000	96
89925000	97
89930000	98
89935000	99
89940000	100
