130875000	0
130880000	1
130885000	2
130890000	3
130895000	4
130900000	5
130905000	6
130910000	7
130915000	8
130920000	9
130925000	10
130930000	11
130935000	12
130940000	13
130945000	14
130950000	15
130955000	16
130960000	17
130965000	18
130970000	19
130975000	20
130980000	21
130985000	22
130990000	23
130995000	24
131000000	25
131005000	26
131010000	27
131015000	28
131020000	29
131025000	30
131030000	31
131035000	32
131040000	33
131045000	34
131050000	35
131055000	36
131060000	37
131065000	38
131070000	39
131075000	40
131080000	41
131085000	42
131090000	43
131095000	44
131100000	45
131105000	46
131110000	47
131115000	48
131120000	49
131125000	50
131130000	51
131135000	52
131140000	53
131145000	54
131150000	55
131155000	56
131160000	57
131165000	58
131170000	59
131175000	60
131180000	61
131185000	62
131190000	63
131195000	64
131200000	65
131205000	66
131210000	67
131215000	68
131220000	69
131225000	70
131230000	71
131235000	72
131240000	73
131245000	74
131250000	75
131255000	76
131260000	77
131265000	78
131270000	79
131275000	80
131280000	81
131285000	82
131290000	83
131295000	84
131300000	85
131305000	86
131310000	87
131315000	88
131320000	89
131325000	90
131330000	91
131335000	92
131340000	93
131345000	94
131350000	95
131355000	96
131360000	97
131365000	98
131370000	99
131375000	100
131380000	101
131385000	102
131390000	103
131395000	104
131400000	105
131405000	106
131410000	107
131415000	108
131420000	109
131425000	110
131430000	111
131435000	112
131440000	113
131445000	114
131450000	115
131455000	116
131460000	117
131465000	118
131470000	119
131475000	120
131480000	121
131485000	122
131490000	123
131495000	124
131500000	125
131505000	126
131510000	127
131515000	128
131520000	129
131525000	130
131530000	131
131535000	132
131540000	133
131545000	134
131550000	135
131555000	136
131560000	137
131565000	138
131570000	139
131575000	140
131580000	141
131585000	142
131590000	143
131595000	144
131600000	145
131605000	146
131610000	147
131615000	148
131620000	149
131625000	150
131630000	151
131635000	152
131640000	153
131645000	154
131650000	155
131655000	156
131660000	157
131665000	158
131670000	159
131675000	160
131680000	161
131685000	162
131690000	163
131695000	164
131700000	165
131705000	166
131710000	167
131715000	168
131720000	169
131725000	170
131730000	171
131735000	172
131740000	173
131745000	174
131750000	175
131755000	176
131760000	177
131765000	178
131770000	179
131775000	180
131780000	181
131785000	182
131790000	183
131795000	184
131800000	185
131805000	186
131810000	187
131815000	188
131820000	189
131825000	190
131830000	191
131835000	192
131840000	193
131845000	194
131855000	195
131860000	196
131865000	197
131870000	198
131875000	199
131880000	200
131885000	201
131890000	202
131895000	203
131900000	204
131905000	205
131910000	206
131915000	207
131920000	208
131925000	209
131930000	210
131935000	211
131940000	212
131945000	213
131950000	214
131955000	215
131960000	216
131965000	217
131970000	218
131975000	219
131980000	220
131985000	221
131990000	222
131995000	223
132000000	224
132005000	225
132010000	226
132015000	227
132020000	228
132025000	229
132030000	230
132035000	231
132040000	232
132045000	233
132050000	234
132055000	235
132060000	236
132065000	237
132070000	238
132075000	239
132080000	240
132085000	241
132090000	242
132095000	243
132100000	244
132105000	245
132110000	246
132115000	247
132120000	248
132125000	249
132130000	250
132135000	251
132140000	252
132145000	253
132150000	254
132155000	255
132160000	256
132165000	257
132170000	258
132175000	259
132180000	260
132185000	261
132190000	262
132195000	263
132200000	264
132205000	265
132210000	266
132215000	267
132220000	268
132225000	269
132230000	270
132235000	271
132240000	272
132245000	273
132250000	274
132255000	275
132260000	276
132265000	277
132270000	278
132275000	279
132280000	280
132285000	281
132290000	282
132295000	283
132300000	284
132305000	285
132310000	286
132315000	287
132320000	288
132325000	289
132330000	290
132335000	291
132340000	292
132345000	293
132350000	294
132355000	295
132360000	296
132365000	297
132370000	298
132375000	299
132380000	300
132385000	301
132390000	302
132395000	303
132400000	304
132405000	305
132410000	306
132415000	307
132420000	308
132425000	309
132430000	310
