165690000	0
165695000	1
165700000	2
165705000	3
165710000	4
165715000	5
165720000	6
165725000	7
165730000	8
165735000	9
165740000	10
165745000	11
165750000	12
165755000	13
165760000	14
165765000	15
165770000	16
165775000	17
165780000	18
165785000	19
165790000	20
165795000	21
165800000	22
165805000	23
165810000	24
165815000	25
165820000	26
165825000	27
165830000	28
165835000	29
165840000	30
165845000	31
165850000	32
165855000	33
165860000	34
165865000	35
165870000	36
165875000	37
165880000	38
165885000	39
165890000	40
165895000	41
165900000	42
165905000	43
165910000	44
165915000	45
165920000	46
165925000	47
