2520000	0
2521000	1
2522000	2
2523000	3
2524000	4
2525000	5
2526000	6
2527000	7
2528000	8
2529000	9
2530000	10
2531000	11
2532000	12
2533000	13
2534000	14
2535000	15
2536000	16
2537000	17
2538000	18
2539000	19
2540000	20
2541000	21
2542000	22
2543000	23
2544000	24
2545000	25
2546000	26
2547000	27
2548000	28
2549000	29
2550000	30
2551000	31
2552000	32
2553000	33
2554000	34
2555000	35
2556000	36
2557000	37
2558000	38
2559000	39
2560000	40
2561000	41
2562000	42
2563000	43
2564000	44
2565000	45
2566000	46
2567000	47
2568000	48
2569000	49
2570000	50
2571000	51
2572000	52
2573000	53
2574000	54
2575000	55
2576000	56
2577000	57
2578000	58
2579000	59
2580000	60
2581000	61
2582000	62
2583000	63
2584000	64
2585000	65
