79780000	0
79785000	1
79790000	2
79795000	3
79800000	4
79805000	5
79810000	6
79815000	7
79820000	8
79825000	9
79830000	10
79835000	11
79840000	12
79845000	13
79850000	14
79855000	15
79860000	16
79865000	17
79870000	18
79875000	19
79880000	20
79885000	21
79890000	22
79895000	23
79900000	24
79905000	25
79910000	26
79915000	27
79920000	28
79925000	29
79930000	30
79935000	31
79940000	32
79945000	33
79950000	34
79955000	35
79960000	36
79965000	37
79970000	38
79975000	39
79980000	40
79985000	41
79990000	42
79995000	43
80000000	44
80005000	45
80010000	46
80015000	47
80020000	48
