80035000	0
80040000	1
80045000	2
80050000	3
80055000	4
80060000	5
80065000	6
80070000	7
80075000	8
80080000	9
80085000	10
80090000	11
80095000	12
80100000	13
80105000	14
80110000	15
80115000	16
80120000	17
80125000	18
80130000	19
80135000	20
80140000	21
80145000	22
80150000	23
80155000	24
80160000	25
80165000	26
80170000	27
80175000	28
80180000	29
80185000	30
80190000	31
80195000	32
80200000	33
80205000	34
80210000	35
80215000	36
80220000	37
80225000	38
80230000	39
80235000	40
80240000	41
80245000	42
80250000	43
80255000	44
80260000	45
80265000	46
80270000	47
80275000	48
80280000	49
80285000	50
80290000	51
80295000	52
80300000	53
80305000	54
80310000	55
80315000	56
80320000	57
80325000	58
80330000	59
80335000	60
80340000	61
80345000	62
80350000	63
80355000	64
80360000	65
80365000	66
80370000	67
80375000	68
80380000	69
80385000	70
80390000	71
80395000	72
80400000	73
80405000	74
80410000	75
80415000	76
80420000	77
80425000	78
80430000	79
80435000	80
80440000	81
80445000	82
80450000	83
80455000	84
80460000	85
80465000	86
80470000	87
80475000	88
80480000	89
80485000	90
80490000	91
80495000	92
80500000	93
80505000	94
80510000	95
80515000	96
80520000	97
80525000	98
80530000	99
80535000	100
80540000	101
80545000	102
80550000	103
80555000	104
80560000	105
80565000	106
80570000	107
80575000	108
80580000	109
80585000	110
80590000	111
80595000	112
80600000	113
80605000	114
80610000	115
80615000	116
80620000	117
80625000	118
80630000	119
80635000	120
80640000	121
80645000	122
80650000	123
80655000	124
80660000	125
80665000	126
80670000	127
80675000	128
80680000	129
80685000	130
80690000	131
80695000	132
80700000	133
80705000	134
80710000	135
80715000	136
80720000	137
80725000	138
80730000	139
80735000	140
80740000	141
80745000	142
80750000	143
80755000	144
80760000	145
80765000	146
80770000	147
80775000	148
80780000	149
80785000	150
80790000	151
80795000	152
80800000	153
80805000	154
80810000	155
80815000	156
80820000	157
80825000	158
80830000	159
80835000	160
80840000	161
80845000	162
80850000	163
80855000	164
80860000	165
80865000	166
80870000	167
80875000	168
80880000	169
80885000	170
80890000	171
80895000	172
80900000	173
80905000	174
80910000	175
80915000	176
80920000	177
80925000	178
80930000	179
80935000	180
80940000	181
80945000	182
80950000	183
80955000	184
80960000	185
80965000	186
80970000	187
80975000	188
80980000	189
80985000	190
80990000	191
80995000	192
81000000	193
81005000	194
81010000	195
81015000	196
81020000	197
81025000	198
81030000	199
81035000	200
81040000	201
81045000	202
81050000	203
81055000	204
81060000	205
81065000	206
81070000	207
81075000	208
81080000	209
81085000	210
