94935000	0
94940000	1
94945000	2
94950000	3
94955000	4
94960000	5
94965000	6
94970000	7
94975000	8
94980000	9
94985000	10
94990000	11
94995000	12
95000000	13
95005000	14
95010000	15
95015000	16
95020000	17
95025000	18
95030000	19
95035000	20
95040000	21
95045000	22
95050000	23
95055000	24
95060000	25
95065000	26
95070000	27
95075000	28
95080000	29
95085000	30
95090000	31
95095000	32
95100000	33
95105000	34
95110000	35
95115000	36
95120000	37
95125000	38
95130000	39
95135000	40
95140000	41
95145000	42
95150000	43
95155000	44
95160000	45
95165000	46
95170000	47
95175000	48
95180000	49
95185000	50
95190000	51
95195000	52
95200000	53
95205000	54
95210000	55
95215000	56
95220000	57
95225000	58
95230000	59
95235000	60
95240000	61
95245000	62
95250000	63
95255000	64
95260000	65
95265000	66
95270000	67
95275000	68
95280000	69
95285000	70
95290000	71
95295000	72
95300000	73
95305000	74
95310000	75
95315000	76
95320000	77
95325000	78
95330000	79
95335000	80
95340000	81
