69510000	0
69515000	1
69520000	2
69525000	3
69530000	4
69535000	5
69540000	6
69545000	7
69550000	8
69555000	9
69560000	10
69565000	11
69570000	12
69575000	13
69580000	14
69585000	15
69590000	16
69595000	17
69600000	18
69605000	19
69610000	20
69615000	21
69620000	22
69625000	23
69630000	24
69635000	25
69640000	26
69645000	27
69650000	28
69655000	29
69660000	30
69665000	31
69670000	32
69675000	33
69680000	34
69685000	35
69690000	36
69695000	37
69700000	38
69705000	39
69710000	40
69715000	41
69720000	42
69725000	43
69730000	44
69735000	45
69740000	46
69745000	47
69750000	48
69755000	49
69760000	50
69765000	51
69770000	52
69775000	53
69780000	54
69785000	55
69790000	56
69795000	57
69800000	58
69805000	59
69810000	60
69815000	61
69820000	62
69825000	63
69830000	64
69835000	65
69840000	66
69845000	67
69850000	68
69855000	69
69860000	70
69865000	71
69870000	72
69875000	73
69880000	74
69885000	75
69890000	76
69895000	77
69900000	78
69905000	79
69910000	80
69915000	81
69920000	82
69925000	83
69930000	84
69935000	85
69940000	86
69945000	87
69950000	88
69955000	89
69960000	90
69965000	91
69970000	92
69975000	93
69980000	94
69985000	95
69990000	96
69995000	97
70000000	98
70005000	99
70010000	100
70015000	101
70020000	102
70025000	103
70030000	104
70035000	105
70040000	106
70045000	107
70050000	108
70055000	109
70060000	110
70065000	111
70070000	112
70075000	113
70080000	114
70085000	115
70090000	116
70095000	117
70100000	118
70105000	119
70110000	120
70115000	121
70120000	122
70125000	123
70130000	124
70135000	125
70140000	126
70145000	127
70150000	128
70155000	129
70160000	130
70165000	131
70170000	132
70175000	133
70180000	134
70185000	135
70190000	136
70195000	137
70200000	138
70205000	139
70210000	140
70215000	141
70220000	142
70225000	143
70230000	144
70235000	145
70240000	146
70245000	147
70250000	148
70255000	149
70260000	150
70265000	151
