149335000	0
149340000	1
149345000	2
149350000	3
149355000	4
149360000	5
149365000	6
149370000	7
149375000	8
149380000	9
149385000	10
149390000	11
149395000	12
149400000	13
149405000	14
149410000	15
149415000	16
149420000	17
149425000	18
149430000	19
149435000	20
149440000	21
149445000	22
149450000	23
149455000	24
149460000	25
149465000	26
149470000	27
149475000	28
149480000	29
149485000	30
149490000	31
149495000	32
149500000	33
149505000	34
149510000	35
149515000	36
149520000	37
149525000	38
149530000	39
149535000	40
149540000	41
149545000	42
149550000	43
149555000	44
149560000	45
149565000	46
149570000	47
149575000	48
149580000	49
149585000	50
149590000	51
149595000	52
149600000	53
149605000	54
149610000	55
149615000	56
149620000	57
149625000	58
149630000	59
149635000	60
149640000	61
149645000	62
149650000	63
149655000	64
149660000	65
149665000	66
149670000	67
149675000	68
149680000	69
149685000	70
149690000	71
149695000	72
149700000	73
149705000	74
149710000	75
149715000	76
149720000	77
149725000	78
149730000	79
149735000	80
149740000	81
149745000	82
149750000	83
149755000	84
149760000	85
149765000	86
149770000	87
149775000	88
149780000	89
149785000	90
149790000	91
149795000	92
149800000	93
149805000	94
149810000	95
149815000	96
149820000	97
149825000	98
149830000	99
149835000	100
149840000	101
149845000	102
149850000	103
149855000	104
149860000	105
149865000	106
149870000	107
149875000	108
149880000	109
149885000	110
149890000	111
149895000	112
149900000	113
149905000	114
149910000	115
149915000	116
149920000	117
149925000	118
149930000	119
149935000	120
149940000	121
149945000	122
149950000	123
149955000	124
149960000	125
149965000	126
149970000	127
149975000	128
149980000	129
149985000	130
