31785000	0
31790000	1
31795000	2
31800000	3
31805000	4
31810000	5
31815000	6
31820000	7
31825000	8
31830000	9
31835000	10
31840000	11
31845000	12
31850000	13
31855000	14
31860000	15
31865000	16
31870000	17
31875000	18
31880000	19
31885000	20
31890000	21
31895000	22
31900000	23
31905000	24
31910000	25
31915000	26
31920000	27
31925000	28
31930000	29
31935000	30
31940000	31
31945000	32
31950000	33
31955000	34
31960000	35
31965000	36
31970000	37
31975000	38
31980000	39
31985000	40
31990000	41
31995000	42
32000000	43
32005000	44
32010000	45
32015000	46
32020000	47
32025000	48
32030000	49
32035000	50
32040000	51
32045000	52
32050000	53
32055000	54
32060000	55
32065000	56
32070000	57
32075000	58
32080000	59
32085000	60
32090000	61
32095000	62
32100000	63
32105000	64
32110000	65
32115000	66
32120000	67
32125000	68
32130000	69
32135000	70
32140000	71
32145000	72
32150000	73
32155000	74
32160000	75
32165000	76
32170000	77
32175000	78
32180000	79
32185000	80
32190000	81
32195000	82
32200000	83
32205000	84
32210000	85
32215000	86
32220000	87
32225000	88
32230000	89
32235000	90
32240000	91
