100330000	0
100335000	1
100340000	2
100345000	3
100350000	4
100355000	5
100360000	6
100365000	7
100370000	8
100375000	9
100380000	10
100385000	11
100390000	12
100395000	13
100400000	14
100405000	15
100410000	16
100415000	17
100420000	18
100425000	19
100430000	20
100435000	21
100440000	22
100445000	23
100450000	24
100455000	25
100460000	26
100465000	27
100470000	28
100475000	29
100480000	30
100485000	31
100490000	32
100495000	33
100500000	34
100505000	35
100510000	36
100515000	37
100520000	38
100525000	39
100530000	40
100535000	41
100540000	42
100545000	43
100550000	44
100555000	45
100605000	46
100610000	47
100615000	48
100620000	49
100625000	50
100630000	51
100635000	52
100645000	53
100650000	54
100655000	55
100660000	56
100665000	57
100670000	58
100675000	59
100680000	60
100685000	61
100690000	62
100695000	63
100700000	64
100705000	65
100710000	66
100715000	67
100720000	68
100725000	69
