117380000	0
117385000	1
117390000	2
117395000	3
117400000	4
117405000	5
117410000	6
117415000	7
117420000	8
117425000	9
117430000	10
117435000	11
117440000	12
117445000	13
117450000	14
117455000	15
117460000	16
117465000	17
117470000	18
117475000	19
117480000	20
117485000	21
117490000	22
117495000	23
117500000	24
117505000	25
117510000	26
117515000	27
117520000	28
117525000	29
117530000	30
117535000	31
117540000	32
117545000	33
117550000	34
117555000	35
117560000	36
117565000	37
117570000	38
117575000	39
117580000	40
117585000	41
117590000	42
117595000	43
117600000	44
117605000	45
117610000	46
117615000	47
117620000	48
117625000	49
117630000	50
117635000	51
117640000	52
117645000	53
117650000	54
117655000	55
117660000	56
117665000	57
117670000	58
117675000	59
117680000	60
117685000	61
117690000	62
117695000	63
117700000	64
117705000	65
117710000	66
117715000	67
117720000	68
117725000	69
117730000	70
117735000	71
117740000	72
117745000	73
117750000	74
117755000	75
117760000	76
117765000	77
117770000	78
117775000	79
117780000	80
117785000	81
117790000	82
117795000	83
117800000	84
117805000	85
117810000	86
117815000	87
117820000	88
117825000	89
117830000	90
117835000	91
117840000	92
117845000	93
117850000	94
117855000	95
117860000	96
117865000	97
117870000	98
117875000	99
117880000	100
117885000	101
117890000	102
117895000	103
117900000	104
117905000	105
117910000	106
117915000	107
117920000	108
117925000	109
117930000	110
117935000	111
117940000	112
117945000	113
117950000	114
117955000	115
117960000	116
117965000	117
117970000	118
117975000	119
117980000	120
117985000	121
117990000	122
117995000	123
118000000	124
118005000	125
118010000	126
118015000	127
118020000	128
118025000	129
118030000	130
118035000	131
118040000	132
118045000	133
118050000	134
118055000	135
118060000	136
118065000	137
118070000	138
118075000	139
118080000	140
118085000	141
118090000	142
118095000	143
118100000	144
118105000	145
118110000	146
118115000	147
118120000	148
118125000	149
118130000	150
118135000	151
118140000	152
118145000	153
118150000	154
118155000	155
118160000	156
118165000	157
118170000	158
118175000	159
118180000	160
118185000	161
118190000	162
118195000	163
118200000	164
118205000	165
118210000	166
118215000	167
118220000	168
118225000	169
118230000	170
118235000	171
118240000	172
118245000	173
118250000	174
118255000	175
118260000	176
118265000	177
118270000	178
118275000	179
118280000	180
118285000	181
118290000	182
118295000	183
118300000	184
118305000	185
118310000	186
118315000	187
118320000	188
118325000	189
118330000	190
118335000	191
118340000	192
118345000	193
118350000	194
118355000	195
118360000	196
118365000	197
118370000	198
118375000	199
118380000	200
118385000	201
118390000	202
118395000	203
118400000	204
118405000	205
118410000	206
118415000	207
118420000	208
118425000	209
118430000	210
118435000	211
118440000	212
118445000	213
118450000	214
118455000	215
118460000	216
118465000	217
118470000	218
118475000	219
118480000	220
118485000	221
118490000	222
118495000	223
118500000	224
118505000	225
118510000	226
118515000	227
118520000	228
118525000	229
118530000	230
118535000	231
118540000	232
118545000	233
118550000	234
118555000	235
118560000	236
118565000	237
118570000	238
118575000	239
118580000	240
118585000	241
118590000	242
118595000	243
118600000	244
118605000	245
118610000	246
118615000	247
118620000	248
118625000	249
118630000	250
118635000	251
118640000	252
118645000	253
118650000	254
118655000	255
118660000	256
118665000	257
118670000	258
118675000	259
118680000	260
118685000	261
118690000	262
118695000	263
118700000	264
118705000	265
118710000	266
118715000	267
118720000	268
118725000	269
118730000	270
118735000	271
118740000	272
118745000	273
118750000	274
118755000	275
118760000	276
118765000	277
118770000	278
118775000	279
118780000	280
118785000	281
118790000	282
118795000	283
118800000	284
118805000	285
118810000	286
118815000	287
118820000	288
118825000	289
118830000	290
118835000	291
118840000	292
118845000	293
118850000	294
118855000	295
118860000	296
118865000	297
118870000	298
118875000	299
118880000	300
118885000	301
118890000	302
118895000	303
118900000	304
118905000	305
118910000	306
118915000	307
118920000	308
118925000	309
118930000	310
118935000	311
118940000	312
118945000	313
118950000	314
118955000	315
118960000	316
118965000	317
118970000	318
118975000	319
118980000	320
118985000	321
118990000	322
118995000	323
119000000	324
119005000	325
119010000	326
119015000	327
119020000	328
119025000	329
119030000	330
119035000	331
119040000	332
119045000	333
119050000	334
119055000	335
119060000	336
119065000	337
119070000	338
119075000	339
119080000	340
119085000	341
119090000	342
119095000	343
119100000	344
119105000	345
119110000	346
119115000	347
119120000	348
119125000	349
119130000	350
119135000	351
119140000	352
119145000	353
119150000	354
119155000	355
119160000	356
119165000	357
119170000	358
119175000	359
119180000	360
119185000	361
119190000	362
119195000	363
119200000	364
119205000	365
119210000	366
119215000	367
119220000	368
119225000	369
119230000	370
119235000	371
119240000	372
119245000	373
119250000	374
119255000	375
119260000	376
119265000	377
119270000	378
119275000	379
119280000	380
119285000	381
119290000	382
119295000	383
119300000	384
119305000	385
119310000	386
119315000	387
119320000	388
119325000	389
119330000	390
119335000	391
119340000	392
119345000	393
119350000	394
119355000	395
119360000	396
119365000	397
119370000	398
119375000	399
119380000	400
119385000	401
119390000	402
119395000	403
119400000	404
119405000	405
119410000	406
119415000	407
119420000	408
119425000	409
119430000	410
119435000	411
119440000	412
119445000	413
119450000	414
119455000	415
119460000	416
119465000	417
119470000	418
119475000	419
119480000	420
119485000	421
119490000	422
119495000	423
119500000	424
119505000	425
119510000	426
119515000	427
119520000	428
119525000	429
119530000	430
119535000	431
119540000	432
119545000	433
119550000	434
119555000	435
119560000	436
119565000	437
