87850000	0
87855000	1
87860000	2
87865000	3
87870000	4
87875000	5
87880000	6
87885000	7
87890000	8
87895000	9
87900000	10
87905000	11
87910000	12
87915000	13
87920000	14
87925000	15
87930000	16
87935000	17
87940000	18
87945000	19
87950000	20
87955000	21
87960000	22
87965000	23
87970000	24
87975000	25
87980000	26
87985000	27
87990000	28
87995000	29
88000000	30
88005000	31
88010000	32
88015000	33
88020000	34
88025000	35
88030000	36
88035000	37
88040000	38
88045000	39
88050000	40
88055000	41
88060000	42
88065000	43
88070000	44
88075000	45
88080000	46
88085000	47
88090000	48
88095000	49
88100000	50
88105000	51
88110000	52
88115000	53
88120000	54
88125000	55
88130000	56
88135000	57
88140000	58
88145000	59
