87115000	0
87120000	1
87125000	2
87130000	3
87135000	4
87140000	5
87145000	6
87150000	7
87155000	8
87160000	9
87165000	10
87170000	11
87175000	12
87180000	13
87185000	14
87190000	15
87195000	16
87200000	17
87205000	18
87210000	19
87215000	20
87220000	21
87225000	22
87230000	23
87235000	24
87240000	25
87245000	26
87250000	27
87255000	28
87260000	29
87265000	30
87270000	31
87275000	32
87280000	33
87285000	34
87290000	35
87295000	36
87300000	37
87305000	38
87310000	39
87315000	40
87320000	41
87325000	42
87330000	43
87335000	44
87340000	45
87345000	46
87350000	47
87355000	48
87360000	49
87365000	50
87370000	51
87375000	52
87380000	53
87385000	54
87390000	55
87395000	56
87400000	57
87405000	58
87410000	59
87415000	60
