103920000	0
103925000	1
103930000	2
103935000	3
103940000	4
103945000	5
103950000	6
103955000	7
103960000	8
103965000	9
103970000	10
103975000	11
103980000	12
103985000	13
103990000	14
103995000	15
104000000	16
104005000	17
104010000	18
104015000	19
104020000	20
104025000	21
104030000	22
104035000	23
104040000	24
104045000	25
104050000	26
104055000	27
104060000	28
104065000	29
104070000	30
104075000	31
104080000	32
104085000	33
104090000	34
104095000	35
104100000	36
104105000	37
104110000	38
104115000	39
104120000	40
104125000	41
104130000	42
104135000	43
104140000	44
104145000	45
104150000	46
104155000	47
104160000	48
104165000	49
104170000	50
104175000	51
104180000	52
104185000	53
104190000	54
104195000	55
104200000	56
104205000	57
104210000	58
104215000	59
104220000	60
104225000	61
104230000	62
104235000	63
104240000	64
104245000	65
104250000	66
104255000	67
104260000	68
104265000	69
104270000	70
104275000	71
104280000	72
104285000	73
104290000	74
104295000	75
104300000	76
104305000	77
104310000	78
104315000	79
104320000	80
104325000	81
104330000	82
104335000	83
104340000	84
104345000	85
104350000	86
104355000	87
104360000	88
104365000	89
104370000	90
104375000	91
104380000	92
104385000	93
104390000	94
104395000	95
104400000	96
104405000	97
104410000	98
104415000	99
104420000	100
104425000	101
104430000	102
104435000	103
104440000	104
104445000	105
104450000	106
104455000	107
104460000	108
104465000	109
104470000	110
104475000	111
104480000	112
104485000	113
104490000	114
104495000	115
104500000	116
104505000	117
104510000	118
104515000	119
104520000	120
104525000	121
104530000	122
104535000	123
104540000	124
104545000	125
104550000	126
104555000	127
104560000	128
104565000	129
104570000	130
104575000	131
104580000	132
104585000	133
104590000	134
104595000	135
104600000	136
104605000	137
104610000	138
104615000	139
104620000	140
104625000	141
104630000	142
104635000	143
104640000	144
104645000	145
104650000	146
104655000	147
104660000	148
104665000	149
104670000	150
104675000	151
104680000	152
104685000	153
104690000	154
104695000	155
104700000	156
104705000	157
104710000	158
104715000	159
104720000	160
104725000	161
104730000	162
104735000	163
104740000	164
104745000	165
104750000	166
104755000	167
104760000	168
104765000	169
104770000	170
104775000	171
104780000	172
104785000	173
104790000	174
104795000	175
104800000	176
104805000	177
104810000	178
104815000	179
104820000	180
104825000	181
104830000	182
104835000	183
104840000	184
104845000	185
104850000	186
104855000	187
104860000	188
104865000	189
104870000	190
104875000	191
104880000	192
104885000	193
104890000	194
104895000	195
104900000	196
104905000	197
104910000	198
104915000	199
104920000	200
104925000	201
104930000	202
104935000	203
104940000	204
104945000	205
104950000	206
104955000	207
104960000	208
104965000	209
104970000	210
104975000	211
104980000	212
104985000	213
104990000	214
104995000	215
105000000	216
105005000	217
105010000	218
105015000	219
105020000	220
105025000	221
105030000	222
105035000	223
105040000	224
105045000	225
105050000	226
105055000	227
105060000	228
105065000	229
105070000	230
105075000	231
105080000	232
105085000	233
105090000	234
105095000	235
105100000	236
105105000	237
105110000	238
105115000	239
105120000	240
105125000	241
105130000	242
105135000	243
105140000	244
105145000	245
105150000	246
105155000	247
105160000	248
105165000	249
105170000	250
105175000	251
105180000	252
105185000	253
105190000	254
105195000	255
105200000	256
105205000	257
105210000	258
105215000	259
105220000	260
105225000	261
105230000	262
