84660000	0
84665000	1
84670000	2
84675000	3
84680000	4
84685000	5
84690000	6
84695000	7
84700000	8
84705000	9
84710000	10
84715000	11
84720000	12
84725000	13
84730000	14
84735000	15
84740000	16
84745000	17
84750000	18
84755000	19
84760000	20
84765000	21
84770000	22
84775000	23
84780000	24
84785000	25
84790000	26
84795000	27
84800000	28
84805000	29
84810000	30
84815000	31
84820000	32
84825000	33
84830000	34
84835000	35
84840000	36
84845000	37
84850000	38
84855000	39
84860000	40
84865000	41
84870000	42
84875000	43
84880000	44
84885000	45
84890000	46
84895000	47
84900000	48
84905000	49
84910000	50
84915000	51
84920000	52
84925000	53
84930000	54
84935000	55
84940000	56
84945000	57
84950000	58
84955000	59
84960000	60
84965000	61
84970000	62
84975000	63
84980000	64
84985000	65
84990000	66
84995000	67
85000000	68
85005000	69
85010000	70
85015000	71
85020000	72
85025000	73
85030000	74
85035000	75
85040000	76
85045000	77
85050000	78
85055000	79
85060000	80
85065000	81
85070000	82
85075000	83
85080000	84
85085000	85
85090000	86
85095000	87
85100000	88
85105000	89
85110000	90
85115000	91
85120000	92
85125000	93
85130000	94
85135000	95
85140000	96
85145000	97
85150000	98
85155000	99
85160000	100
85165000	101
85170000	102
85175000	103
85180000	104
85185000	105
85190000	106
85195000	107
85200000	108
85205000	109
85210000	110
85215000	111
85220000	112
85225000	113
85230000	114
85235000	115
85240000	116
85245000	117
85250000	118
85255000	119
85260000	120
85265000	121
85270000	122
85275000	123
85280000	124
85285000	125
85290000	126
85295000	127
85300000	128
85305000	129
85310000	130
85315000	131
85320000	132
85325000	133
85330000	134
85335000	135
85340000	136
85345000	137
85350000	138
85355000	139
85360000	140
85365000	141
85370000	142
85375000	143
85380000	144
85385000	145
85390000	146
85395000	147
85400000	148
85405000	149
85410000	150
85415000	151
85420000	152
85425000	153
85430000	154
85435000	155
85440000	156
85445000	157
85450000	158
85455000	159
85460000	160
85465000	161
85470000	162
85475000	163
85480000	164
85485000	165
85490000	166
