83020000	0
83025000	1
83030000	2
83035000	3
83040000	4
83045000	5
83050000	6
83055000	7
83060000	8
83065000	9
83070000	10
83075000	11
83080000	12
83085000	13
83090000	14
83095000	15
83100000	16
83105000	17
83110000	18
83115000	19
83120000	20
83125000	21
83130000	22
83135000	23
83140000	24
83145000	25
83150000	26
83155000	27
83160000	28
83165000	29
83170000	30
83175000	31
83180000	32
83185000	33
83190000	34
83195000	35
83200000	36
83205000	37
83210000	38
83215000	39
83220000	40
83225000	41
83230000	42
83235000	43
83240000	44
83245000	45
83250000	46
83255000	47
83260000	48
83265000	49
83270000	50
83275000	51
83280000	52
83285000	53
83290000	54
83295000	55
83300000	56
83305000	57
83310000	58
83315000	59
83320000	60
83325000	61
83330000	62
83335000	63
83340000	64
83345000	65
83350000	66
83355000	67
83360000	68
83365000	69
83370000	70
83375000	71
83380000	72
83385000	73
83390000	74
83395000	75
83400000	76
83405000	77
83410000	78
83415000	79
83420000	80
83425000	81
83430000	82
83435000	83
83440000	84
83445000	85
83450000	86
83455000	87
83460000	88
83465000	89
83470000	90
83475000	91
83480000	92
83485000	93
83490000	94
83495000	95
83500000	96
83505000	97
83510000	98
83515000	99
83520000	100
83525000	101
83530000	102
83535000	103
83540000	104
83545000	105
83550000	106
83555000	107
83560000	108
