101330000	0
101335000	1
101340000	2
101345000	3
101350000	4
101355000	5
101360000	6
101365000	7
101370000	8
101375000	9
101380000	10
101385000	11
101390000	12
101395000	13
101400000	14
101405000	15
101410000	16
101415000	17
101420000	18
101425000	19
101430000	20
101435000	21
101440000	22
101445000	23
101450000	24
101455000	25
101460000	26
101465000	27
101470000	28
101475000	29
101480000	30
101485000	31
101490000	32
101495000	33
101500000	34
101505000	35
101510000	36
101515000	37
101520000	38
101525000	39
101530000	40
101535000	41
101540000	42
101545000	43
101550000	44
101555000	45
101560000	46
101565000	47
101570000	48
101575000	49
101580000	50
101585000	51
101590000	52
101595000	53
101600000	54
101605000	55
101610000	56
101615000	57
101620000	58
101625000	59
101630000	60
101635000	61
101640000	62
101645000	63
101650000	64
101655000	65
101660000	66
101665000	67
101670000	68
101675000	69
101680000	70
101685000	71
101690000	72
101695000	73
101700000	74
101705000	75
101710000	76
101715000	77
101720000	78
101725000	79
101730000	80
101735000	81
101740000	82
101745000	83
101750000	84
101755000	85
101760000	86
101765000	87
101770000	88
101775000	89
101780000	90
101785000	91
101790000	92
101795000	93
101800000	94
101805000	95
101810000	96
101815000	97
101820000	98
101825000	99
101830000	100
101835000	101
101840000	102
101845000	103
101850000	104
101855000	105
101860000	106
101865000	107
101870000	108
101875000	109
