142715000	0
142720000	1
142725000	2
142730000	3
142735000	4
142740000	5
142745000	6
142750000	7
142755000	8
142760000	9
142765000	10
142770000	11
142775000	12
142780000	13
142785000	14
142790000	15
142795000	16
142800000	17
142805000	18
142810000	19
142815000	20
142820000	21
142825000	22
142830000	23
142835000	24
142840000	25
142845000	26
142850000	27
142855000	28
142860000	29
142865000	30
142870000	31
142875000	32
142880000	33
142885000	34
142890000	35
142895000	36
142900000	37
142905000	38
142910000	39
142915000	40
142920000	41
142925000	42
142930000	43
142935000	44
142940000	45
142945000	46
142950000	47
142955000	48
142960000	49
142965000	50
142970000	51
142975000	52
142980000	53
142985000	54
142990000	55
142995000	56
143000000	57
143005000	58
143010000	59
143015000	60
143020000	61
143025000	62
143030000	63
143035000	64
143040000	65
143045000	66
143050000	67
143055000	68
143060000	69
143065000	70
143070000	71
143075000	72
143080000	73
143085000	74
143090000	75
143095000	76
143100000	77
143105000	78
143110000	79
