24315000	0
24320000	1
24325000	2
24330000	3
24335000	4
24340000	5
24345000	6
24350000	7
24355000	8
24360000	9
24365000	10
24370000	11
24375000	12
24380000	13
24385000	14
24390000	15
24395000	16
24400000	17
24405000	18
24410000	19
24415000	20
24420000	21
24425000	22
24430000	23
24435000	24
24440000	25
24445000	26
24450000	27
24455000	28
24460000	29
24465000	30
24470000	31
24475000	32
24480000	33
24485000	34
24490000	35
24495000	36
24500000	37
24505000	38
24510000	39
24515000	40
24520000	41
24525000	42
24530000	43
24535000	44
24540000	45
24545000	46
24550000	47
24555000	48
24560000	49
24565000	50
24570000	51
24575000	52
24580000	53
24585000	54
24590000	55
24595000	56
24600000	57
24605000	58
24610000	59
24615000	60
24620000	61
24625000	62
24630000	63
24635000	64
24640000	65
24645000	66
24650000	67
24655000	68
24660000	69
24665000	70
24670000	71
24675000	72
24680000	73
24685000	74
24690000	75
24695000	76
24700000	77
24705000	78
24710000	79
24715000	80
24720000	81
24725000	82
24730000	83
24735000	84
24740000	85
24745000	86
24750000	87
24755000	88
24760000	89
24765000	90
24770000	91
24775000	92
24780000	93
24785000	94
24790000	95
24795000	96
24800000	97
24805000	98
24810000	99
24815000	100
24820000	101
24825000	102
24830000	103
24835000	104
24840000	105
24845000	106
24850000	107
24855000	108
24860000	109
24865000	110
24870000	111
24875000	112
24880000	113
24885000	114
24890000	115
24895000	116
24900000	117
24905000	118
24910000	119
24915000	120
24920000	121
24925000	122
24930000	123
24935000	124
24940000	125
24945000	126
24950000	127
24955000	128
24960000	129
24965000	130
24970000	131
24975000	132
24980000	133
24985000	134
24990000	135
24995000	136
25000000	137
25005000	138
25010000	139
25015000	140
25020000	141
25025000	142
25030000	143
25035000	144
25040000	145
25045000	146
25050000	147
25055000	148
25060000	149
25065000	150
25070000	151
25075000	152
25080000	153
25085000	154
25090000	155
25095000	156
25100000	157
25105000	158
25110000	159
25115000	160
25120000	161
25125000	162
25130000	163
25135000	164
25140000	165
25145000	166
25150000	167
25155000	168
