127325000	0
127330000	1
127335000	2
127340000	3
127345000	4
127350000	5
127355000	6
127360000	7
127365000	8
127370000	9
127375000	10
127380000	11
127385000	12
127390000	13
127395000	14
127400000	15
127405000	16
127410000	17
127415000	18
127420000	19
127425000	20
127430000	21
127435000	22
127440000	23
127445000	24
127450000	25
127455000	26
127460000	27
127465000	28
127470000	29
127475000	30
127480000	31
127485000	32
127490000	33
127495000	34
127500000	35
127505000	36
127510000	37
127515000	38
127520000	39
127525000	40
127530000	41
127535000	42
127540000	43
127545000	44
127550000	45
127555000	46
127560000	47
127565000	48
127570000	49
127575000	50
127580000	51
127585000	52
127590000	53
127595000	54
127600000	55
127605000	56
127610000	57
127615000	58
127620000	59
127625000	60
127630000	61
127635000	62
127640000	63
127645000	64
127650000	65
127655000	66
127660000	67
127665000	68
127670000	69
127675000	70
127680000	71
127685000	72
127690000	73
127695000	74
127700000	75
127705000	76
127710000	77
127715000	78
127720000	79
127725000	80
127730000	81
127735000	82
127740000	83
127745000	84
127750000	85
127755000	86
127760000	87
127765000	88
127770000	89
127775000	90
127780000	91
127785000	92
127790000	93
127795000	94
127800000	95
127805000	96
127810000	97
127815000	98
127820000	99
127825000	100
127830000	101
127835000	102
127840000	103
127845000	104
127850000	105
127855000	106
127860000	107
127865000	108
127870000	109
127875000	110
127880000	111
127885000	112
127890000	113
127895000	114
127900000	115
127905000	116
127910000	117
127915000	118
127920000	119
127925000	120
