79675000	0
79680000	1
79685000	2
79690000	3
79695000	4
79700000	5
79705000	6
79710000	7
79715000	8
79720000	9
79725000	10
79730000	11
79735000	12
79740000	13
79745000	14
79750000	15
79755000	16
79760000	17
79765000	18
79770000	19
79775000	20
79780000	21
79785000	22
79790000	23
79795000	24
79800000	25
79805000	26
79810000	27
79815000	28
79820000	29
79825000	30
79830000	31
79835000	32
79840000	33
79845000	34
79850000	35
79855000	36
79860000	37
79865000	38
79870000	39
79875000	40
79880000	41
79885000	42
79890000	43
79895000	44
79900000	45
79905000	46
79910000	47
79915000	48
79920000	49
79925000	50
79930000	51
79935000	52
79940000	53
79945000	54
79950000	55
79955000	56
79960000	57
79965000	58
79970000	59
79975000	60
79980000	61
79985000	62
79990000	63
79995000	64
80000000	65
80005000	66
80010000	67
80015000	68
80020000	69
80025000	70
80030000	71
80035000	72
80040000	73
80045000	74
80050000	75
80055000	76
80060000	77
80065000	78
80070000	79
80075000	80
80080000	81
80085000	82
80090000	83
80095000	84
80100000	85
80105000	86
80110000	87
80115000	88
80120000	89
80125000	90
80130000	91
80135000	92
80140000	93
80145000	94
80150000	95
80155000	96
80160000	97
80165000	98
80170000	99
80175000	100
80180000	101
80185000	102
80190000	103
80195000	104
80200000	105
80205000	106
80210000	107
80215000	108
80220000	109
80225000	110
80230000	111
80235000	112
80240000	113
80245000	114
80250000	115
80255000	116
80260000	117
80265000	118
80270000	119
80275000	120
80280000	121
80285000	122
80290000	123
80295000	124
80300000	125
80305000	126
80310000	127
80315000	128
80320000	129
