87265000	0
87270000	1
87275000	2
87280000	3
87285000	4
87290000	5
87295000	6
87300000	7
87305000	8
87310000	9
87315000	10
87320000	11
87325000	12
87330000	13
87335000	14
87340000	15
87345000	16
87350000	17
87355000	18
87360000	19
87365000	20
87370000	21
87375000	22
87380000	23
87385000	24
87390000	25
87395000	26
87400000	27
87405000	28
87410000	29
87415000	30
87420000	31
87425000	32
87430000	33
87435000	34
87440000	35
87445000	36
87450000	37
87455000	38
87460000	39
87465000	40
87470000	41
87475000	42
87480000	43
87485000	44
87490000	45
87495000	46
87500000	47
87505000	48
87510000	49
87515000	50
87520000	51
87525000	52
87530000	53
87535000	54
87540000	55
87545000	56
87550000	57
87555000	58
87560000	59
87565000	60
87570000	61
87575000	62
87580000	63
87585000	64
87590000	65
87595000	66
87600000	67
87605000	68
87610000	69
87615000	70
87620000	71
87625000	72
87630000	73
87635000	74
87640000	75
87645000	76
87650000	77
87655000	78
87660000	79
87665000	80
87670000	81
87675000	82
87680000	83
87685000	84
87690000	85
87695000	86
87700000	87
87705000	88
87710000	89
87715000	90
87720000	91
87725000	92
87730000	93
87735000	94
87740000	95
87745000	96
87750000	97
87755000	98
87760000	99
87765000	100
87770000	101
87775000	102
87780000	103
87785000	104
87790000	105
87795000	106
87800000	107
87805000	108
87810000	109
87815000	110
87820000	111
87825000	112
87830000	113
87835000	114
87840000	115
87845000	116
