107175000	0
107176000	1
107177000	2
107178000	3
107179000	4
107180000	5
107181000	6
107182000	7
107183000	8
107184000	9
107185000	10
107186000	11
107187000	12
107188000	13
107189000	14
107190000	15
107191000	16
107192000	17
107193000	18
107194000	19
107195000	20
107196000	21
107197000	22
107198000	23
107199000	24
107200000	25
107201000	26
107202000	27
107203000	28
107204000	29
107205000	30
107206000	31
107207000	32
107208000	33
107209000	34
107210000	35
107211000	36
107212000	37
107213000	38
107214000	39
107215000	40
107216000	41
107217000	42
107218000	43
107219000	44
107220000	45
107221000	46
107222000	47
107223000	48
107224000	49
107225000	50
107226000	51
107227000	52
107228000	53
107229000	54
107230000	55
107231000	56
107232000	57
107233000	58
107234000	59
107235000	60
107238000	61
107239000	62
107240000	63
107241000	64
107242000	65
107243000	66
107244000	67
107245000	68
107249000	69
107250000	70
107251000	71
107252000	72
107253000	73
107254000	74
107255000	75
107256000	76
107257000	77
107258000	78
107259000	79
107260000	80
107261000	81
107262000	82
107263000	83
107264000	84
107265000	85
107266000	86
107267000	87
107268000	88
107269000	89
107270000	90
107271000	91
107272000	92
107273000	93
107274000	94
107275000	95
107276000	96
107277000	97
107278000	98
107279000	99
107280000	100
107281000	101
107282000	102
107283000	103
107284000	104
107285000	105
107286000	106
107287000	107
107288000	108
107289000	109
107290000	110
107291000	111
107292000	112
107293000	113
107294000	114
107295000	115
107296000	116
107297000	117
107298000	118
107299000	119
107300000	120
107301000	121
107302000	122
107303000	123
107304000	124
107305000	125
107306000	126
107307000	127
107308000	128
107309000	129
107310000	130
107311000	131
107312000	132
107313000	133
107314000	134
107315000	135
107316000	136
107317000	137
107318000	138
107319000	139
107320000	140
107321000	141
107322000	142
107323000	143
107324000	144
107325000	145
107326000	146
107327000	147
107328000	148
107329000	149
107330000	150
