14385000	0
14390000	1
14395000	2
14400000	3
14405000	4
14410000	5
14415000	6
14420000	7
14425000	8
14430000	9
14435000	10
14440000	11
14445000	12
14450000	13
14455000	14
14460000	15
14465000	16
14470000	17
14475000	18
14480000	19
14485000	20
14490000	21
14495000	22
14500000	23
14505000	24
14510000	25
14515000	26
14520000	27
14525000	28
14530000	29
14535000	30
14540000	31
14545000	32
14550000	33
14555000	34
14560000	35
14565000	36
14570000	37
14575000	38
14580000	39
14585000	40
14590000	41
14595000	42
14600000	43
14605000	44
14610000	45
14615000	46
14620000	47
14625000	48
14630000	49
14635000	50
14640000	51
14645000	52
14650000	53
14655000	54
14660000	55
14665000	56
14670000	57
14675000	58
14680000	59
14685000	60
14690000	61
14695000	62
14700000	63
14705000	64
14710000	65
14715000	66
14720000	67
14725000	68
14730000	69
14735000	70
14740000	71
14745000	72
14750000	73
14755000	74
14760000	75
14765000	76
14770000	77
14775000	78
14780000	79
14865000	80
14870000	81
14895000	82
14905000	83
14910000	84
14920000	85
14925000	86
14930000	87
14935000	88
14940000	89
14945000	90
14950000	91
14960000	92
14965000	93
14970000	94
14980000	95
14985000	96
15005000	97
15045000	98
15050000	99
15055000	100
15060000	101
15065000	102
15070000	103
15075000	104
15080000	105
15085000	106
15090000	107
15095000	108
15100000	109
15105000	110
15110000	111
15115000	112
15120000	113
15125000	114
15130000	115
15135000	116
15140000	117
15145000	118
15150000	119
15155000	120
15160000	121
15165000	122
15170000	123
15175000	124
15180000	125
15185000	126
15190000	127
15195000	128
15200000	129
15205000	130
15215000	131
15220000	132
15225000	133
15230000	134
15235000	135
15240000	136
15250000	137
15255000	138
15260000	139
15265000	140
15270000	141
15275000	142
15280000	143
15285000	144
15295000	145
15300000	146
15310000	147
15315000	148
15320000	149
15325000	150
15355000	151
15365000	152
15375000	153
15380000	154
15395000	155
15400000	156
15405000	157
15410000	158
15415000	159
15460000	160
15465000	161
15470000	162
15475000	163
15480000	164
15485000	165
15490000	166
15495000	167
15500000	168
15505000	169
15510000	170
15515000	171
15520000	172
15525000	173
15530000	174
15535000	175
15540000	176
15545000	177
15550000	178
15555000	179
15560000	180
15565000	181
15570000	182
15575000	183
15580000	184
15585000	185
15590000	186
15595000	187
15600000	188
15605000	189
15610000	190
15615000	191
15620000	192
15625000	193
15630000	194
15635000	195
15640000	196
15645000	197
15650000	198
15655000	199
15660000	200
15665000	201
15670000	202
15675000	203
