144560000	0
144565000	1
144570000	2
144575000	3
144580000	4
144585000	5
144590000	6
144595000	7
144600000	8
144605000	9
144610000	10
144615000	11
144620000	12
144625000	13
144630000	14
144635000	15
144640000	16
144645000	17
144650000	18
144655000	19
144660000	20
144665000	21
144670000	22
144675000	23
144680000	24
144685000	25
144690000	26
144695000	27
144700000	28
144705000	29
144710000	30
144715000	31
144720000	32
144725000	33
144730000	34
144735000	35
144740000	36
144745000	37
144750000	38
144755000	39
144760000	40
144765000	41
144770000	42
144775000	43
144780000	44
144785000	45
144790000	46
144795000	47
144800000	48
144805000	49
144810000	50
144815000	51
144820000	52
144825000	53
144830000	54
144835000	55
144840000	56
144845000	57
144850000	58
144855000	59
144860000	60
144865000	61
144870000	62
144875000	63
144880000	64
144885000	65
144890000	66
144895000	67
144900000	68
144905000	69
144910000	70
144915000	71
144920000	72
144925000	73
144930000	74
144935000	75
144940000	76
144945000	77
144950000	78
144955000	79
144960000	80
144965000	81
144970000	82
144975000	83
144980000	84
144985000	85
144990000	86
144995000	87
145000000	88
145005000	89
145010000	90
145015000	91
145020000	92
145025000	93
145030000	94
145035000	95
145040000	96
145045000	97
145050000	98
145055000	99
145060000	100
145065000	101
145070000	102
145075000	103
145080000	104
145085000	105
145090000	106
145095000	107
145100000	108
145105000	109
145110000	110
145115000	111
145120000	112
145125000	113
145130000	114
145135000	115
145140000	116
145145000	117
145150000	118
145155000	119
145160000	120
145165000	121
145170000	122
145175000	123
145180000	124
145185000	125
145190000	126
145195000	127
145200000	128
145205000	129
145210000	130
145215000	131
145220000	132
145225000	133
145230000	134
145235000	135
145240000	136
145245000	137
145250000	138
145255000	139
145260000	140
145265000	141
145270000	142
145275000	143
145280000	144
145285000	145
145290000	146
145295000	147
145300000	148
145305000	149
145310000	150
145315000	151
145320000	152
145325000	153
145330000	154
145335000	155
145340000	156
145345000	157
145350000	158
145355000	159
145360000	160
145365000	161
145370000	162
145375000	163
145380000	164
145385000	165
145390000	166
145395000	167
145400000	168
145405000	169
145410000	170
145415000	171
145420000	172
145425000	173
145430000	174
145435000	175
145440000	176
145445000	177
145450000	178
145455000	179
145460000	180
145465000	181
145470000	182
145475000	183
145480000	184
145485000	185
145490000	186
145495000	187
145500000	188
145505000	189
145510000	190
145515000	191
145520000	192
145525000	193
145530000	194
145535000	195
145540000	196
145545000	197
145550000	198
145555000	199
145560000	200
145565000	201
145570000	202
145575000	203
145580000	204
145585000	205
145590000	206
145595000	207
145600000	208
145605000	209
145610000	210
145615000	211
145620000	212
145625000	213
145630000	214
145635000	215
145640000	216
145645000	217
145650000	218
145655000	219
145660000	220
145665000	221
145670000	222
145675000	223
145680000	224
145685000	225
145690000	226
145695000	227
145700000	228
145705000	229
145710000	230
145715000	231
145720000	232
145725000	233
145730000	234
145735000	235
145740000	236
145745000	237
145750000	238
145755000	239
145760000	240
145765000	241
145770000	242
145775000	243
145780000	244
145785000	245
145790000	246
145795000	247
145800000	248
145805000	249
145810000	250
145815000	251
145820000	252
145825000	253
145830000	254
145835000	255
145840000	256
145845000	257
145850000	258
145855000	259
145860000	260
145865000	261
145870000	262
145875000	263
145880000	264
145885000	265
145890000	266
145895000	267
145900000	268
145905000	269
145910000	270
145915000	271
145920000	272
145925000	273
145930000	274
145935000	275
145940000	276
145945000	277
145950000	278
145955000	279
145960000	280
145965000	281
145970000	282
145975000	283
145980000	284
145985000	285
145990000	286
145995000	287
146000000	288
146005000	289
146010000	290
146015000	291
146020000	292
146025000	293
146030000	294
146035000	295
146040000	296
146045000	297
146050000	298
146055000	299
146060000	300
146065000	301
146070000	302
146075000	303
146080000	304
146085000	305
146090000	306
146095000	307
146100000	308
146105000	309
146110000	310
146115000	311
146120000	312
146125000	313
146130000	314
146135000	315
146140000	316
146145000	317
146150000	318
146155000	319
146160000	320
146165000	321
146170000	322
146175000	323
146180000	324
146185000	325
146190000	326
146195000	327
146200000	328
146205000	329
146210000	330
146215000	331
146220000	332
146225000	333
146230000	334
146235000	335
146240000	336
146245000	337
146250000	338
146255000	339
146260000	340
146265000	341
146270000	342
146275000	343
146280000	344
146285000	345
146290000	346
146295000	347
146300000	348
146305000	349
146310000	350
146315000	351
146320000	352
146325000	353
146330000	354
146335000	355
146340000	356
146345000	357
146350000	358
146355000	359
146360000	360
146365000	361
146370000	362
146375000	363
146380000	364
146385000	365
146390000	366
146395000	367
146400000	368
146405000	369
146410000	370
146415000	371
146420000	372
146425000	373
146430000	374
146435000	375
146440000	376
146445000	377
146450000	378
146455000	379
146460000	380
146465000	381
146470000	382
146475000	383
146480000	384
146485000	385
146490000	386
146495000	387
146500000	388
146505000	389
146510000	390
146515000	391
146520000	392
146525000	393
146530000	394
146535000	395
146540000	396
146545000	397
146550000	398
146555000	399
146560000	400
146565000	401
146570000	402
146575000	403
146580000	404
146585000	405
146590000	406
146595000	407
146600000	408
146605000	409
146610000	410
146615000	411
146620000	412
146625000	413
146630000	414
146635000	415
146640000	416
146645000	417
146650000	418
146655000	419
146660000	420
146665000	421
146670000	422
146675000	423
146680000	424
146685000	425
146690000	426
146695000	427
146700000	428
146705000	429
146710000	430
146715000	431
146720000	432
146725000	433
146730000	434
146735000	435
146740000	436
146745000	437
146750000	438
146755000	439
146760000	440
146765000	441
146770000	442
146775000	443
146780000	444
146785000	445
146790000	446
146795000	447
146800000	448
146805000	449
146810000	450
146815000	451
146820000	452
146825000	453
146830000	454
146835000	455
146840000	456
146845000	457
146850000	458
146855000	459
146860000	460
146865000	461
146870000	462
146875000	463
146880000	464
146885000	465
146890000	466
146895000	467
146900000	468
146905000	469
146910000	470
146915000	471
146920000	472
146925000	473
146930000	474
146935000	475
146940000	476
146945000	477
146950000	478
146955000	479
146960000	480
146965000	481
146970000	482
146975000	483
146980000	484
146985000	485
146990000	486
146995000	487
147000000	488
147005000	489
147010000	490
147015000	491
147020000	492
147025000	493
147030000	494
147035000	495
147040000	496
147045000	497
147050000	498
147055000	499
147060000	500
147065000	501
147070000	502
147075000	503
147080000	504
147085000	505
147090000	506
147095000	507
147100000	508
147105000	509
147110000	510
147115000	511
147120000	512
147125000	513
147130000	514
147135000	515
147140000	516
147145000	517
147150000	518
147155000	519
147160000	520
147165000	521
147170000	522
147175000	523
147180000	524
147185000	525
147190000	526
147195000	527
147200000	528
147205000	529
147210000	530
147215000	531
147220000	532
147225000	533
147230000	534
147235000	535
147240000	536
147245000	537
147250000	538
147255000	539
147260000	540
147265000	541
147270000	542
147275000	543
147280000	544
147285000	545
147290000	546
147295000	547
147300000	548
147305000	549
147310000	550
147315000	551
147320000	552
147325000	553
147330000	554
147335000	555
147340000	556
147345000	557
147350000	558
147355000	559
147360000	560
147365000	561
147370000	562
147375000	563
147380000	564
147385000	565
147390000	566
147395000	567
147400000	568
147405000	569
147410000	570
147415000	571
147420000	572
147425000	573
147430000	574
147435000	575
147440000	576
147445000	577
147450000	578
147455000	579
147460000	580
147465000	581
147470000	582
147475000	583
147480000	584
147485000	585
147490000	586
147495000	587
147500000	588
147505000	589
147510000	590
147515000	591
147520000	592
147525000	593
147530000	594
147535000	595
147545000	596
147550000	597
147555000	598
147560000	599
147565000	600
147570000	601
147575000	602
147580000	603
147585000	604
147590000	605
147595000	606
147600000	607
147605000	608
147610000	609
147615000	610
147620000	611
147625000	612
147630000	613
147635000	614
147640000	615
147645000	616
147650000	617
147655000	618
147660000	619
147665000	620
147670000	621
147675000	622
147680000	623
147685000	624
147690000	625
147695000	626
147700000	627
147705000	628
147710000	629
147715000	630
147720000	631
147725000	632
147730000	633
147735000	634
147740000	635
147745000	636
147750000	637
147755000	638
147760000	639
147765000	640
147770000	641
147775000	642
147780000	643
147785000	644
147790000	645
147795000	646
147800000	647
147805000	648
147810000	649
147815000	650
147820000	651
147825000	652
147830000	653
147835000	654
147840000	655
147845000	656
147850000	657
147855000	658
147860000	659
147865000	660
147870000	661
147875000	662
147880000	663
147885000	664
147890000	665
147895000	666
147900000	667
147905000	668
147910000	669
147915000	670
147920000	671
147925000	672
147930000	673
147935000	674
147940000	675
147945000	676
147950000	677
147955000	678
