63900000	0
63905000	1
63910000	2
63915000	3
63920000	4
63925000	5
63930000	6
63935000	7
63940000	8
63945000	9
63950000	10
63955000	11
63960000	12
63965000	13
63970000	14
63975000	15
63980000	16
63985000	17
63990000	18
63995000	19
64000000	20
64005000	21
64010000	22
64015000	23
64020000	24
64025000	25
64030000	26
64035000	27
64040000	28
64045000	29
64050000	30
64055000	31
64060000	32
64065000	33
64070000	34
64075000	35
64080000	36
64085000	37
64090000	38
64095000	39
64100000	40
64105000	41
64110000	42
64115000	43
64120000	44
64125000	45
64130000	46
64135000	47
64140000	48
64145000	49
64150000	50
64155000	51
64160000	52
64165000	53
64170000	54
64175000	55
64180000	56
64185000	57
64190000	58
64195000	59
64200000	60
64205000	61
64210000	62
64215000	63
64220000	64
64225000	65
64230000	66
64235000	67
64240000	68
64245000	69
64250000	70
64255000	71
64260000	72
64265000	73
64270000	74
64275000	75
64280000	76
64285000	77
64290000	78
64295000	79
64300000	80
64305000	81
64310000	82
64315000	83
64320000	84
64325000	85
64330000	86
64335000	87
64340000	88
64345000	89
64350000	90
64355000	91
64360000	92
64365000	93
64370000	94
64375000	95
64380000	96
64385000	97
64390000	98
64395000	99
64400000	100
64405000	101
64410000	102
64415000	103
64420000	104
64425000	105
64430000	106
64435000	107
64440000	108
64445000	109
64450000	110
64455000	111
64460000	112
64465000	113
64470000	114
64475000	115
64480000	116
64485000	117
64490000	118
64495000	119
64500000	120
64505000	121
64510000	122
64515000	123
64520000	124
64525000	125
64530000	126
64535000	127
64540000	128
64545000	129
64550000	130
64555000	131
64560000	132
64565000	133
64570000	134
64575000	135
64580000	136
64585000	137
64590000	138
64595000	139
64600000	140
64605000	141
64610000	142
64615000	143
64620000	144
64625000	145
64630000	146
64635000	147
64640000	148
64645000	149
64650000	150
64655000	151
64660000	152
64665000	153
64670000	154
64675000	155
64680000	156
64685000	157
64690000	158
64695000	159
64700000	160
64705000	161
64710000	162
64715000	163
64720000	164
64725000	165
64730000	166
64735000	167
64740000	168
64745000	169
64750000	170
64755000	171
64760000	172
64765000	173
64770000	174
64775000	175
64780000	176
64785000	177
64790000	178
64795000	179
64800000	180
64805000	181
64810000	182
64815000	183
64820000	184
64825000	185
64830000	186
64835000	187
64840000	188
64845000	189
64850000	190
64855000	191
64860000	192
64865000	193
64870000	194
64875000	195
64880000	196
64885000	197
64890000	198
64895000	199
64900000	200
64905000	201
64910000	202
64915000	203
64920000	204
64925000	205
64930000	206
64935000	207
64940000	208
64945000	209
64950000	210
64955000	211
64960000	212
64965000	213
64970000	214
64975000	215
64980000	216
64985000	217
64990000	218
64995000	219
65000000	220
65005000	221
65010000	222
65015000	223
65020000	224
65025000	225
65030000	226
65035000	227
65040000	228
65045000	229
65050000	230
65055000	231
65060000	232
65065000	233
65070000	234
65075000	235
65080000	236
65085000	237
65090000	238
65095000	239
65100000	240
65105000	241
65110000	242
65115000	243
65120000	244
65125000	245
65130000	246
65135000	247
65140000	248
65145000	249
65150000	250
65155000	251
65160000	252
65165000	253
65170000	254
65175000	255
65180000	256
65185000	257
65190000	258
65195000	259
65200000	260
65205000	261
65210000	262
65215000	263
65220000	264
65225000	265
65230000	266
65235000	267
65240000	268
65245000	269
65250000	270
65255000	271
65260000	272
65265000	273
65270000	274
65275000	275
65280000	276
65285000	277
65290000	278
65295000	279
65300000	280
65305000	281
65310000	282
65315000	283
