99520000	0
99525000	1
99530000	2
99535000	3
99540000	4
99545000	5
99550000	6
99555000	7
99560000	8
99565000	9
99570000	10
99575000	11
99580000	12
99585000	13
99590000	14
99595000	15
99600000	16
99605000	17
99610000	18
99615000	19
99620000	20
99625000	21
99630000	22
99635000	23
99640000	24
99645000	25
99650000	26
99655000	27
99660000	28
99665000	29
99670000	30
99675000	31
99680000	32
99685000	33
99690000	34
99695000	35
99700000	36
99705000	37
99710000	38
99715000	39
99720000	40
99725000	41
99730000	42
99735000	43
99740000	44
99745000	45
99750000	46
99755000	47
99760000	48
99765000	49
99770000	50
99775000	51
99780000	52
99785000	53
99790000	54
99795000	55
99800000	56
99805000	57
99810000	58
99815000	59
99820000	60
99825000	61
99830000	62
99835000	63
99840000	64
99845000	65
99850000	66
99855000	67
99860000	68
99865000	69
99870000	70
99875000	71
99880000	72
99885000	73
99890000	74
99895000	75
99900000	76
99905000	77
99910000	78
99915000	79
99920000	80
99925000	81
99930000	82
99935000	83
99940000	84
99945000	85
99950000	86
99955000	87
99960000	88
99965000	89
99970000	90
99975000	91
99980000	92
99985000	93
99990000	94
99995000	95
100000000	96
100005000	97
100010000	98
100015000	99
100020000	100
100025000	101
100030000	102
100035000	103
100040000	104
100045000	105
100050000	106
100055000	107
100060000	108
100065000	109
100070000	110
100075000	111
100080000	112
100085000	113
100090000	114
100095000	115
100100000	116
100105000	117
100110000	118
100115000	119
100120000	120
100125000	121
100130000	122
100135000	123
100140000	124
100145000	125
100150000	126
100155000	127
100160000	128
100165000	129
100170000	130
100175000	131
100180000	132
100185000	133
100190000	134
100195000	135
100200000	136
100205000	137
100210000	138
100215000	139
