152165000	0
152170000	1
152175000	2
152180000	3
152185000	4
152190000	5
152195000	6
152200000	7
152205000	8
152210000	9
152215000	10
152220000	11
152225000	12
152230000	13
152235000	14
152240000	15
152245000	16
152250000	17
152255000	18
152260000	19
152265000	20
152270000	21
152275000	22
152280000	23
152285000	24
152290000	25
152295000	26
152300000	27
152305000	28
152310000	29
152315000	30
152320000	31
152325000	32
152330000	33
152335000	34
152340000	35
152345000	36
152350000	37
152355000	38
152360000	39
152365000	40
152370000	41
