52355000	0
52360000	1
52365000	2
52370000	3
52375000	4
52380000	5
52385000	6
52390000	7
52395000	8
52400000	9
52405000	10
52410000	11
52415000	12
52420000	13
52425000	14
52430000	15
52435000	16
52440000	17
52445000	18
52450000	19
52455000	20
52460000	21
52465000	22
52470000	23
52475000	24
52480000	25
52485000	26
52490000	27
52495000	28
52500000	29
52505000	30
52510000	31
52515000	32
52520000	33
52525000	34
52530000	35
52535000	36
52540000	37
52545000	38
52550000	39
52555000	40
52560000	41
52565000	42
52570000	43
52575000	44
52580000	45
52585000	46
52590000	47
52595000	48
52600000	49
52605000	50
52610000	51
52615000	52
52620000	53
52625000	54
52630000	55
52635000	56
52640000	57
52645000	58
52650000	59
52655000	60
52660000	61
52665000	62
