50360000	0
50365000	1
50370000	2
50375000	3
50380000	4
50385000	5
50390000	6
50395000	7
50400000	8
50405000	9
50410000	10
50415000	11
50420000	12
50425000	13
50430000	14
50435000	15
50440000	16
50445000	17
50450000	18
50455000	19
50460000	20
50465000	21
50470000	22
50475000	23
50480000	24
50485000	25
50490000	26
50495000	27
50500000	28
50505000	29
50510000	30
50515000	31
50520000	32
50525000	33
50530000	34
50535000	35
50540000	36
50545000	37
50550000	38
50555000	39
50560000	40
50565000	41
50570000	42
50575000	43
50580000	44
50585000	45
50590000	46
50595000	47
50600000	48
50605000	49
50610000	50
50615000	51
50620000	52
50625000	53
50630000	54
50635000	55
50640000	56
50645000	57
50650000	58
50655000	59
50660000	60
50665000	61
50670000	62
50675000	63
50680000	64
50685000	65
50690000	66
50695000	67
50700000	68
50705000	69
50710000	70
50715000	71
50720000	72
50725000	73
50730000	74
50735000	75
50740000	76
50745000	77
50750000	78
50755000	79
50760000	80
50765000	81
50770000	82
50775000	83
50780000	84
50785000	85
50790000	86
50795000	87
50800000	88
50805000	89
50810000	90
50815000	91
50820000	92
50825000	93
50830000	94
50835000	95
50840000	96
50845000	97
50850000	98
50855000	99
50860000	100
50865000	101
50870000	102
50875000	103
50880000	104
50885000	105
50890000	106
50895000	107
50900000	108
50905000	109
50910000	110
50915000	111
50920000	112
50925000	113
50930000	114
50935000	115
50940000	116
50945000	117
50950000	118
50955000	119
50960000	120
50965000	121
50970000	122
50975000	123
50980000	124
50985000	125
50990000	126
50995000	127
51000000	128
51005000	129
51010000	130
51015000	131
51020000	132
51025000	133
51030000	134
51035000	135
