109400000	0
109405000	1
109410000	2
109415000	3
109420000	4
109425000	5
109430000	6
109435000	7
109440000	8
109445000	9
109450000	10
109455000	11
109460000	12
109465000	13
109470000	14
109475000	15
109480000	16
109485000	17
109490000	18
109495000	19
109500000	20
109505000	21
109510000	22
109515000	23
109520000	24
109525000	25
109530000	26
109535000	27
109540000	28
109545000	29
109550000	30
109555000	31
109560000	32
109565000	33
109570000	34
109575000	35
109580000	36
109585000	37
109590000	38
109595000	39
109600000	40
109605000	41
109610000	42
109615000	43
109620000	44
109625000	45
109630000	46
109635000	47
109640000	48
109645000	49
109650000	50
109655000	51
109660000	52
109665000	53
109670000	54
109675000	55
109680000	56
