48650000	0
48655000	1
48660000	2
48665000	3
48670000	4
48675000	5
48680000	6
48685000	7
48690000	8
48695000	9
48700000	10
48705000	11
48710000	12
48715000	13
48720000	14
48725000	15
48730000	16
48735000	17
48740000	18
48745000	19
48750000	20
48755000	21
48760000	22
48765000	23
48770000	24
48775000	25
48780000	26
48785000	27
48790000	28
48795000	29
48800000	30
48805000	31
48810000	32
48815000	33
48820000	34
48825000	35
48830000	36
48835000	37
48840000	38
48845000	39
48850000	40
48855000	41
48860000	42
48865000	43
48870000	44
48875000	45
48880000	46
48885000	47
48890000	48
48895000	49
48900000	50
48905000	51
48910000	52
48915000	53
48920000	54
48925000	55
48930000	56
48935000	57
48940000	58
48945000	59
48950000	60
48955000	61
48960000	62
48965000	63
48970000	64
48975000	65
48980000	66
48985000	67
48990000	68
48995000	69
49000000	70
49005000	71
49010000	72
49015000	73
49020000	74
49025000	75
49030000	76
49035000	77
49040000	78
49045000	79
49050000	80
49055000	81
49060000	82
49065000	83
49070000	84
49075000	85
49080000	86
49085000	87
49090000	88
49095000	89
49100000	90
49105000	91
49110000	92
49115000	93
49120000	94
49125000	95
49130000	96
49135000	97
49140000	98
49145000	99
49150000	100
49155000	101
49160000	102
49165000	103
49170000	104
49175000	105
49180000	106
49185000	107
49190000	108
49195000	109
49200000	110
49205000	111
49210000	112
49215000	113
49220000	114
49225000	115
49230000	116
49235000	117
49240000	118
49245000	119
49250000	120
49255000	121
49260000	122
49265000	123
49270000	124
49275000	125
49280000	126
49285000	127
49290000	128
49295000	129
49300000	130
49305000	131
49310000	132
49315000	133
49320000	134
49325000	135
49330000	136
49335000	137
49340000	138
49345000	139
49350000	140
49355000	141
49360000	142
49365000	143
49370000	144
49375000	145
49380000	146
49385000	147
49390000	148
49395000	149
49400000	150
49405000	151
49410000	152
49415000	153
49420000	154
49425000	155
49430000	156
49435000	157
49440000	158
49445000	159
49450000	160
49455000	161
49460000	162
49465000	163
49470000	164
49475000	165
49480000	166
49485000	167
49490000	168
49495000	169
49500000	170
49505000	171
49510000	172
49515000	173
49520000	174
49525000	175
49530000	176
49535000	177
49540000	178
49545000	179
49550000	180
49555000	181
49560000	182
49565000	183
49570000	184
49575000	185
49580000	186
49585000	187
49590000	188
49595000	189
49600000	190
49605000	191
49610000	192
49615000	193
49620000	194
49625000	195
49630000	196
49635000	197
49640000	198
49645000	199
49650000	200
49655000	201
49660000	202
49665000	203
49670000	204
49675000	205
49680000	206
49685000	207
49690000	208
49695000	209
