32735000	0
32740000	1
32745000	2
32750000	3
32755000	4
32760000	5
32765000	6
32770000	7
32775000	8
32780000	9
32785000	10
32790000	11
32795000	12
32800000	13
32805000	14
32810000	15
32815000	16
32820000	17
32825000	18
32830000	19
32835000	20
32840000	21
32845000	22
32850000	23
32855000	24
32860000	25
32865000	26
32870000	27
32875000	28
32880000	29
32885000	30
32890000	31
32895000	32
32900000	33
32905000	34
32910000	35
32915000	36
32920000	37
32925000	38
32930000	39
32935000	40
32940000	41
32945000	42
32950000	43
32955000	44
32960000	45
32965000	46
32970000	47
32975000	48
32980000	49
32985000	50
32990000	51
32995000	52
33000000	53
33005000	54
33010000	55
33015000	56
33020000	57
33025000	58
33030000	59
33035000	60
33040000	61
33045000	62
33050000	63
33055000	64
33060000	65
33065000	66
33070000	67
33075000	68
33080000	69
33085000	70
33090000	71
33095000	72
33100000	73
33105000	74
33110000	75
33115000	76
33120000	77
33125000	78
33130000	79
33135000	80
33140000	81
33145000	82
33150000	83
33155000	84
33160000	85
33165000	86
33170000	87
33175000	88
33180000	89
33185000	90
33190000	91
33195000	92
33200000	93
33205000	94
33210000	95
33215000	96
33220000	97
33225000	98
33230000	99
33235000	100
33240000	101
33245000	102
33250000	103
33255000	104
33260000	105
33265000	106
33270000	107
33275000	108
33280000	109
33285000	110
33290000	111
33295000	112
33300000	113
33305000	114
33310000	115
33315000	116
33320000	117
33325000	118
33330000	119
33335000	120
33340000	121
33345000	122
33350000	123
33355000	124
33360000	125
33365000	126
33370000	127
33375000	128
33380000	129
33385000	130
33390000	131
