60530000	0
60535000	1
60540000	2
60545000	3
60550000	4
60555000	5
60560000	6
60565000	7
60570000	8
60575000	9
60580000	10
60585000	11
60590000	12
60595000	13
60600000	14
60605000	15
60610000	16
60615000	17
60620000	18
60625000	19
60630000	20
60635000	21
60640000	22
60645000	23
60650000	24
60655000	25
60660000	26
60665000	27
60670000	28
60675000	29
60680000	30
60685000	31
60690000	32
60695000	33
60700000	34
60705000	35
60710000	36
60715000	37
60720000	38
60725000	39
60730000	40
60735000	41
60740000	42
60745000	43
60750000	44
60755000	45
60760000	46
60765000	47
60770000	48
60775000	49
60780000	50
60785000	51
