215600000	0
215605000	1
215610000	2
215615000	3
215620000	4
215625000	5
215630000	6
215635000	7
215640000	8
215645000	9
215650000	10
215655000	11
215660000	12
215665000	13
215670000	14
215675000	15
215680000	16
215685000	17
215690000	18
215695000	19
215700000	20
215705000	21
215710000	22
215715000	23
215720000	24
215725000	25
215730000	26
215735000	27
215740000	28
215745000	29
215750000	30
215755000	31
215760000	32
215765000	33
215770000	34
215775000	35
215780000	36
215785000	37
215790000	38
215795000	39
215800000	40
215805000	41
215810000	42
215815000	43
215820000	44
215825000	45
215830000	46
215835000	47
215840000	48
215845000	49
215850000	50
215855000	51
215860000	52
215865000	53
215870000	54
215875000	55
