231751000	0
231752000	1
231753000	2
231754000	3
231755000	4
231756000	5
231757000	6
231758000	7
231759000	8
231760000	9
231761000	10
231762000	11
231763000	12
231764000	13
231765000	14
231766000	15
231767000	16
231768000	17
231769000	18
231770000	19
231771000	20
231772000	21
231773000	22
231774000	23
231775000	24
231776000	25
231777000	26
231778000	27
231779000	28
231780000	29
231781000	30
231782000	31
231783000	32
231784000	33
231785000	34
231786000	35
231787000	36
231788000	37
231789000	38
231790000	39
231791000	40
231792000	41
231793000	42
231794000	43
231795000	44
231796000	45
231797000	46
231798000	47
231799000	48
231800000	49
231801000	50
231802000	51
231803000	52
231804000	53
231805000	54
231806000	55
231807000	56
231808000	57
231809000	58
231810000	59
231811000	60
231812000	61
231813000	62
231814000	63
231815000	64
231816000	65
231817000	66
231818000	67
231819000	68
231820000	69
231821000	70
231822000	71
231823000	72
231824000	73
231825000	74
231826000	75
231827000	76
231828000	77
231829000	78
231830000	79
231831000	80
231832000	81
231833000	82
231834000	83
231835000	84
231836000	85
231837000	86
231838000	87
231839000	88
231840000	89
231841000	90
231842000	91
231843000	92
231844000	93
231845000	94
231846000	95
231847000	96
231848000	97
231849000	98
231850000	99
231851000	100
231852000	101
231853000	102
231854000	103
231855000	104
231856000	105
231857000	106
231858000	107
231859000	108
231860000	109
231861000	110
231862000	111
231863000	112
231864000	113
231865000	114
231866000	115
231867000	116
231868000	117
231869000	118
231870000	119
231871000	120
231872000	121
231873000	122
231874000	123
231875000	124
231876000	125
231877000	126
231878000	127
231879000	128
231880000	129
231881000	130
231882000	131
231883000	132
231884000	133
231885000	134
231886000	135
231887000	136
231888000	137
231889000	138
231890000	139
231891000	140
231892000	141
231893000	142
231894000	143
231895000	144
231896000	145
231897000	146
231898000	147
231899000	148
231900000	149
231901000	150
231902000	151
231903000	152
231904000	153
231905000	154
231906000	155
231907000	156
231908000	157
231909000	158
231910000	159
231911000	160
231912000	161
231913000	162
231914000	163
231915000	164
231916000	165
231917000	166
231918000	167
231919000	168
231920000	169
231921000	170
231922000	171
231923000	172
231924000	173
231925000	174
231926000	175
231927000	176
231928000	177
231929000	178
231930000	179
231931000	180
231932000	181
231933000	182
231934000	183
231935000	184
231936000	185
231937000	186
231938000	187
231939000	188
231940000	189
231941000	190
231942000	191
231943000	192
231944000	193
231945000	194
231946000	195
231947000	196
231948000	197
231949000	198
231950000	199
231951000	200
231952000	201
231953000	202
231954000	203
231955000	204
231956000	205
231957000	206
231958000	207
231959000	208
231960000	209
231961000	210
231962000	211
231963000	212
231964000	213
231965000	214
231966000	215
231967000	216
231968000	217
231969000	218
231970000	219
231971000	220
231972000	221
231973000	222
231974000	223
231975000	224
231976000	225
231977000	226
231978000	227
231979000	228
231980000	229
231981000	230
231982000	231
231983000	232
231984000	233
231985000	234
231986000	235
231987000	236
231988000	237
231989000	238
231990000	239
231991000	240
231992000	241
231993000	242
231994000	243
231995000	244
231996000	245
231997000	246
231998000	247
231999000	248
232000000	249
232001000	250
232002000	251
232003000	252
232004000	253
232005000	254
232006000	255
232007000	256
232008000	257
232009000	258
232010000	259
232011000	260
232012000	261
232013000	262
232014000	263
232015000	264
232016000	265
232017000	266
232018000	267
232019000	268
232020000	269
232021000	270
232022000	271
232023000	272
232024000	273
232025000	274
232026000	275
232027000	276
232028000	277
232029000	278
232030000	279
232031000	280
232032000	281
232033000	282
232034000	283
232035000	284
232036000	285
232037000	286
232038000	287
232039000	288
232040000	289
232041000	290
232042000	291
232043000	292
232044000	293
232045000	294
232046000	295
232047000	296
232048000	297
232049000	298
232050000	299
232051000	300
232052000	301
232053000	302
232054000	303
232055000	304
232056000	305
232057000	306
232058000	307
232059000	308
232060000	309
232061000	310
232062000	311
232063000	312
232064000	313
232065000	314
232066000	315
232067000	316
232068000	317
232069000	318
232070000	319
232071000	320
232072000	321
232073000	322
232074000	323
232075000	324
232076000	325
232077000	326
232078000	327
232079000	328
232080000	329
232081000	330
232082000	331
232083000	332
232084000	333
232085000	334
232086000	335
232087000	336
232088000	337
232089000	338
232090000	339
232091000	340
232092000	341
232093000	342
232094000	343
232095000	344
232096000	345
232097000	346
232098000	347
232099000	348
232100000	349
232101000	350
232102000	351
232103000	352
232104000	353
232105000	354
232106000	355
232107000	356
232108000	357
232109000	358
232110000	359
232111000	360
232112000	361
232113000	362
232114000	363
232115000	364
232116000	365
232117000	366
232118000	367
232119000	368
232120000	369
232121000	370
232122000	371
232123000	372
232124000	373
232125000	374
232126000	375
232127000	376
232128000	377
232129000	378
232130000	379
232131000	380
232132000	381
232133000	382
232134000	383
232135000	384
232136000	385
232137000	386
232138000	387
232139000	388
232140000	389
232141000	390
232142000	391
232143000	392
232144000	393
232145000	394
232146000	395
232147000	396
232148000	397
232149000	398
232150000	399
232151000	400
232152000	401
232153000	402
232154000	403
232155000	404
232156000	405
232157000	406
232158000	407
232159000	408
232160000	409
232161000	410
232162000	411
232163000	412
232164000	413
232165000	414
232166000	415
232167000	416
232168000	417
232169000	418
232170000	419
232171000	420
232172000	421
232173000	422
232174000	423
232175000	424
232176000	425
232177000	426
232178000	427
232179000	428
232180000	429
232181000	430
232182000	431
232183000	432
232184000	433
232185000	434
232186000	435
232187000	436
232188000	437
232189000	438
232190000	439
232191000	440
232192000	441
232193000	442
232194000	443
232195000	444
232196000	445
232197000	446
232198000	447
232199000	448
232200000	449
232201000	450
232202000	451
232203000	452
232204000	453
232205000	454
232206000	455
232207000	456
232208000	457
232209000	458
232210000	459
232211000	460
232212000	461
232213000	462
232214000	463
232215000	464
232216000	465
232217000	466
232218000	467
232219000	468
232220000	469
232221000	470
232222000	471
232223000	472
232224000	473
232225000	474
232226000	475
232227000	476
232228000	477
232229000	478
232230000	479
232231000	480
232232000	481
232233000	482
232234000	483
232235000	484
232236000	485
232237000	486
232238000	487
232239000	488
232240000	489
232241000	490
232242000	491
232243000	492
232244000	493
232245000	494
232246000	495
232247000	496
232248000	497
232249000	498
232250000	499
232251000	500
232252000	501
232253000	502
232254000	503
232255000	504
232256000	505
232257000	506
232258000	507
232259000	508
232260000	509
232261000	510
232262000	511
232263000	512
232264000	513
232265000	514
232266000	515
232267000	516
232268000	517
232269000	518
232270000	519
232271000	520
232272000	521
232273000	522
232274000	523
232275000	524
232276000	525
232277000	526
232278000	527
232279000	528
232280000	529
232281000	530
232282000	531
232283000	532
232284000	533
232285000	534
232286000	535
232287000	536
232288000	537
232289000	538
232290000	539
232291000	540
232292000	541
232293000	542
232294000	543
232295000	544
232296000	545
232297000	546
232298000	547
232299000	548
232300000	549
232301000	550
232302000	551
232303000	552
232304000	553
232305000	554
232306000	555
232307000	556
232308000	557
232309000	558
232310000	559
232311000	560
232312000	561
232313000	562
232314000	563
232315000	564
232316000	565
232317000	566
232318000	567
232319000	568
232320000	569
232321000	570
232322000	571
232323000	572
232324000	573
232325000	574
232326000	575
232327000	576
232328000	577
232329000	578
232330000	579
232331000	580
232332000	581
232333000	582
232334000	583
232335000	584
232336000	585
232337000	586
232338000	587
232339000	588
232340000	589
232341000	590
232342000	591
232343000	592
232344000	593
232345000	594
232346000	595
232347000	596
232348000	597
232349000	598
232350000	599
232351000	600
232352000	601
232353000	602
232354000	603
232355000	604
232356000	605
232357000	606
232358000	607
232359000	608
232360000	609
232361000	610
232362000	611
232363000	612
232364000	613
232365000	614
232366000	615
232367000	616
232368000	617
232369000	618
232370000	619
232371000	620
232372000	621
232373000	622
232374000	623
232375000	624
232376000	625
232377000	626
232378000	627
232379000	628
232380000	629
232381000	630
232382000	631
232383000	632
232384000	633
232385000	634
232386000	635
232387000	636
232388000	637
232389000	638
232390000	639
232391000	640
232392000	641
232393000	642
232394000	643
232395000	644
232396000	645
232397000	646
232398000	647
232399000	648
232400000	649
232401000	650
232402000	651
232403000	652
232404000	653
232405000	654
232406000	655
232407000	656
232408000	657
232409000	658
232410000	659
232411000	660
232412000	661
232413000	662
232414000	663
232415000	664
232416000	665
232417000	666
232418000	667
232419000	668
232420000	669
232421000	670
232422000	671
232423000	672
232424000	673
232425000	674
232426000	675
232427000	676
232428000	677
232429000	678
232430000	679
232431000	680
232432000	681
232433000	682
232434000	683
232435000	684
232436000	685
232437000	686
232438000	687
232439000	688
232440000	689
232441000	690
232442000	691
232443000	692
232444000	693
232445000	694
232446000	695
232447000	696
232448000	697
232449000	698
232450000	699
232451000	700
232452000	701
232453000	702
232454000	703
232455000	704
232456000	705
232457000	706
232458000	707
232459000	708
232460000	709
232461000	710
232462000	711
232463000	712
232464000	713
232465000	714
232466000	715
232467000	716
232468000	717
232469000	718
232470000	719
232471000	720
232472000	721
232473000	722
232474000	723
232475000	724
232476000	725
232477000	726
232478000	727
232479000	728
232480000	729
232481000	730
232482000	731
232483000	732
232484000	733
232485000	734
232486000	735
232487000	736
232488000	737
232489000	738
232490000	739
232491000	740
232492000	741
232493000	742
232494000	743
232495000	744
232496000	745
232497000	746
232498000	747
232499000	748
232500000	749
232501000	750
232502000	751
232503000	752
232505000	753
232506000	754
232507000	755
232508000	756
232509000	757
232510000	758
232511000	759
232512000	760
232513000	761
232514000	762
232515000	763
232516000	764
232517000	765
232518000	766
232519000	767
232520000	768
232521000	769
232522000	770
232523000	771
232524000	772
232525000	773
232526000	774
232527000	775
232528000	776
232529000	777
232530000	778
232531000	779
232532000	780
232533000	781
232534000	782
232535000	783
232536000	784
232537000	785
232538000	786
232539000	787
232540000	788
232541000	789
232542000	790
232543000	791
232544000	792
232545000	793
232546000	794
232547000	795
232548000	796
232549000	797
232550000	798
232551000	799
232552000	800
232553000	801
232554000	802
232555000	803
232556000	804
232557000	805
232558000	806
232559000	807
232560000	808
232561000	809
232562000	810
232563000	811
232564000	812
232565000	813
232566000	814
232567000	815
232568000	816
232569000	817
232570000	818
232571000	819
232572000	820
232573000	821
232574000	822
232575000	823
232576000	824
232577000	825
232578000	826
232579000	827
232580000	828
232581000	829
232582000	830
232583000	831
232584000	832
232585000	833
232586000	834
232587000	835
232588000	836
232589000	837
232590000	838
232591000	839
232592000	840
232593000	841
232594000	842
232595000	843
232596000	844
232597000	845
232598000	846
232599000	847
232600000	848
232601000	849
232602000	850
232603000	851
232604000	852
232605000	853
232606000	854
232607000	855
232608000	856
232609000	857
232610000	858
232611000	859
232612000	860
232613000	861
232614000	862
232615000	863
232616000	864
232617000	865
232618000	866
232619000	867
232620000	868
232621000	869
232622000	870
232623000	871
232624000	872
232625000	873
232626000	874
232627000	875
232628000	876
232629000	877
232630000	878
232631000	879
232632000	880
232633000	881
232634000	882
232635000	883
232636000	884
232637000	885
232638000	886
232639000	887
232640000	888
232641000	889
232642000	890
232643000	891
232644000	892
232645000	893
232646000	894
232647000	895
232648000	896
232649000	897
232650000	898
232651000	899
232652000	900
232653000	901
232654000	902
232655000	903
232656000	904
232657000	905
232658000	906
232659000	907
232660000	908
232661000	909
232662000	910
232663000	911
232664000	912
232665000	913
232666000	914
232667000	915
232668000	916
232669000	917
232670000	918
232671000	919
232672000	920
232673000	921
232674000	922
232675000	923
232676000	924
232677000	925
232678000	926
232679000	927
232680000	928
232681000	929
232682000	930
232683000	931
232684000	932
232685000	933
232686000	934
232687000	935
232688000	936
232689000	937
232690000	938
232691000	939
232692000	940
232693000	941
232694000	942
232695000	943
232696000	944
232697000	945
232698000	946
232699000	947
232700000	948
232701000	949
232702000	950
232703000	951
232704000	952
232705000	953
232706000	954
232707000	955
232708000	956
232709000	957
232710000	958
232711000	959
232712000	960
232713000	961
232714000	962
232715000	963
232716000	964
232717000	965
232718000	966
232719000	967
232720000	968
232721000	969
232722000	970
232723000	971
232724000	972
232725000	973
232726000	974
232727000	975
232728000	976
232729000	977
232730000	978
232731000	979
232732000	980
232733000	981
232734000	982
232735000	983
232736000	984
232737000	985
232738000	986
232739000	987
