176735000	0
176740000	1
176745000	2
176750000	3
176755000	4
176760000	5
176765000	6
176770000	7
176775000	8
176780000	9
176785000	10
176790000	11
176795000	12
176800000	13
176805000	14
176810000	15
176815000	16
176820000	17
176825000	18
176830000	19
176835000	20
176840000	21
176845000	22
176850000	23
176855000	24
176860000	25
176865000	26
176870000	27
176875000	28
176880000	29
176885000	30
176890000	31
176895000	32
176900000	33
176905000	34
176910000	35
176915000	36
176920000	37
176925000	38
176930000	39
176935000	40
176940000	41
176945000	42
176950000	43
176955000	44
176960000	45
176965000	46
176970000	47
176975000	48
176980000	49
176985000	50
176990000	51
176995000	52
177000000	53
177005000	54
177010000	55
177015000	56
177020000	57
177025000	58
177030000	59
