80561000	0
80562000	1
80563000	2
80564000	3
80565000	4
80566000	5
80567000	6
80568000	7
80569000	8
80570000	9
80571000	10
80572000	11
80573000	12
80574000	13
80575000	14
80576000	15
80577000	16
80578000	17
80579000	18
80580000	19
80581000	20
80582000	21
80583000	22
80584000	23
80585000	24
80586000	25
80587000	26
80588000	27
80589000	28
80590000	29
80591000	30
80592000	31
80593000	32
80594000	33
80595000	34
80596000	35
80597000	36
80598000	37
80599000	38
80601000	39
80603000	40
80604000	41
80605000	42
80606000	43
80607000	44
80608000	45
80609000	46
80610000	47
80611000	48
80612000	49
80613000	50
80614000	51
80615000	52
80616000	53
80617000	54
80618000	55
80619000	56
80620000	57
80621000	58
80622000	59
80623000	60
80624000	61
80625000	62
80626000	63
80627000	64
80628000	65
80629000	66
80630000	67
80631000	68
80632000	69
80633000	70
80634000	71
80635000	72
80636000	73
80637000	74
80638000	75
80639000	76
80640000	77
80641000	78
80642000	79
80643000	80
80644000	81
80645000	82
80646000	83
80647000	84
80648000	85
80649000	86
80650000	87
80651000	88
80652000	89
80653000	90
80654000	91
80655000	92
80656000	93
80657000	94
80658000	95
80659000	96
80660000	97
80661000	98
80662000	99
80663000	100
80664000	101
80665000	102
80666000	103
80667000	104
80668000	105
80669000	106
80670000	107
80671000	108
80672000	109
80673000	110
80674000	111
80675000	112
80676000	113
80677000	114
80678000	115
80679000	116
80681000	117
80682000	118
80683000	119
80684000	120
80685000	121
80686000	122
80687000	123
80688000	124
80689000	125
80690000	126
80691000	127
80692000	128
80693000	129
80694000	130
80695000	131
80696000	132
80697000	133
80698000	134
80699000	135
80700000	136
80701000	137
80702000	138
80703000	139
80704000	140
80705000	141
80706000	142
80707000	143
80708000	144
80709000	145
80710000	146
80711000	147
80712000	148
80713000	149
80714000	150
80715000	151
80716000	152
80717000	153
80718000	154
80719000	155
80720000	156
80721000	157
80722000	158
80723000	159
80724000	160
80725000	161
80726000	162
80727000	163
80728000	164
80729000	165
80730000	166
80731000	167
80732000	168
80733000	169
80734000	170
80735000	171
80736000	172
80737000	173
80738000	174
80739000	175
80740000	176
80741000	177
80742000	178
80743000	179
80744000	180
80745000	181
80746000	182
80747000	183
80748000	184
80749000	185
80750000	186
80751000	187
80752000	188
80753000	189
80754000	190
80755000	191
80756000	192
80757000	193
80758000	194
80759000	195
80760000	196
80761000	197
80762000	198
80763000	199
80764000	200
80765000	201
80766000	202
80767000	203
80768000	204
80769000	205
80770000	206
80771000	207
80772000	208
80773000	209
80774000	210
80775000	211
80776000	212
80777000	213
80778000	214
80779000	215
80780000	216
80781000	217
80782000	218
80783000	219
80784000	220
80785000	221
80786000	222
80787000	223
80788000	224
80789000	225
80790000	226
80791000	227
80792000	228
80793000	229
80794000	230
80795000	231
80796000	232
80797000	233
80798000	234
80799000	235
80800000	236
80801000	237
80802000	238
80803000	239
80804000	240
80805000	241
80806000	242
80807000	243
80808000	244
80809000	245
80810000	246
80811000	247
80812000	248
80813000	249
80814000	250
80815000	251
80816000	252
80817000	253
80818000	254
80819000	255
80820000	256
80821000	257
80822000	258
80823000	259
80824000	260
80825000	261
80826000	262
80827000	263
80828000	264
80829000	265
80830000	266
80831000	267
80832000	268
80833000	269
80834000	270
80835000	271
80836000	272
80837000	273
80838000	274
80839000	275
80840000	276
80841000	277
80842000	278
80843000	279
80844000	280
80845000	281
80846000	282
80847000	283
80848000	284
80849000	285
80850000	286
80851000	287
80852000	288
80853000	289
80854000	290
80855000	291
80856000	292
80857000	293
80858000	294
80859000	295
80860000	296
80861000	297
80862000	298
80863000	299
80864000	300
80865000	301
80866000	302
80867000	303
80868000	304
80869000	305
80870000	306
80871000	307
80872000	308
80873000	309
80874000	310
80875000	311
80876000	312
80877000	313
80878000	314
80879000	315
80880000	316
80881000	317
80882000	318
80883000	319
80884000	320
80885000	321
80886000	322
80887000	323
80888000	324
80889000	325
80891000	326
80892000	327
80893000	328
80894000	329
80895000	330
80896000	331
80897000	332
80898000	333
80899000	334
80900000	335
80901000	336
80902000	337
80903000	338
80904000	339
80905000	340
80906000	341
80907000	342
80908000	343
80909000	344
80910000	345
80911000	346
80912000	347
80913000	348
80914000	349
80915000	350
80916000	351
80917000	352
80918000	353
80919000	354
80920000	355
80921000	356
80922000	357
80923000	358
80924000	359
80925000	360
80926000	361
80927000	362
80928000	363
80929000	364
80930000	365
80931000	366
80932000	367
80933000	368
80934000	369
80935000	370
80936000	371
80937000	372
80938000	373
80939000	374
80940000	375
80941000	376
80942000	377
80943000	378
80944000	379
80945000	380
80946000	381
80947000	382
80948000	383
80949000	384
80951000	385
80952000	386
80953000	387
80954000	388
80955000	389
80956000	390
80957000	391
80958000	392
80959000	393
80960000	394
80961000	395
80962000	396
80963000	397
80964000	398
80965000	399
80966000	400
80967000	401
80968000	402
80969000	403
80970000	404
80971000	405
80972000	406
80973000	407
80974000	408
80975000	409
80976000	410
80977000	411
80978000	412
80979000	413
80980000	414
80981000	415
80982000	416
80983000	417
80984000	418
80985000	419
80986000	420
80987000	421
80988000	422
80989000	423
80990000	424
80991000	425
80992000	426
80993000	427
80994000	428
80995000	429
80996000	430
80997000	431
80998000	432
80999000	433
81000000	434
81001000	435
81002000	436
81003000	437
81004000	438
81005000	439
81006000	440
81007000	441
81008000	442
81009000	443
81010000	444
81011000	445
81012000	446
81013000	447
81014000	448
81015000	449
81016000	450
81017000	451
81018000	452
81019000	453
81020000	454
81021000	455
81022000	456
81023000	457
81024000	458
81025000	459
81026000	460
81027000	461
81028000	462
81029000	463
81030000	464
81031000	465
81032000	466
81033000	467
81034000	468
81035000	469
81036000	470
81037000	471
81038000	472
81039000	473
81040000	474
81041000	475
81042000	476
81043000	477
81044000	478
81045000	479
81046000	480
81047000	481
81048000	482
81049000	483
81050000	484
81051000	485
81052000	486
81053000	487
81054000	488
81055000	489
81056000	490
81057000	491
81058000	492
81059000	493
81060000	494
81061000	495
81062000	496
81063000	497
81064000	498
81065000	499
81066000	500
81067000	501
81068000	502
81069000	503
81070000	504
81071000	505
81072000	506
81073000	507
81074000	508
81075000	509
81076000	510
81077000	511
81078000	512
81079000	513
81080000	514
81081000	515
81082000	516
81083000	517
81084000	518
81085000	519
81086000	520
81087000	521
81088000	522
81089000	523
81090000	524
81091000	525
81092000	526
81093000	527
81094000	528
81095000	529
81096000	530
81097000	531
81098000	532
81099000	533
81100000	534
81101000	535
81102000	536
81103000	537
81104000	538
81105000	539
81106000	540
81107000	541
81108000	542
81109000	543
81110000	544
81111000	545
81112000	546
81113000	547
81114000	548
81115000	549
81116000	550
81117000	551
81118000	552
81119000	553
81120000	554
81121000	555
81122000	556
81123000	557
81124000	558
81125000	559
81126000	560
81127000	561
81128000	562
81129000	563
81130000	564
81131000	565
81132000	566
81133000	567
81134000	568
81135000	569
81136000	570
81137000	571
81138000	572
81139000	573
81140000	574
81141000	575
81142000	576
81143000	577
81144000	578
81145000	579
81146000	580
81147000	581
81148000	582
81149000	583
81150000	584
81151000	585
81152000	586
81153000	587
81154000	588
81155000	589
81156000	590
81157000	591
81158000	592
81159000	593
81160000	594
81161000	595
81162000	596
81163000	597
81164000	598
81165000	599
81166000	600
81167000	601
81168000	602
81169000	603
81171000	604
81172000	605
81173000	606
81174000	607
81175000	608
81176000	609
81177000	610
81178000	611
81179000	612
81180000	613
81181000	614
81182000	615
81183000	616
81184000	617
81185000	618
81186000	619
81187000	620
81188000	621
81189000	622
81190000	623
81191000	624
81192000	625
81193000	626
81194000	627
81195000	628
81196000	629
81197000	630
81198000	631
81199000	632
81200000	633
81201000	634
81202000	635
81203000	636
81204000	637
81205000	638
81206000	639
81207000	640
81208000	641
81209000	642
81210000	643
81211000	644
81212000	645
81213000	646
81214000	647
81215000	648
81216000	649
81217000	650
81218000	651
81219000	652
81220000	653
81221000	654
81222000	655
81223000	656
81224000	657
81225000	658
81226000	659
81227000	660
81228000	661
81229000	662
81230000	663
81231000	664
81232000	665
81233000	666
81234000	667
81235000	668
81236000	669
81237000	670
81238000	671
81239000	672
81240000	673
81241000	674
81242000	675
81243000	676
81244000	677
81245000	678
81246000	679
81247000	680
81248000	681
81249000	682
81250000	683
81251000	684
81252000	685
81253000	686
81254000	687
81255000	688
81256000	689
81257000	690
81258000	691
81259000	692
81260000	693
81261000	694
81262000	695
81263000	696
81264000	697
81265000	698
81266000	699
81267000	700
81268000	701
81269000	702
81270000	703
81271000	704
81272000	705
81273000	706
81274000	707
81275000	708
81276000	709
81277000	710
81278000	711
81279000	712
81280000	713
81281000	714
81282000	715
81283000	716
81284000	717
81285000	718
81286000	719
81287000	720
81288000	721
81289000	722
81290000	723
81291000	724
81292000	725
81293000	726
81294000	727
81295000	728
81296000	729
81297000	730
81298000	731
81299000	732
81300000	733
81301000	734
81302000	735
81303000	736
81304000	737
81305000	738
81306000	739
81307000	740
81308000	741
81309000	742
81310000	743
81311000	744
81312000	745
81313000	746
81314000	747
81315000	748
81316000	749
81317000	750
81318000	751
81319000	752
81320000	753
81321000	754
81322000	755
81323000	756
81324000	757
81325000	758
81326000	759
81327000	760
81328000	761
81329000	762
81330000	763
81331000	764
81332000	765
81333000	766
81334000	767
81335000	768
81336000	769
81337000	770
81338000	771
81339000	772
81340000	773
81341000	774
81342000	775
81343000	776
81344000	777
81345000	778
81346000	779
81347000	780
81348000	781
81349000	782
81350000	783
81351000	784
81352000	785
81353000	786
81354000	787
81355000	788
81356000	789
81357000	790
81358000	791
81359000	792
81360000	793
81361000	794
81362000	795
81363000	796
81364000	797
81365000	798
81366000	799
81367000	800
81368000	801
81369000	802
81370000	803
81371000	804
81372000	805
81373000	806
81374000	807
81375000	808
81376000	809
81377000	810
81378000	811
81379000	812
81380000	813
81381000	814
81382000	815
81383000	816
81384000	817
81385000	818
81386000	819
81387000	820
81388000	821
81389000	822
81390000	823
81391000	824
81392000	825
81393000	826
81394000	827
81395000	828
81396000	829
81397000	830
81398000	831
81399000	832
81400000	833
81401000	834
81402000	835
81403000	836
81404000	837
81410000	838
81411000	839
81412000	840
81413000	841
81417000	842
81418000	843
81419000	844
81420000	845
81421000	846
81422000	847
81423000	848
81424000	849
81425000	850
81426000	851
81427000	852
81428000	853
81429000	854
81430000	855
81431000	856
81432000	857
81433000	858
81434000	859
81435000	860
81436000	861
81437000	862
81438000	863
81439000	864
81440000	865
81441000	866
81442000	867
81443000	868
81444000	869
81445000	870
81446000	871
81447000	872
81448000	873
81449000	874
81450000	875
81451000	876
81452000	877
81453000	878
81454000	879
81455000	880
81456000	881
81457000	882
81458000	883
81459000	884
81460000	885
81461000	886
81462000	887
81463000	888
81464000	889
81465000	890
81466000	891
81467000	892
81468000	893
81469000	894
81470000	895
81471000	896
81472000	897
81473000	898
81474000	899
81475000	900
81476000	901
81477000	902
81478000	903
81479000	904
81480000	905
81481000	906
81482000	907
81483000	908
81484000	909
81485000	910
81486000	911
81487000	912
81488000	913
81489000	914
81490000	915
81491000	916
81492000	917
81493000	918
81494000	919
81495000	920
81496000	921
81497000	922
81498000	923
81499000	924
81500000	925
81501000	926
81502000	927
81503000	928
81504000	929
81505000	930
81506000	931
81507000	932
81508000	933
81509000	934
81510000	935
81511000	936
81512000	937
81513000	938
81514000	939
81515000	940
81516000	941
81517000	942
81518000	943
81519000	944
81520000	945
81521000	946
81522000	947
81523000	948
81524000	949
81525000	950
81526000	951
81527000	952
81528000	953
81529000	954
81530000	955
81531000	956
81532000	957
81533000	958
81534000	959
81535000	960
81536000	961
81537000	962
81538000	963
81539000	964
81540000	965
81541000	966
81542000	967
81543000	968
81544000	969
81545000	970
81546000	971
81547000	972
81548000	973
81549000	974
81550000	975
81551000	976
81552000	977
81553000	978
81554000	979
81555000	980
81556000	981
81557000	982
81558000	983
81559000	984
81560000	985
81561000	986
81562000	987
81563000	988
81564000	989
81565000	990
81566000	991
81567000	992
81568000	993
81569000	994
81570000	995
81571000	996
81572000	997
81573000	998
81574000	999
81575000	1000
81576000	1001
81577000	1002
81578000	1003
81579000	1004
81580000	1005
81581000	1006
81582000	1007
81583000	1008
81584000	1009
81585000	1010
81586000	1011
81587000	1012
81588000	1013
81589000	1014
81590000	1015
81591000	1016
81592000	1017
81593000	1018
81594000	1019
81595000	1020
81596000	1021
81597000	1022
81598000	1023
81599000	1024
81600000	1025
81601000	1026
81602000	1027
81603000	1028
81604000	1029
81605000	1030
81606000	1031
81607000	1032
81608000	1033
81609000	1034
81610000	1035
81611000	1036
81612000	1037
81613000	1038
81614000	1039
81615000	1040
81616000	1041
81617000	1042
81618000	1043
81619000	1044
81620000	1045
81621000	1046
81622000	1047
81623000	1048
81624000	1049
81625000	1050
81626000	1051
81627000	1052
81628000	1053
81629000	1054
81630000	1055
81631000	1056
81632000	1057
81633000	1058
81634000	1059
81635000	1060
81636000	1061
81637000	1062
81638000	1063
81639000	1064
81640000	1065
81641000	1066
81642000	1067
81643000	1068
81644000	1069
81645000	1070
81646000	1071
81647000	1072
81648000	1073
81649000	1074
81650000	1075
81651000	1076
81652000	1077
81653000	1078
81654000	1079
81655000	1080
81656000	1081
81657000	1082
81658000	1083
81659000	1084
81660000	1085
81661000	1086
81662000	1087
81663000	1088
81664000	1089
81665000	1090
81666000	1091
81667000	1092
81668000	1093
81669000	1094
81670000	1095
81671000	1096
81672000	1097
81673000	1098
81674000	1099
81675000	1100
81676000	1101
81677000	1102
81678000	1103
81679000	1104
81680000	1105
81681000	1106
81682000	1107
81683000	1108
81684000	1109
81685000	1110
81686000	1111
81687000	1112
81688000	1113
81689000	1114
81690000	1115
81691000	1116
81692000	1117
81693000	1118
81694000	1119
81695000	1120
81696000	1121
81697000	1122
81698000	1123
81699000	1124
81700000	1125
81701000	1126
81702000	1127
81703000	1128
81704000	1129
81705000	1130
81706000	1131
81707000	1132
81708000	1133
81709000	1134
81710000	1135
81711000	1136
81712000	1137
81713000	1138
81714000	1139
81715000	1140
81716000	1141
81717000	1142
81718000	1143
81719000	1144
81720000	1145
81721000	1146
81722000	1147
81723000	1148
81724000	1149
81725000	1150
81726000	1151
81727000	1152
81728000	1153
81729000	1154
81730000	1155
81731000	1156
81732000	1157
81733000	1158
81734000	1159
81735000	1160
81736000	1161
81737000	1162
81738000	1163
81739000	1164
81740000	1165
81741000	1166
81742000	1167
81743000	1168
81744000	1169
81745000	1170
81746000	1171
81747000	1172
81748000	1173
81749000	1174
81750000	1175
81751000	1176
81752000	1177
81753000	1178
81754000	1179
81755000	1180
81756000	1181
81757000	1182
81758000	1183
81759000	1184
81760000	1185
81761000	1186
81762000	1187
81763000	1188
81764000	1189
81765000	1190
81766000	1191
81767000	1192
81768000	1193
81769000	1194
81770000	1195
81771000	1196
81772000	1197
81773000	1198
81774000	1199
81775000	1200
81776000	1201
81777000	1202
81778000	1203
81779000	1204
81780000	1205
81781000	1206
81782000	1207
81783000	1208
81784000	1209
81785000	1210
81786000	1211
81787000	1212
81788000	1213
81789000	1214
81790000	1215
81791000	1216
81792000	1217
81793000	1218
81794000	1219
81795000	1220
81796000	1221
81797000	1222
81798000	1223
81799000	1224
81800000	1225
81801000	1226
81802000	1227
81803000	1228
81804000	1229
81805000	1230
81806000	1231
81807000	1232
81808000	1233
81809000	1234
81810000	1235
81811000	1236
81812000	1237
81813000	1238
81814000	1239
81815000	1240
81816000	1241
81817000	1242
81818000	1243
81819000	1244
81820000	1245
81821000	1246
81822000	1247
81823000	1248
81824000	1249
81825000	1250
81826000	1251
81827000	1252
81828000	1253
81829000	1254
81830000	1255
81831000	1256
81832000	1257
81833000	1258
81834000	1259
81836000	1260
81837000	1261
81838000	1262
81839000	1263
81840000	1264
81841000	1265
81842000	1266
81843000	1267
81844000	1268
81845000	1269
81846000	1270
81847000	1271
81848000	1272
81849000	1273
81850000	1274
81851000	1275
81852000	1276
81853000	1277
81854000	1278
