131936000	0
131937000	1
131938000	2
131939000	3
131940000	4
131941000	5
131942000	6
131943000	7
131944000	8
131945000	9
131946000	10
131947000	11
131948000	12
131949000	13
131950000	14
131951000	15
131952000	16
131953000	17
131954000	18
131955000	19
131956000	20
131957000	21
131958000	22
131959000	23
131960000	24
131961000	25
131962000	26
131963000	27
131964000	28
131965000	29
131966000	30
131967000	31
131968000	32
131969000	33
131970000	34
131971000	35
131972000	36
131973000	37
131974000	38
131975000	39
131976000	40
131977000	41
131978000	42
131979000	43
131980000	44
131981000	45
131982000	46
131983000	47
131984000	48
131985000	49
131986000	50
131987000	51
131988000	52
131989000	53
131990000	54
131991000	55
131992000	56
131993000	57
131994000	58
131995000	59
131996000	60
131997000	61
131998000	62
131999000	63
132000000	64
132001000	65
132002000	66
132003000	67
132004000	68
132005000	69
132006000	70
132007000	71
132008000	72
132009000	73
132010000	74
132011000	75
132012000	76
132013000	77
132014000	78
132015000	79
132016000	80
132017000	81
132018000	82
132019000	83
132020000	84
132021000	85
132022000	86
132023000	87
132024000	88
132025000	89
132026000	90
132027000	91
132028000	92
132029000	93
132030000	94
132031000	95
132032000	96
132033000	97
132034000	98
132035000	99
132036000	100
132037000	101
132038000	102
132039000	103
132040000	104
132041000	105
132042000	106
132043000	107
132044000	108
