136450000	0
136455000	1
136460000	2
136465000	3
136470000	4
136475000	5
136480000	6
136485000	7
136490000	8
136495000	9
136500000	10
136505000	11
136510000	12
136515000	13
136520000	14
136525000	15
136530000	16
136535000	17
136540000	18
136545000	19
136550000	20
136555000	21
136560000	22
136565000	23
136570000	24
136575000	25
136580000	26
136585000	27
136590000	28
136595000	29
136600000	30
136605000	31
136610000	32
136615000	33
136620000	34
136625000	35
136630000	36
136635000	37
136640000	38
136645000	39
136650000	40
136655000	41
136660000	42
136665000	43
136670000	44
136675000	45
136680000	46
136685000	47
136690000	48
136695000	49
136700000	50
136705000	51
136710000	52
136715000	53
136720000	54
136725000	55
136730000	56
136735000	57
136740000	58
136745000	59
136750000	60
136755000	61
136760000	62
136765000	63
136770000	64
136775000	65
136780000	66
136785000	67
136790000	68
136795000	69
136800000	70
136805000	71
136810000	72
136815000	73
136820000	74
136825000	75
136830000	76
136835000	77
136840000	78
136845000	79
136850000	80
136855000	81
136860000	82
136865000	83
136870000	84
136875000	85
136880000	86
136885000	87
136890000	88
136895000	89
136900000	90
136905000	91
136910000	92
136915000	93
136920000	94
136925000	95
136930000	96
136935000	97
136940000	98
136945000	99
136950000	100
136955000	101
136960000	102
136965000	103
136970000	104
136975000	105
136980000	106
136985000	107
136990000	108
136995000	109
137000000	110
137005000	111
137010000	112
137015000	113
137020000	114
137025000	115
137030000	116
137035000	117
137040000	118
137045000	119
137050000	120
137055000	121
137060000	122
137065000	123
137070000	124
137075000	125
137080000	126
137085000	127
137090000	128
137095000	129
137100000	130
137105000	131
137110000	132
137115000	133
137120000	134
137125000	135
137130000	136
137135000	137
137140000	138
137145000	139
137150000	140
137155000	141
137160000	142
137165000	143
137170000	144
137175000	145
137180000	146
137185000	147
137190000	148
137195000	149
137200000	150
137205000	151
137210000	152
137215000	153
137220000	154
137225000	155
137230000	156
137235000	157
137240000	158
137245000	159
137250000	160
137255000	161
137260000	162
137265000	163
137270000	164
137275000	165
137280000	166
137285000	167
137290000	168
137295000	169
137300000	170
137305000	171
137310000	172
137315000	173
137320000	174
137325000	175
137330000	176
137335000	177
137340000	178
137345000	179
137350000	180
137355000	181
137360000	182
137365000	183
137370000	184
137375000	185
137380000	186
137385000	187
137390000	188
137395000	189
137400000	190
137405000	191
137410000	192
137415000	193
137420000	194
137425000	195
137430000	196
137435000	197
137440000	198
137445000	199
137455000	200
137460000	201
137465000	202
137470000	203
137475000	204
137480000	205
137485000	206
137490000	207
137495000	208
137500000	209
137505000	210
137510000	211
137515000	212
137520000	213
137525000	214
137530000	215
137535000	216
137540000	217
137545000	218
137550000	219
137555000	220
137560000	221
137565000	222
137570000	223
137575000	224
137580000	225
137585000	226
137590000	227
137595000	228
137600000	229
137605000	230
137610000	231
137615000	232
137620000	233
137625000	234
137630000	235
137635000	236
137640000	237
137645000	238
137650000	239
137655000	240
137660000	241
137665000	242
137670000	243
137675000	244
137680000	245
137685000	246
137690000	247
137695000	248
137700000	249
137705000	250
137710000	251
137715000	252
137720000	253
137725000	254
137730000	255
