61560000	0
61565000	1
61570000	2
61575000	3
61580000	4
61585000	5
61590000	6
61595000	7
61600000	8
61605000	9
61610000	10
61615000	11
61620000	12
61625000	13
61630000	14
61635000	15
61640000	16
61645000	17
61650000	18
61655000	19
61660000	20
61665000	21
61670000	22
61675000	23
61680000	24
61685000	25
61690000	26
61695000	27
61700000	28
61705000	29
61710000	30
61715000	31
61720000	32
61725000	33
61730000	34
61735000	35
61740000	36
61745000	37
61750000	38
61755000	39
61760000	40
61765000	41
61770000	42
61775000	43
61780000	44
61785000	45
61790000	46
61795000	47
61800000	48
61805000	49
61810000	50
61815000	51
61820000	52
61825000	53
61830000	54
61835000	55
61840000	56
61845000	57
61850000	58
61855000	59
61860000	60
61865000	61
61870000	62
61875000	63
61880000	64
61885000	65
61890000	66
61895000	67
61900000	68
61905000	69
61910000	70
61915000	71
61920000	72
61925000	73
61930000	74
61935000	75
61940000	76
61945000	77
61950000	78
61955000	79
61960000	80
61965000	81
61970000	82
61975000	83
61980000	84
61985000	85
61990000	86
61995000	87
62000000	88
62005000	89
62010000	90
62015000	91
62020000	92
62025000	93
62030000	94
62035000	95
62040000	96
62045000	97
62050000	98
62055000	99
62060000	100
62065000	101
62070000	102
62075000	103
62080000	104
62085000	105
62090000	106
62095000	107
62100000	108
62105000	109
62110000	110
62115000	111
62120000	112
62125000	113
62130000	114
62135000	115
62140000	116
62145000	117
62150000	118
62155000	119
62160000	120
62165000	121
62170000	122
62175000	123
62180000	124
62185000	125
62190000	126
62195000	127
62200000	128
62205000	129
62210000	130
62215000	131
62220000	132
62225000	133
62230000	134
62235000	135
62240000	136
62245000	137
62250000	138
62255000	139
62260000	140
62265000	141
62270000	142
62275000	143
62280000	144
62285000	145
62290000	146
62295000	147
62300000	148
62305000	149
62310000	150
62315000	151
62320000	152
62325000	153
62330000	154
62335000	155
62340000	156
62345000	157
62350000	158
62355000	159
62360000	160
62365000	161
62370000	162
62375000	163
62380000	164
62385000	165
62390000	166
62395000	167
62400000	168
62405000	169
62410000	170
62415000	171
62420000	172
62425000	173
62430000	174
62435000	175
62440000	176
62445000	177
62450000	178
62455000	179
62460000	180
62465000	181
62470000	182
62475000	183
62480000	184
62485000	185
62490000	186
62495000	187
62500000	188
62505000	189
62510000	190
62515000	191
62520000	192
62525000	193
62530000	194
62535000	195
62540000	196
62545000	197
62550000	198
62555000	199
62560000	200
62565000	201
62570000	202
62575000	203
62580000	204
62585000	205
62590000	206
62595000	207
62600000	208
62605000	209
62610000	210
62615000	211
62620000	212
62625000	213
62630000	214
62635000	215
