29185000	0
29190000	1
29195000	2
29200000	3
29205000	4
29210000	5
29215000	6
29220000	7
29225000	8
29230000	9
29235000	10
29240000	11
29245000	12
29250000	13
29255000	14
29260000	15
29265000	16
29270000	17
29275000	18
29280000	19
29285000	20
29290000	21
29295000	22
29300000	23
29305000	24
29310000	25
29315000	26
29320000	27
29325000	28
29330000	29
29335000	30
29340000	31
29345000	32
29350000	33
29355000	34
29360000	35
29365000	36
29370000	37
29375000	38
29380000	39
29385000	40
29390000	41
29395000	42
29400000	43
29405000	44
29410000	45
29415000	46
29420000	47
29425000	48
29430000	49
29435000	50
29440000	51
29445000	52
29450000	53
29455000	54
29460000	55
29465000	56
29470000	57
29475000	58
29480000	59
29485000	60
29490000	61
29495000	62
29500000	63
29505000	64
29510000	65
29515000	66
29520000	67
29525000	68
29530000	69
29535000	70
29540000	71
29545000	72
29550000	73
29555000	74
29560000	75
29565000	76
29570000	77
29575000	78
29580000	79
29585000	80
29590000	81
29595000	82
29600000	83
29605000	84
29610000	85
29615000	86
29620000	87
29625000	88
29630000	89
29635000	90
29640000	91
29645000	92
29650000	93
29655000	94
29660000	95
29665000	96
29670000	97
29675000	98
29680000	99
29685000	100
29690000	101
29695000	102
29700000	103
29705000	104
29710000	105
29715000	106
29720000	107
29725000	108
29730000	109
29735000	110
29740000	111
29745000	112
29750000	113
29755000	114
29760000	115
29765000	116
29770000	117
29775000	118
29780000	119
29785000	120
29790000	121
29795000	122
29800000	123
29805000	124
29810000	125
29815000	126
29820000	127
29825000	128
29830000	129
29835000	130
29840000	131
29845000	132
29850000	133
29855000	134
29860000	135
29865000	136
29870000	137
29875000	138
29880000	139
29885000	140
29890000	141
29895000	142
29900000	143
29905000	144
29910000	145
29915000	146
29920000	147
29925000	148
29930000	149
29935000	150
29940000	151
29945000	152
29950000	153
29955000	154
29960000	155
29965000	156
29970000	157
29975000	158
29980000	159
29985000	160
29990000	161
29995000	162
30000000	163
30005000	164
30010000	165
30015000	166
30020000	167
30025000	168
30030000	169
30035000	170
30040000	171
30045000	172
30050000	173
30055000	174
30060000	175
30065000	176
30070000	177
30075000	178
30080000	179
30085000	180
30090000	181
30095000	182
30100000	183
30105000	184
30110000	185
30115000	186
30120000	187
30125000	188
30130000	189
30135000	190
30140000	191
30145000	192
30150000	193
30155000	194
30160000	195
30165000	196
30170000	197
30175000	198
30180000	199
30185000	200
30190000	201
30195000	202
30200000	203
30205000	204
30210000	205
30215000	206
30220000	207
30225000	208
30230000	209
30235000	210
30240000	211
30245000	212
30250000	213
30255000	214
30260000	215
30265000	216
30270000	217
30275000	218
30280000	219
30285000	220
30290000	221
30295000	222
30300000	223
30305000	224
30310000	225
30315000	226
30320000	227
30325000	228
30330000	229
30335000	230
30340000	231
30345000	232
30350000	233
30355000	234
30360000	235
30365000	236
30370000	237
30375000	238
30380000	239
30385000	240
30390000	241
30395000	242
30400000	243
30405000	244
30410000	245
30415000	246
30420000	247
30425000	248
30430000	249
30435000	250
30440000	251
30445000	252
30450000	253
30455000	254
30460000	255
30465000	256
30470000	257
30475000	258
30480000	259
30485000	260
30490000	261
30495000	262
30500000	263
30505000	264
30510000	265
