97355000	0
97360000	1
97365000	2
97370000	3
97375000	4
97380000	5
97385000	6
97390000	7
97395000	8
97400000	9
97405000	10
97410000	11
97415000	12
97420000	13
97425000	14
97430000	15
97435000	16
97440000	17
97445000	18
97450000	19
97455000	20
97460000	21
97465000	22
97470000	23
97475000	24
97480000	25
97485000	26
97490000	27
97495000	28
97500000	29
97505000	30
97510000	31
97515000	32
97520000	33
97525000	34
97530000	35
97535000	36
97540000	37
97545000	38
97550000	39
97555000	40
97560000	41
97565000	42
97570000	43
97575000	44
97580000	45
97585000	46
97590000	47
97595000	48
97600000	49
97605000	50
97610000	51
97615000	52
97620000	53
97625000	54
97630000	55
97635000	56
97640000	57
97645000	58
97650000	59
97655000	60
97660000	61
97665000	62
97670000	63
97675000	64
97680000	65
97685000	66
97690000	67
97695000	68
97700000	69
97705000	70
97710000	71
97715000	72
97720000	73
97725000	74
97730000	75
97735000	76
97740000	77
97745000	78
97750000	79
97755000	80
97760000	81
97765000	82
97770000	83
97775000	84
97780000	85
97785000	86
97790000	87
97795000	88
97800000	89
97805000	90
97810000	91
97815000	92
97820000	93
97825000	94
97830000	95
97835000	96
97840000	97
97845000	98
97850000	99
97855000	100
97860000	101
97865000	102
97870000	103
97875000	104
97880000	105
97885000	106
97890000	107
97895000	108
97900000	109
97905000	110
97910000	111
97915000	112
97920000	113
97925000	114
97930000	115
97935000	116
97940000	117
97945000	118
97950000	119
97955000	120
97960000	121
97965000	122
97970000	123
97975000	124
97980000	125
97985000	126
97990000	127
97995000	128
98000000	129
98005000	130
98010000	131
98015000	132
98020000	133
98025000	134
98030000	135
98035000	136
98040000	137
98045000	138
98050000	139
98055000	140
98060000	141
98065000	142
98070000	143
98075000	144
98080000	145
98085000	146
98090000	147
98095000	148
98100000	149
98105000	150
98110000	151
98115000	152
98120000	153
98125000	154
98130000	155
98135000	156
98140000	157
98145000	158
98150000	159
98155000	160
98160000	161
98165000	162
98170000	163
98175000	164
98180000	165
98185000	166
98190000	167
98195000	168
98200000	169
98205000	170
98210000	171
98215000	172
98220000	173
98225000	174
98230000	175
98235000	176
98240000	177
98245000	178
98250000	179
98255000	180
98260000	181
98265000	182
98270000	183
98275000	184
98280000	185
98285000	186
98290000	187
98295000	188
98300000	189
98305000	190
98310000	191
98315000	192
98320000	193
98325000	194
98330000	195
98335000	196
98340000	197
98345000	198
98350000	199
98355000	200
98360000	201
98365000	202
98370000	203
98375000	204
98380000	205
98385000	206
98390000	207
98395000	208
98400000	209
98405000	210
98410000	211
98415000	212
98420000	213
98425000	214
98430000	215
98435000	216
98440000	217
98445000	218
98450000	219
98455000	220
98460000	221
98465000	222
98470000	223
98475000	224
98480000	225
98485000	226
98490000	227
98495000	228
98500000	229
98505000	230
98510000	231
98515000	232
98520000	233
98525000	234
98530000	235
98535000	236
98540000	237
98545000	238
98550000	239
98555000	240
98560000	241
98565000	242
98570000	243
98575000	244
98580000	245
98585000	246
