73840000	0
73845000	1
73850000	2
73855000	3
73860000	4
73865000	5
73870000	6
73875000	7
73880000	8
73885000	9
73890000	10
73895000	11
73900000	12
73905000	13
73910000	14
73915000	15
73920000	16
73925000	17
73930000	18
73935000	19
73940000	20
73945000	21
73950000	22
73955000	23
73960000	24
73965000	25
73970000	26
73975000	27
73980000	28
73985000	29
73990000	30
73995000	31
74000000	32
74005000	33
74010000	34
74015000	35
74020000	36
74025000	37
74030000	38
74035000	39
74040000	40
74045000	41
74050000	42
74055000	43
74060000	44
74065000	45
74070000	46
74075000	47
74080000	48
74085000	49
74090000	50
74095000	51
74100000	52
74105000	53
74110000	54
74115000	55
74120000	56
74125000	57
74130000	58
74135000	59
74140000	60
74145000	61
74150000	62
74155000	63
74160000	64
74165000	65
74170000	66
74175000	67
74180000	68
74185000	69
74190000	70
74195000	71
74200000	72
74205000	73
