96880000	0
96885000	1
96890000	2
96895000	3
96900000	4
96905000	5
96910000	6
96915000	7
96920000	8
96925000	9
96930000	10
96935000	11
96940000	12
96945000	13
96950000	14
96955000	15
96960000	16
96965000	17
96970000	18
96975000	19
96980000	20
96985000	21
96990000	22
96995000	23
97000000	24
97005000	25
97010000	26
97015000	27
97020000	28
97025000	29
97030000	30
97035000	31
97040000	32
97045000	33
97050000	34
97055000	35
97060000	36
97065000	37
97070000	38
97075000	39
97080000	40
97085000	41
97090000	42
97095000	43
97100000	44
97105000	45
97110000	46
97115000	47
97120000	48
97125000	49
97130000	50
97135000	51
97140000	52
97145000	53
97150000	54
97155000	55
97160000	56
97165000	57
97170000	58
97175000	59
97180000	60
97185000	61
97190000	62
97195000	63
97200000	64
97205000	65
97210000	66
97215000	67
97220000	68
97225000	69
97230000	70
97235000	71
97240000	72
97245000	73
97250000	74
97255000	75
97260000	76
97265000	77
97270000	78
97275000	79
97280000	80
97285000	81
97290000	82
97295000	83
97300000	84
97305000	85
97310000	86
97315000	87
97320000	88
97325000	89
97330000	90
97335000	91
97340000	92
97345000	93
