39390000	0
39395000	1
39400000	2
39405000	3
39410000	4
39415000	5
39420000	6
39425000	7
39430000	8
39435000	9
39440000	10
39445000	11
39450000	12
39455000	13
39460000	14
39465000	15
39470000	16
39475000	17
39480000	18
39485000	19
39490000	20
39495000	21
39500000	22
39505000	23
39510000	24
39515000	25
39520000	26
39525000	27
39530000	28
39535000	29
39540000	30
39545000	31
39550000	32
39555000	33
39560000	34
39565000	35
39570000	36
39575000	37
39580000	38
39585000	39
39590000	40
39595000	41
39600000	42
39605000	43
39610000	44
39615000	45
39620000	46
39625000	47
39630000	48
39635000	49
39640000	50
39645000	51
39650000	52
39655000	53
39660000	54
39665000	55
39670000	56
39675000	57
39680000	58
39685000	59
39690000	60
39695000	61
39700000	62
39705000	63
39710000	64
39715000	65
39720000	66
39725000	67
39730000	68
39735000	69
39740000	70
39745000	71
39750000	72
39755000	73
39760000	74
39765000	75
39770000	76
39775000	77
39780000	78
39785000	79
39790000	80
39795000	81
39800000	82
39805000	83
39810000	84
39815000	85
39820000	86
39825000	87
39830000	88
39835000	89
39840000	90
39845000	91
39850000	92
39855000	93
39860000	94
39865000	95
39870000	96
39875000	97
39880000	98
39885000	99
39890000	100
39895000	101
39900000	102
39905000	103
39910000	104
39915000	105
39920000	106
39925000	107
39930000	108
39935000	109
39940000	110
39945000	111
39950000	112
39955000	113
39960000	114
39965000	115
39970000	116
39975000	117
39980000	118
39985000	119
39990000	120
39995000	121
40000000	122
40005000	123
40010000	124
40015000	125
40020000	126
40025000	127
40030000	128
40035000	129
40040000	130
40045000	131
40050000	132
40055000	133
40060000	134
40065000	135
40070000	136
40075000	137
40080000	138
40085000	139
40090000	140
40095000	141
40100000	142
