94700000	0
94705000	1
94710000	2
94715000	3
94720000	4
94725000	5
94730000	6
94735000	7
94740000	8
94745000	9
94750000	10
94755000	11
94760000	12
94765000	13
94770000	14
94775000	15
94780000	16
94785000	17
94790000	18
94795000	19
94800000	20
94805000	21
94810000	22
94815000	23
94820000	24
94825000	25
94830000	26
94835000	27
94840000	28
94845000	29
94850000	30
94855000	31
94860000	32
94865000	33
94870000	34
94875000	35
94880000	36
94885000	37
94890000	38
94895000	39
94900000	40
94905000	41
94910000	42
94915000	43
94920000	44
94925000	45
94930000	46
94935000	47
94940000	48
94945000	49
94950000	50
94955000	51
94960000	52
94965000	53
94970000	54
94975000	55
94980000	56
94985000	57
94990000	58
94995000	59
95000000	60
95005000	61
95010000	62
95015000	63
95020000	64
95025000	65
95030000	66
95035000	67
95040000	68
95045000	69
95050000	70
95055000	71
95060000	72
95065000	73
95070000	74
95075000	75
95080000	76
95085000	77
95090000	78
95095000	79
95100000	80
95105000	81
95110000	82
95115000	83
95120000	84
95125000	85
95130000	86
95135000	87
95140000	88
95145000	89
95150000	90
95155000	91
95160000	92
95165000	93
95170000	94
95175000	95
95180000	96
95185000	97
95190000	98
95195000	99
95200000	100
95205000	101
95210000	102
95215000	103
95220000	104
95225000	105
95230000	106
95235000	107
95240000	108
95245000	109
95250000	110
95255000	111
95260000	112
95265000	113
95270000	114
95275000	115
95280000	116
95285000	117
95290000	118
95295000	119
95300000	120
95305000	121
95310000	122
95315000	123
95320000	124
95325000	125
95330000	126
95335000	127
95340000	128
95345000	129
95350000	130
95355000	131
95360000	132
95365000	133
