24300000	0
24305000	1
24310000	2
24315000	3
24320000	4
24325000	5
24330000	6
24335000	7
24340000	8
24345000	9
24350000	10
24355000	11
24360000	12
24365000	13
24370000	14
24375000	15
24380000	16
24385000	17
24390000	18
24395000	19
24400000	20
24405000	21
24410000	22
24415000	23
24420000	24
24425000	25
24430000	26
24435000	27
24440000	28
24445000	29
24450000	30
24455000	31
24460000	32
24465000	33
24470000	34
24475000	35
24480000	36
24485000	37
24490000	38
24495000	39
24500000	40
24505000	41
24510000	42
24515000	43
24520000	44
24525000	45
24530000	46
24535000	47
24540000	48
24545000	49
24550000	50
24555000	51
24560000	52
24565000	53
24570000	54
24575000	55
24580000	56
24585000	57
24590000	58
24595000	59
24600000	60
24605000	61
24610000	62
24615000	63
24620000	64
24625000	65
24630000	66
24635000	67
24640000	68
24645000	69
24650000	70
24655000	71
24660000	72
24665000	73
24670000	74
24675000	75
24680000	76
24685000	77
24690000	78
24695000	79
24700000	80
24705000	81
24710000	82
24715000	83
24720000	84
24725000	85
24730000	86
24735000	87
24740000	88
24745000	89
24750000	90
24755000	91
24760000	92
24765000	93
24770000	94
24775000	95
24780000	96
24785000	97
24790000	98
24795000	99
24800000	100
24805000	101
24810000	102
24815000	103
24820000	104
24825000	105
24830000	106
24835000	107
24840000	108
24845000	109
24850000	110
24855000	111
24860000	112
24865000	113
24870000	114
24875000	115
24880000	116
24885000	117
24890000	118
24895000	119
24900000	120
24905000	121
24910000	122
24915000	123
24920000	124
24925000	125
24930000	126
24935000	127
24940000	128
24945000	129
24950000	130
24955000	131
24960000	132
24965000	133
24970000	134
24975000	135
24980000	136
24985000	137
24990000	138
24995000	139
25000000	140
25005000	141
25010000	142
25015000	143
25020000	144
25025000	145
25030000	146
25035000	147
25040000	148
25045000	149
25050000	150
25055000	151
25060000	152
25065000	153
25070000	154
25075000	155
25080000	156
25085000	157
25090000	158
25095000	159
25100000	160
25105000	161
25110000	162
25115000	163
25120000	164
25125000	165
25130000	166
25135000	167
25140000	168
25145000	169
25150000	170
25155000	171
25160000	172
25165000	173
25170000	174
25175000	175
25180000	176
25185000	177
25190000	178
25195000	179
25200000	180
25205000	181
25210000	182
25215000	183
25220000	184
25225000	185
25230000	186
25235000	187
25240000	188
25245000	189
25250000	190
25255000	191
25260000	192
25265000	193
25270000	194
25275000	195
25280000	196
25285000	197
25290000	198
25295000	199
25300000	200
25305000	201
25310000	202
25315000	203
25320000	204
25325000	205
25330000	206
25335000	207
25340000	208
25345000	209
25350000	210
25355000	211
25360000	212
25365000	213
25370000	214
25375000	215
25380000	216
25385000	217
25390000	218
25395000	219
25400000	220
25405000	221
25410000	222
25415000	223
25420000	224
25425000	225
25430000	226
25435000	227
25440000	228
25445000	229
25450000	230
25455000	231
25460000	232
25465000	233
25470000	234
25475000	235
25480000	236
25485000	237
25490000	238
25495000	239
25500000	240
25505000	241
25510000	242
25515000	243
25520000	244
25525000	245
25530000	246
25535000	247
25540000	248
25545000	249
25550000	250
25555000	251
25560000	252
25565000	253
25570000	254
25575000	255
25580000	256
25585000	257
25590000	258
25595000	259
25600000	260
25605000	261
25610000	262
25615000	263
25620000	264
25625000	265
25630000	266
25635000	267
