7285000	0
7290000	1
7295000	2
7300000	3
7305000	4
7310000	5
7315000	6
7320000	7
7325000	8
7330000	9
7335000	10
7340000	11
7345000	12
7350000	13
7355000	14
7360000	15
7365000	16
7370000	17
7375000	18
7380000	19
7385000	20
7390000	21
7395000	22
7400000	23
7405000	24
7410000	25
7415000	26
7420000	27
7425000	28
7430000	29
7435000	30
7440000	31
7445000	32
7450000	33
7455000	34
7460000	35
7465000	36
7470000	37
7475000	38
7480000	39
7485000	40
7490000	41
7495000	42
7500000	43
7505000	44
7510000	45
7515000	46
7520000	47
7525000	48
7530000	49
7535000	50
7540000	51
7545000	52
7550000	53
7555000	54
7560000	55
7565000	56
7570000	57
7575000	58
7580000	59
7585000	60
7590000	61
7595000	62
7600000	63
7605000	64
7610000	65
7615000	66
7620000	67
7670000	68
7675000	69
7680000	70
7685000	71
7690000	72
7695000	73
7700000	74
7705000	75
7710000	76
7715000	77
7720000	78
7725000	79
7730000	80
7735000	81
7740000	82
7745000	83
7750000	84
7755000	85
7760000	86
7765000	87
7770000	88
7775000	89
7780000	90
7785000	91
7790000	92
7795000	93
7800000	94
7805000	95
7810000	96
7815000	97
7820000	98
7825000	99
7830000	100
7835000	101
7840000	102
7845000	103
7850000	104
7855000	105
7860000	106
7865000	107
7870000	108
7875000	109
7880000	110
7885000	111
7890000	112
7895000	113
7900000	114
7905000	115
7910000	116
7915000	117
7920000	118
7925000	119
7930000	120
7935000	121
7940000	122
7945000	123
7950000	124
7955000	125
