171200000	0
171201000	1
171202000	2
171203000	3
171204000	4
171205000	5
171206000	6
171207000	7
171208000	8
171209000	9
171210000	10
171211000	11
171212000	12
171213000	13
171214000	14
171215000	15
171216000	16
171217000	17
171218000	18
171219000	19
171220000	20
171221000	21
171222000	22
171223000	23
171224000	24
171225000	25
171226000	26
171227000	27
171228000	28
171229000	29
171230000	30
171231000	31
171232000	32
171233000	33
171234000	34
171235000	35
171236000	36
171237000	37
171238000	38
171239000	39
171240000	40
171241000	41
171242000	42
171243000	43
171244000	44
171245000	45
171246000	46
171247000	47
171248000	48
171249000	49
171250000	50
171251000	51
171252000	52
171253000	53
171254000	54
171255000	55
171256000	56
171257000	57
171258000	58
171259000	59
171260000	60
171261000	61
171262000	62
171263000	63
171264000	64
171265000	65
171266000	66
171267000	67
171268000	68
171269000	69
171270000	70
171271000	71
171272000	72
171273000	73
171274000	74
171275000	75
171276000	76
171277000	77
171278000	78
171279000	79
171280000	80
171281000	81
171282000	82
171283000	83
171284000	84
171285000	85
171286000	86
171287000	87
171288000	88
171289000	89
171290000	90
171291000	91
171292000	92
171293000	93
171294000	94
171295000	95
