59880000	0
59885000	1
59890000	2
59895000	3
59900000	4
59905000	5
59910000	6
59915000	7
59920000	8
59925000	9
59930000	10
59935000	11
59940000	12
59945000	13
59950000	14
59955000	15
59960000	16
59965000	17
59970000	18
59975000	19
59980000	20
59985000	21
59990000	22
59995000	23
60000000	24
60005000	25
60010000	26
60015000	27
60020000	28
60025000	29
60030000	30
60035000	31
60040000	32
60045000	33
60050000	34
60055000	35
60060000	36
60065000	37
60070000	38
60075000	39
60080000	40
60085000	41
60090000	42
60095000	43
60100000	44
60105000	45
60110000	46
60115000	47
60120000	48
60125000	49
