48740000	0
48745000	1
48750000	2
48755000	3
48760000	4
48765000	5
48770000	6
48775000	7
48780000	8
48785000	9
48790000	10
48795000	11
48800000	12
48805000	13
48810000	14
48815000	15
48820000	16
48825000	17
48830000	18
48835000	19
48840000	20
48845000	21
48850000	22
48855000	23
48860000	24
48865000	25
48870000	26
48875000	27
48880000	28
48885000	29
48890000	30
48895000	31
48900000	32
48905000	33
48910000	34
48915000	35
48920000	36
48925000	37
48930000	38
48935000	39
48940000	40
48945000	41
48950000	42
48955000	43
48960000	44
48965000	45
48970000	46
48975000	47
48980000	48
48985000	49
48990000	50
48995000	51
49000000	52
49005000	53
49010000	54
49015000	55
49020000	56
49025000	57
49030000	58
49035000	59
49040000	60
49045000	61
49050000	62
49055000	63
49060000	64
49065000	65
49070000	66
49075000	67
49080000	68
49085000	69
49090000	70
49095000	71
49100000	72
49105000	73
49110000	74
49115000	75
49120000	76
49125000	77
49130000	78
49135000	79
49140000	80
49145000	81
49150000	82
