90125000	90125000	579.1346564667994
90125000	90130000	148.69664710616377
90130000	90130000	612.1929647648051
90125000	90135000	106.38077369749813
90130000	90135000	213.90485698080695
90135000	90135000	703.0285700533439
90125000	90140000	106.22198405524105
90130000	90140000	111.279877396062
90135000	90140000	227.81079459410577
90140000	90140000	437.77684426508915
90125000	90145000	62.69181462850868
90130000	90145000	82.9895126358867
90135000	90145000	70.83430945807685
90140000	90145000	224.69624201229752
90145000	90145000	513.0132769623042
90125000	90150000	57.724576680421826
90130000	90150000	78.58041176561436
90135000	90150000	88.52682576800026
90140000	90150000	119.91516290339924
90145000	90150000	214.08691927688807
90150000	90150000	415.83404625261846
90125000	90155000	51.77430754842512
90130000	90155000	66.42841120384858
90135000	90155000	59.46465650209403
90140000	90155000	92.08659636345104
90145000	90155000	117.09602457335372
90150000	90155000	179.89392400023064
90155000	90155000	449.3843940188363
90125000	90160000	43.185790925591995
90130000	90160000	52.672441066726876
90135000	90160000	57.54079773907299
90140000	90160000	63.4974041750002
90145000	90160000	83.93418298020323
90150000	90160000	128.0770410732775
90155000	90160000	225.0278247643813
90160000	90160000	597.0610935201437
90125000	90165000	36.52613302332223
90130000	90165000	49.52168276473679
90135000	90165000	43.90281523849259
90140000	90165000	65.98104675394397
90145000	90165000	76.38577001415183
90150000	90165000	66.32842039501794
90155000	90165000	99.63961125535403
90160000	90165000	214.1470475543189
90165000	90165000	518.2223273692452
90125000	90170000	31.018608996484495
90130000	90170000	41.48480310207413
90135000	90170000	44.87769975833655
90140000	90170000	42.02416436608319
90145000	90170000	45.98159583863983
90150000	90170000	65.42473736892265
90155000	90170000	79.16690610805747
90160000	90170000	110.32675543569277
90165000	90170000	192.90735461775498
90170000	90170000	594.9533004519948
90125000	90175000	34.16523383283086
90130000	90175000	35.60505307406879
90135000	90175000	26.961945907378905
90140000	90175000	44.884583956151545
90145000	90175000	38.57096764347277
90150000	90175000	51.40060151607351
90155000	90175000	53.40346487273163
90160000	90175000	77.85610284815421
90165000	90175000	105.22644762956264
90170000	90175000	246.41718019077877
90175000	90175000	639.8983467735501
90125000	90180000	13.920386264936116
90130000	90180000	19.149280357442475
90135000	90180000	9.66720201368685
90140000	90180000	27.660464961691307
90145000	90180000	36.44290483394441
90150000	90180000	29.812715440989766
90155000	90180000	47.12155141286918
90160000	90180000	39.60954022654061
90165000	90180000	65.3000683687886
90170000	90180000	60.681899876392094
90175000	90180000	90.41312800945079
90180000	90180000	1160.759751057743
90125000	90185000	11.051383868223532
90130000	90185000	22.45838464433937
90135000	90185000	27.908306135029555
90140000	90185000	32.66720583143259
90145000	90185000	26.301812642259698
90150000	90185000	38.14311469967513
90155000	90185000	44.53543232160602
90160000	90185000	37.776018888184694
90165000	90185000	47.12879424921329
90170000	90185000	54.30671679607362
90175000	90185000	53.676312688338506
90180000	90185000	215.09826867315167
90185000	90185000	645.4804572269177
90125000	90190000	21.268330365994295
90130000	90190000	25.022709457532745
90135000	90190000	9.717159188649894
90140000	90190000	23.253757641140457
90145000	90190000	23.669410631645807
90150000	90190000	30.511629052634177
90155000	90190000	37.8920490662528
90160000	90190000	32.98893371493859
90165000	90190000	50.12319660524979
90170000	90190000	38.06118299829452
90175000	90190000	65.66838605299736
90180000	90190000	85.14181504961927
90185000	90190000	178.657597560396
90190000	90190000	548.9914125547666
90125000	90195000	15.440092129911308
90130000	90195000	19.563002317461645
90135000	90195000	28.217322287537165
90140000	90195000	19.08337319497735
90145000	90195000	18.819690421571647
90150000	90195000	22.941502206539194
90155000	90195000	21.61370552758086
90160000	90195000	28.903791413768346
90165000	90195000	41.58600457584475
90170000	90195000	45.34340600231993
90175000	90195000	44.267821390592175
90180000	90195000	61.81009255789475
90185000	90195000	83.43719600710969
90190000	90195000	145.42907154709926
90195000	90195000	540.578981724196
90125000	90200000	15.75283001299954
90130000	90200000	16.44601419911575
90135000	90200000	19.535299206475756
90140000	90200000	20.325725476977514
90145000	90200000	24.925368311213088
90150000	90200000	21.907262608059742
90155000	90200000	19.044468184701962
90160000	90200000	34.30380455456719
90165000	90200000	34.38883161737245
90170000	90200000	37.277950426877425
90175000	90200000	35.362285372294636
90180000	90200000	57.05614160427713
90185000	90200000	66.3438369457861
90190000	90200000	105.78071577493189
90195000	90200000	208.17444564774837
90200000	90200000	735.3448507129575
90125000	90205000	13.953747532738243
90130000	90205000	19.37974204071552
90135000	90205000	13.044729116616507
90140000	90205000	15.511471539273309
90145000	90205000	24.85785768718734
90150000	90205000	19.853115869808946
90155000	90205000	19.032208786372852
90160000	90205000	18.54329526653772
90165000	90205000	25.938498937177716
90170000	90205000	42.111227547306804
90175000	90205000	41.60425519677912
90180000	90205000	48.38010812334785
90185000	90205000	57.831628079723494
90190000	90205000	54.70888711901393
90195000	90205000	81.19881360103211
90200000	90205000	151.53669325047468
90205000	90205000	591.0456671905799
90125000	90210000	10.936675016505792
90130000	90210000	22.67782664696811
90135000	90210000	21.22166737707814
90140000	90210000	13.364408160725462
90145000	90210000	24.615481486800704
90150000	90210000	23.798388511829533
90155000	90210000	21.258824488547212
90160000	90210000	23.535821968578176
90165000	90210000	25.14881287791818
90170000	90210000	24.118079387232072
90175000	90210000	28.305719273806776
90180000	90210000	47.120411790406344
90185000	90210000	34.662054116297625
90190000	90210000	44.44921330905962
90195000	90210000	64.00827215544659
90200000	90210000	83.50064870415434
90205000	90210000	199.83335922222065
90210000	90210000	503.3792399997524
90125000	90215000	14.156978567534686
90130000	90215000	12.887697888888876
90135000	90215000	8.674858909068265
90140000	90215000	18.051712325837826
90145000	90215000	15.931754546617322
90150000	90215000	29.99514356638586
90155000	90215000	18.793111411568255
90160000	90215000	24.54201033980888
90165000	90215000	24.85932646343297
90170000	90215000	27.5894554565448
90175000	90215000	30.533614382582634
90180000	90215000	25.80558339024649
90185000	90215000	32.16972069896122
90190000	90215000	49.04817525562518
90195000	90215000	61.62806194675823
90200000	90215000	66.36946326514867
90205000	90215000	79.59208750705771
90210000	90215000	196.78080163084311
90215000	90215000	602.7740282340128
90125000	90220000	14.610906946356662
90130000	90220000	9.072546663443896
90135000	90220000	14.092699325747814
90140000	90220000	14.66291018618147
90145000	90220000	25.336972276568677
90150000	90220000	17.38420834483898
90155000	90220000	20.935033101558478
90160000	90220000	23.92176123165109
90165000	90220000	21.923338045128922
90170000	90220000	19.10760755228581
90175000	90220000	31.46262200946154
90180000	90220000	29.726745523098256
90185000	90220000	30.53152058276732
90190000	90220000	41.37281217612307
90195000	90220000	38.712124970629965
90200000	90220000	65.61628385871103
90205000	90220000	67.00139299416698
90210000	90220000	96.69637796439746
90215000	90220000	191.51483277961856
90220000	90220000	464.0199366155906
90125000	90225000	9.829237519954814
90130000	90225000	9.750994805554365
90135000	90225000	9.188910761776734
90140000	90225000	16.38978392928007
90145000	90225000	15.226315546903846
90150000	90225000	15.456933549822901
90155000	90225000	21.938047985323657
90160000	90225000	17.672370060848444
90165000	90225000	19.8836731548455
90170000	90225000	21.094261944315132
90175000	90225000	33.267049681100715
90180000	90225000	27.689758823333275
90185000	90225000	38.43160502072174
90190000	90225000	41.10698011381958
90195000	90225000	48.49371189363545
90200000	90225000	48.207334253210384
90205000	90225000	56.661900638214796
90210000	90225000	80.71881409423838
90215000	90225000	96.84111473297821
90220000	90225000	223.56391655477887
90225000	90225000	486.4822645735613
90125000	90230000	9.251690663220483
90130000	90230000	15.908611919824747
90135000	90230000	8.566616941732144
90140000	90230000	16.155237658275205
90145000	90230000	13.041798674214961
90150000	90230000	12.008462541424027
90155000	90230000	12.924751332427864
90160000	90230000	17.550050049564174
90165000	90230000	21.48049764148814
90170000	90230000	27.424448284914156
90175000	90230000	25.19898049019387
90180000	90230000	26.062762513631583
90185000	90230000	19.437194419234064
90190000	90230000	20.25935900126045
90195000	90230000	37.02261171411786
90200000	90230000	34.40919691603704
90205000	90230000	48.23118260782279
90210000	90230000	50.187354616172556
90215000	90230000	69.12278054855672
90220000	90230000	100.30388756571199
90225000	90230000	177.8958157868621
90230000	90230000	379.9224023110173
90125000	90235000	13.067978172702029
90130000	90235000	15.556745314873751
90135000	90235000	13.961900912982328
90140000	90235000	9.98718839368881
90145000	90235000	20.243397192677435
90150000	90235000	10.76428780387336
90155000	90235000	16.203694541236693
90160000	90235000	11.236944009527774
90165000	90235000	21.434073565189152
90170000	90235000	11.39321464175507
90175000	90235000	24.22040511926461
90180000	90235000	11.32724731233558
90185000	90235000	28.613113655921033
90190000	90235000	27.325879437877298
90195000	90235000	31.409642439536533
90200000	90235000	33.1903367098829
90205000	90235000	28.385984811956618
90210000	90235000	38.60748460504646
90215000	90235000	40.6579989219275
90220000	90235000	61.92257995195648
90225000	90235000	73.06059288565156
90230000	90235000	184.44219592926143
90235000	90235000	603.253942925922
90125000	90240000	7.435645163402136
90130000	90240000	6.392928470271067
90135000	90240000	9.682097158884751
90140000	90240000	13.431798292442133
90145000	90240000	10.294605471163106
90150000	90240000	17.191344300545218
90155000	90240000	15.731385303656738
90160000	90240000	18.89074775224295
90165000	90240000	19.81838853818518
90170000	90240000	24.310159219063433
90175000	90240000	8.7631389495501
90180000	90240000	13.091759460773275
90185000	90240000	24.56654363217929
90190000	90240000	26.318827424881835
90195000	90240000	25.984952930012636
90200000	90240000	27.513803410444396
90205000	90240000	22.20838207282611
90210000	90240000	44.16782129331811
90215000	90240000	41.50918952379699
90220000	90240000	59.5450964952604
90225000	90240000	76.7974790092001
90230000	90240000	92.81038152297401
90235000	90240000	216.4946962781476
90240000	90240000	404.72160772702676
90125000	90245000	11.001712741079595
90130000	90245000	9.458918635650864
90135000	90245000	11.754291378058529
90140000	90245000	8.408047239314422
90145000	90245000	10.22554696101232
90150000	90245000	16.476862298672945
90155000	90245000	12.959539020834184
90160000	90245000	18.06037348686245
90165000	90245000	16.240489952391666
90170000	90245000	19.921342029274545
90175000	90245000	18.61764575287098
90180000	90245000	19.072440959199245
90185000	90245000	29.250810642799323
90190000	90245000	20.129551641414817
90195000	90245000	28.53087909555668
90200000	90245000	17.34355277708397
90205000	90245000	37.684813956066606
90210000	90245000	35.25748826595482
90215000	90245000	41.360393024544315
90220000	90245000	48.65614756624273
90225000	90245000	49.206795113873646
90230000	90245000	79.22388098144546
90235000	90245000	98.99149853340452
90240000	90245000	247.52784956363138
90245000	90245000	513.8048438730114
