63065000	63065000	602.2650917729753
63065000	63070000	172.88529883142115
63070000	63070000	593.3842816193059
63065000	63075000	80.89106826056681
63070000	63075000	190.4693963720033
63075000	63075000	587.5709414499221
63065000	63080000	59.70050420381154
63070000	63080000	95.60296699861318
63075000	63080000	175.10612175590262
63080000	63080000	447.7828360868798
63065000	63085000	45.63045478463244
63070000	63085000	51.66673458159464
63075000	63085000	76.01323918997649
63080000	63085000	223.5432859154496
63085000	63085000	555.5637943586572
63065000	63090000	41.370996514783926
63070000	63090000	46.527296511271466
63075000	63090000	63.329727225032045
63080000	63090000	78.69423432138404
63085000	63090000	124.65925400199433
63090000	63090000	636.5644442016081
63065000	63095000	32.96088957675837
63070000	63095000	33.28644057554288
63075000	63095000	56.76270484323836
63080000	63095000	64.57777554074183
63085000	63095000	78.92812113854141
63090000	63095000	179.19118809222155
63095000	63095000	524.5605351997891
63065000	63100000	28.365110198414232
63070000	63100000	36.88485302686717
63075000	63100000	39.44686609008897
63080000	63100000	42.42209046222977
63085000	63100000	57.59310423256733
63090000	63100000	89.15053420945699
63095000	63100000	176.59145510590795
63100000	63100000	502.5038498290145
63065000	63105000	29.601405537456753
63070000	63105000	32.67933162413882
63075000	63105000	30.936993379536013
63080000	63105000	42.36132827049546
63085000	63105000	46.62559322283461
63090000	63105000	62.82075100075493
63095000	63105000	92.12143542234786
63100000	63105000	240.34688928337025
63105000	63105000	494.91608121306837
63065000	63110000	27.397003527438613
63070000	63110000	27.74015554636917
63075000	63110000	26.64373213807058
63080000	63110000	39.30558310408499
63085000	63110000	35.01027723726425
63090000	63110000	52.50327963976457
63095000	63110000	61.970585887628964
63100000	63110000	83.24471431397602
63105000	63110000	150.15076237653093
63110000	63110000	593.7493380254596
63065000	63115000	21.140343619736917
63070000	63115000	27.40147363405661
63075000	63115000	23.632140959251213
63080000	63115000	28.974024396700226
63085000	63115000	29.574285450129498
63090000	63115000	51.33238001231055
63095000	63115000	36.80754505935118
63100000	63115000	59.413412211677546
63105000	63115000	99.65770958140179
63110000	63115000	203.17775196606914
63115000	63115000	616.0314601545948
63065000	63120000	21.530885653945187
63070000	63120000	22.855429551645983
63075000	63120000	19.961752478100735
63080000	63120000	23.36151659315474
63085000	63120000	36.43062824402725
63090000	63120000	36.422209192764285
63095000	63120000	35.613143533706115
63100000	63120000	59.06039623023532
63105000	63120000	63.55206705171689
63110000	63120000	73.32919565982705
63115000	63120000	158.15357736549075
63120000	63120000	425.7239003198138
63065000	63125000	16.34402785669838
63070000	63125000	9.71571158905202
63075000	63125000	24.79566072773092
63080000	63125000	25.306403643548105
63085000	63125000	21.721255162012223
63090000	63125000	25.63722237065262
63095000	63125000	28.836080748851717
63100000	63125000	47.82139922982
63105000	63125000	35.932102780117425
63110000	63125000	58.26950992105316
63115000	63125000	91.54108744888723
63120000	63125000	204.48673866250314
63125000	63125000	888.3660048660024
63065000	63130000	22.828844395167344
63070000	63130000	19.38658922648194
63075000	63130000	14.018454953554869
63080000	63130000	27.54328843769691
63085000	63130000	25.282994218082568
63090000	63130000	29.339550691012292
63095000	63130000	25.173354074414387
63100000	63130000	39.95801386923732
63105000	63130000	38.50469302651805
63110000	63130000	43.95578100020881
63115000	63130000	56.14541526870238
63120000	63130000	83.89963024050097
63125000	63130000	168.2461435831914
63130000	63130000	566.6577225872402
63065000	63135000	13.854464851391793
63070000	63135000	19.60902432447282
63075000	63135000	14.012482644278435
63080000	63135000	16.25126458333289
63085000	63135000	19.094568379724446
63090000	63135000	19.601499115229117
63095000	63135000	21.72773080253238
63100000	63135000	31.75408098847963
63105000	63135000	39.85971058299122
63110000	63135000	48.18902744422798
63115000	63135000	54.27572189889487
63120000	63135000	64.27553493491378
63125000	63135000	85.95583784843947
63130000	63135000	149.1435003487617
63135000	63135000	614.5821369839126
63065000	63140000	16.825036426900564
63070000	63140000	16.074075950498475
63075000	63140000	12.762701417024374
63080000	63140000	11.84144410617088
63085000	63140000	17.857357160289393
63090000	63140000	31.04909627452902
63095000	63140000	23.964237871415904
63100000	63140000	23.075997289010996
63105000	63140000	29.112179664882934
63110000	63140000	34.74705822643013
63115000	63140000	33.79334742532138
63120000	63140000	50.60212290979985
63125000	63140000	48.2217246214858
63130000	63140000	59.430572016303216
63135000	63140000	188.35236866585092
63140000	63140000	566.6727884896387
63065000	63145000	16.496627696835883
63070000	63145000	19.103424552297593
63075000	63145000	16.684780810412462
63080000	63145000	16.887724166723448
63085000	63145000	14.394585336319196
63090000	63145000	19.37284834973827
63095000	63145000	20.94700741320701
63100000	63145000	18.64895939805876
63105000	63145000	18.31696528527715
63110000	63145000	20.865119941071523
63115000	63145000	20.65479483530991
63120000	63145000	32.19732830191938
63125000	63145000	42.47658308233041
63130000	63145000	57.51378339192305
63135000	63145000	73.15595015742038
63140000	63145000	203.01672335860354
63145000	63145000	822.1998618144563
63065000	63150000	20.86929041317561
63070000	63150000	9.542888528333377
63075000	63150000	9.741838223264816
63080000	63150000	22.59659398171616
63085000	63150000	16.593793621423085
63090000	63150000	16.293709561446924
63095000	63150000	16.521834347099805
63100000	63150000	19.962569712255277
63105000	63150000	18.30004431050861
63110000	63150000	20.938906822206786
63115000	63150000	28.00561213393088
63120000	63150000	29.71143918839508
63125000	63150000	30.312388404459327
63130000	63150000	52.92428557074377
63135000	63150000	46.4959494363263
63140000	63150000	75.2251076498602
63145000	63150000	180.7910420199211
63150000	63150000	729.443196469808
63065000	63155000	11.252539266584307
63070000	63155000	12.286055900282607
63075000	63155000	14.63256085740794
63080000	63155000	5.656804342770625
63085000	63155000	15.429404609214918
63090000	63155000	10.382776184142141
63095000	63155000	16.544225091769857
63100000	63155000	24.693064218990067
63105000	63155000	17.015927428967487
63110000	63155000	18.171645854561415
63115000	63155000	17.711725857373587
63120000	63155000	24.991432005756778
63125000	63155000	43.36209772014818
63130000	63155000	32.44653655038296
63135000	63155000	41.658018403761425
63140000	63155000	43.24330896780105
63145000	63155000	63.66102995062075
63150000	63155000	232.11971177033897
63155000	63155000	731.4216503490463
63065000	63160000	10.41344442077773
63070000	63160000	7.95892465389264
63075000	63160000	11.585437031045778
63080000	63160000	17.58953268440401
63085000	63160000	11.532912070511202
63090000	63160000	14.412808544647543
63095000	63160000	16.841585782202348
63100000	63160000	17.519650311271956
63105000	63160000	21.197965811253578
63110000	63160000	24.448745653188322
63115000	63160000	20.078942525037082
63120000	63160000	29.29525954642732
63125000	63160000	23.876524792161582
63130000	63160000	32.92963031605497
63135000	63160000	44.44773387630703
63140000	63160000	50.60426929041501
63145000	63160000	52.838374098701
63150000	63160000	84.15060952183704
63155000	63160000	196.15705930062066
63160000	63160000	479.6476199155857
63065000	63165000	12.813642654243921
63070000	63165000	14.28201223468458
63075000	63165000	8.099868310888846
63080000	63165000	14.090982984819963
63085000	63165000	21.286705156771273
63090000	63165000	13.30111614894619
63095000	63165000	20.01692860170917
63100000	63165000	14.64521758176458
63105000	63165000	15.650335158671561
63110000	63165000	23.67717900541468
63115000	63165000	22.05977196356488
63120000	63165000	25.4941438046016
63125000	63165000	27.003522843316244
63130000	63165000	27.480042209858382
63135000	63165000	36.624446446292865
63140000	63165000	36.13771570386821
63145000	63165000	38.653463801621264
63150000	63165000	63.65564214313141
63155000	63165000	86.05157800887132
63160000	63165000	176.86783086082227
63165000	63165000	516.5635595920169
63065000	63170000	15.48009868572787
63070000	63170000	8.36558969981285
63075000	63170000	14.233325206133056
63080000	63170000	11.885321722225651
63085000	63170000	8.312360026783564
63090000	63170000	22.07460374157415
63095000	63170000	17.587165832873165
63100000	63170000	12.352801989668396
63105000	63170000	17.188266320244804
63110000	63170000	12.237126646166264
63115000	63170000	29.719124700231493
63120000	63170000	16.66941552319023
63125000	63170000	20.87860682899347
63130000	63170000	22.724109603572575
63135000	63170000	28.96089621960396
63140000	63170000	37.85711038370695
63145000	63170000	43.54038187329069
63150000	63170000	50.33589923612563
63155000	63170000	65.33866827652011
63160000	63170000	88.28095052844871
63165000	63170000	185.07827329679313
63170000	63170000	583.4437514235171
63065000	63175000	9.756879491405595
63070000	63175000	14.499948846572554
63075000	63175000	13.568722845156747
63080000	63175000	8.583602749546005
63085000	63175000	15.30816708407742
63090000	63175000	21.381467536833217
63095000	63175000	17.931509354786503
63100000	63175000	30.332140925090776
63105000	63175000	20.854511629619346
63110000	63175000	28.634073344913624
63115000	63175000	14.557655732170488
63120000	63175000	20.766731128725556
63125000	63175000	11.514545097564419
63130000	63175000	18.873106203416842
63135000	63175000	16.732493018176925
63140000	63175000	21.166822961303083
63145000	63175000	19.62164849940455
63150000	63175000	46.854572470988415
63155000	63175000	53.389528834187125
63160000	63175000	54.498857544067576
63165000	63175000	66.89911447919808
63170000	63175000	160.04758838468447
63175000	63175000	657.9234938134641
63065000	63180000	13.76881836375605
63070000	63180000	12.59211944544498
63075000	63180000	13.925859311337597
63080000	63180000	18.63554006952276
63085000	63180000	17.985995189782297
63090000	63180000	16.613655283081055
63095000	63180000	15.572172703627054
63100000	63180000	14.720078075323745
63105000	63180000	13.798538079994286
63110000	63180000	22.103598086003725
63115000	63180000	15.559672065250666
63120000	63180000	18.818452633273
63125000	63180000	27.141554049517232
63130000	63180000	17.102482472094632
63135000	63180000	16.952736299748324
63140000	63180000	27.57270034152415
63145000	63180000	23.59375193047904
63150000	63180000	35.077315965331245
63155000	63180000	46.364806616198926
63160000	63180000	50.058647169558306
63165000	63180000	60.89671895208972
63170000	63180000	82.4096098860733
63175000	63180000	187.60985057418486
63180000	63180000	585.0492305900299
63065000	63185000	16.8367783979147
63070000	63185000	11.438431172338255
63075000	63185000	12.487794819391398
63080000	63185000	13.429669173011645
63085000	63185000	15.746159856799089
63090000	63185000	10.356921676435778
63095000	63185000	4.125756937111063
63100000	63185000	9.031577562838196
63105000	63185000	17.365252917678685
63110000	63185000	21.47280758685743
63115000	63185000	14.42855737889427
63120000	63185000	17.45043998758654
63125000	63185000	16.652836304252325
63130000	63185000	24.921620042491842
63135000	63185000	23.954822737668085
63140000	63185000	23.37672706287033
63145000	63185000	33.338815352158235
63150000	63185000	28.252336176717424
63155000	63185000	23.82368366260934
63160000	63185000	41.47623180435356
63165000	63185000	43.766424791853645
63170000	63185000	66.47948553802121
63175000	63185000	82.46700989732682
63180000	63185000	130.47923251208536
63185000	63185000	649.8067047879994
63065000	63190000	12.31599777598014
63070000	63190000	11.409737244410444
63075000	63190000	7.92684359445387
63080000	63190000	12.607981285691814
63085000	63190000	9.093329332837103
63090000	63190000	17.562599315825153
63095000	63190000	15.638547553811817
63100000	63190000	9.827914209109291
63105000	63190000	14.58668735530382
63110000	63190000	13.630235741102343
63115000	63190000	16.448414350207738
63120000	63190000	22.379997353045205
63125000	63190000	15.10096523354047
63130000	63190000	20.33926592770074
63135000	63190000	21.334581035199726
63140000	63190000	18.46015083806063
63145000	63190000	22.170122078042713
63150000	63190000	26.698228722777007
63155000	63190000	25.249165694748662
63160000	63190000	29.82645997479009
63165000	63190000	42.91669137548256
63170000	63190000	42.90822937550494
63175000	63190000	59.723113098313554
63180000	63190000	74.37252471252773
63185000	63190000	150.3769779878847
63190000	63190000	708.6195045762531
63065000	63195000	7.046334044199781
63070000	63195000	8.377390192161984
63075000	63195000	8.552041632143053
63080000	63195000	19.836811908328556
63085000	63195000	7.283574754233653
63090000	63195000	18.204728833720274
63095000	63195000	8.28798789231357
63100000	63195000	16.493635786174906
63105000	63195000	13.770009657031906
63110000	63195000	11.0289494921461
63115000	63195000	12.939585420610006
63120000	63195000	16.69292938382702
63125000	63195000	19.007325609653403
63130000	63195000	19.911643683348046
63135000	63195000	16.1120824613608
63140000	63195000	22.01255511400621
63145000	63195000	20.92886394807259
63150000	63195000	18.669223335020458
63155000	63195000	28.04178640103469
63160000	63195000	27.8537812273767
63165000	63195000	37.25413960230446
63170000	63195000	26.185624945109375
63175000	63195000	51.06053671346429
63180000	63195000	43.11052220802951
63185000	63195000	75.71076790410642
63190000	63195000	226.5625299509874
63195000	63195000	840.7609057030492
63065000	63200000	7.43874107049053
63070000	63200000	18.1616278127543
63075000	63200000	12.225824007158963
63080000	63200000	11.125179645348078
63085000	63200000	14.417238007499318
63090000	63200000	10.295647293057652
63095000	63200000	10.936927546216472
63100000	63200000	12.923086460742182
63105000	63200000	12.87117370981867
63110000	63200000	13.745381282550438
63115000	63200000	16.22146950007146
63120000	63200000	20.651426676605773
63125000	63200000	15.049375969739346
63130000	63200000	22.521979015591505
63135000	63200000	21.261695937320894
63140000	63200000	13.717125246635534
63145000	63200000	14.959738171596726
63150000	63200000	22.17251654454694
63155000	63200000	19.735613524501762
63160000	63200000	30.363802101948146
63165000	63200000	34.41270446394319
63170000	63200000	33.475023135299246
63175000	63200000	34.625880848407505
63180000	63200000	47.94943369626871
63185000	63200000	65.45751007400827
63190000	63200000	66.15242879479138
63195000	63200000	150.30941202226956
63200000	63200000	539.3980879325278
63065000	63205000	13.255543902441566
63070000	63205000	11.256802147402272
63075000	63205000	4.12514789921313
63080000	63205000	10.764506278368007
63085000	63205000	7.5284837707877506
63090000	63205000	12.230958922029878
63095000	63205000	13.492505466222083
63100000	63205000	16.408922921794115
63105000	63205000	14.11441545900866
63110000	63205000	15.073063765459151
63115000	63205000	9.3622738131729
63120000	63205000	16.607192928788066
63125000	63205000	19.253514965199507
63130000	63205000	15.778896588982375
63135000	63205000	17.097951243451423
63140000	63205000	20.35104730919797
63145000	63205000	29.023729739396643
63150000	63205000	16.209457264064202
63155000	63205000	31.11023061482404
63160000	63205000	27.163078868630283
63165000	63205000	30.997977210051513
63170000	63205000	30.78770276993245
63175000	63205000	37.97043524909742
63180000	63205000	43.668904375916426
63185000	63205000	62.33537402538267
63190000	63205000	57.46847186219491
63195000	63205000	74.70620415198002
63200000	63205000	178.38864195937256
63205000	63205000	485.6166052680038
63065000	63210000	6.428358739301331
63070000	63210000	12.73779838719846
63075000	63210000	8.668903609231938
63080000	63210000	12.818772266573793
63085000	63210000	13.447795441058915
63090000	63210000	16.805859600295648
63095000	63210000	10.239013232500161
63100000	63210000	12.539263571174198
63105000	63210000	13.085788262939186
63110000	63210000	11.17965793093824
63115000	63210000	19.67460348878971
63120000	63210000	16.656643828719186
63125000	63210000	14.45029274881588
63130000	63210000	15.858646887136643
63135000	63210000	21.231926194037015
63140000	63210000	24.172798407839434
63145000	63210000	14.585211288036659
63150000	63210000	15.612576063397515
63155000	63210000	18.476231754757126
63160000	63210000	31.303353974834774
63165000	63210000	17.701504751842457
63170000	63210000	24.884480991591353
63175000	63210000	35.58380991410736
63180000	63210000	43.07533879407073
63185000	63210000	43.66545249400146
63190000	63210000	47.51554399297273
63195000	63210000	48.59318687973565
63200000	63210000	84.67675984349636
63205000	63210000	164.07527462649477
63210000	63210000	492.57203279103027
63065000	63215000	11.082481457720226
63070000	63215000	9.411405672220837
63075000	63215000	12.329771580665994
63080000	63215000	13.259727253847933
63085000	63215000	10.63735575623857
63090000	63215000	11.248449260722033
63095000	63215000	8.961807189245187
63100000	63215000	16.2132546179402
63105000	63215000	13.535928375967243
63110000	63215000	10.600543033043161
63115000	63215000	7.122987656877972
63120000	63215000	8.204580176498782
63125000	63215000	8.968422401286697
63130000	63215000	16.404171005272136
63135000	63215000	18.583473278780254
63140000	63215000	14.425570584987964
63145000	63215000	19.20154764478943
63150000	63215000	19.085932925215754
63155000	63215000	16.171521884976723
63160000	63215000	19.999512459747493
63165000	63215000	31.493925205237947
63170000	63215000	16.731316038791523
63175000	63215000	36.8078630544191
63180000	63215000	27.12170953044173
63185000	63215000	35.92869902331232
63190000	63215000	37.88648820525995
63195000	63215000	37.37635379005791
63200000	63215000	56.12535500947416
63205000	63215000	75.53442535689331
63210000	63215000	202.82659996826777
63215000	63215000	503.7315035583917
63065000	63220000	4.923870675055443
63070000	63220000	13.589625200473995
63075000	63220000	7.470045193043463
63080000	63220000	16.4607228804831
63085000	63220000	11.815260929624367
63090000	63220000	7.95074164535575
63095000	63220000	10.859098934156787
63100000	63220000	15.30730592135126
63105000	63220000	4.009280234716575
63110000	63220000	10.703974388274537
63115000	63220000	10.172232880288623
63120000	63220000	20.048813559921477
63125000	63220000	11.621775382680902
63130000	63220000	19.048863781512928
63135000	63220000	16.888315934483725
63140000	63220000	20.295743942989734
63145000	63220000	18.280963336702467
63150000	63220000	21.199373487577418
63155000	63220000	16.32931025671421
63160000	63220000	11.635965694919125
63165000	63220000	26.032624108021597
63170000	63220000	28.590804711014368
63175000	63220000	40.88370420391235
63180000	63220000	25.821407041074806
63185000	63220000	30.785544871584424
63190000	63220000	31.845662752949696
63195000	63220000	34.35736184538365
63200000	63220000	43.44928461267245
63205000	63220000	66.29022875955005
63210000	63220000	109.92224051051068
63215000	63220000	235.28738504493768
63220000	63220000	503.92631308380584
63065000	63225000	8.372805090289479
63070000	63225000	15.109406177850675
63075000	63225000	11.643914614988129
63080000	63225000	10.312350993042262
63085000	63225000	15.454832712406436
63090000	63225000	11.588445846718216
63095000	63225000	14.618421933759658
63100000	63225000	9.952393542630759
63105000	63225000	13.635176133968608
63110000	63225000	14.561274600245527
63115000	63225000	8.648696204712119
63120000	63225000	10.84746806238418
63125000	63225000	12.704316214034245
63130000	63225000	16.195838006274045
63135000	63225000	15.156599982979465
63140000	63225000	18.16417669109934
63145000	63225000	18.13344065531162
63150000	63225000	18.02425713036598
63155000	63225000	6.9418015348663396
63160000	63225000	31.478363014695898
63165000	63225000	22.825287534752167
63170000	63225000	19.446914918589574
63175000	63225000	14.746830256677395
63180000	63225000	27.44253740852888
63185000	63225000	30.052397340996972
63190000	63225000	26.109008069146515
63195000	63225000	26.777226735954134
63200000	63225000	32.1232248740203
63205000	63225000	51.958416082799495
63210000	63225000	67.54938607646153
63215000	63225000	93.80214739076285
63220000	63225000	197.74671709271098
63225000	63225000	554.1038409332497
63065000	63230000	3.593168560141903
63070000	63230000	8.136990401695716
63075000	63230000	4.845534165533875
63080000	63230000	7.586605506709546
63085000	63230000	15.917767602795532
63090000	63230000	14.3668859352272
63095000	63230000	13.207283272538861
63100000	63230000	1.7522236024187998
63105000	63230000	15.604005481474575
63110000	63230000	7.290424070843523
63115000	63230000	16.495851326009106
63120000	63230000	18.620656173690854
63125000	63230000	12.923320479288607
63130000	63230000	15.31103435617381
63135000	63230000	14.606410848326782
63140000	63230000	8.314785518561292
63145000	63230000	10.375894840058832
63150000	63230000	15.86680059656497
63155000	63230000	14.299473262888053
63160000	63230000	18.526438624955386
63165000	63230000	18.205620901785842
63170000	63230000	22.254920949020434
63175000	63230000	25.314262672373083
63180000	63230000	16.74936453345724
63185000	63230000	18.860000141475115
63190000	63230000	22.13257506276855
63195000	63230000	20.8934191105763
63200000	63230000	34.92352599536334
63205000	63230000	46.35932087680525
63210000	63230000	47.652578096236
63215000	63230000	60.24551709483966
63220000	63230000	71.78334492658013
63225000	63230000	145.85628258799105
63230000	63230000	711.4687705508452
63065000	63235000	8.955537721960772
63070000	63235000	7.60517388057849
63075000	63235000	12.076907408088468
63080000	63235000	7.353381757916661
63085000	63235000	12.122338884441918
63090000	63235000	12.394981466790187
63095000	63235000	8.778014655467738
63100000	63235000	10.91801310328163
63105000	63235000	7.292080306213919
63110000	63235000	11.681035437594861
63115000	63235000	16.445565114273066
63120000	63235000	7.734955280647177
63125000	63235000	16.104906033226367
63130000	63235000	17.07198153315841
63135000	63235000	19.34000276730327
63140000	63235000	11.657023025711682
63145000	63235000	14.777521142282811
63150000	63235000	7.909215996466114
63155000	63235000	7.919934735814098
63160000	63235000	8.978453914825733
63165000	63235000	13.809875892579791
63170000	63235000	36.40067599084004
63175000	63235000	13.519871934251865
63180000	63235000	23.481992120746053
63185000	63235000	16.590447371854104
63190000	63235000	26.202313106677362
63195000	63235000	19.09391667725564
63200000	63235000	49.247821597608144
63205000	63235000	31.398096736694576
63210000	63235000	38.269780102159615
63215000	63235000	36.856143644060865
63220000	63235000	68.22888507150931
63225000	63235000	76.05751301942398
63230000	63235000	244.89140263700497
63235000	63235000	694.9304334193846
63065000	63240000	11.041297987595593
63070000	63240000	9.376432065830304
63075000	63240000	8.685623383807007
63080000	63240000	8.634282972530274
63085000	63240000	10.869565550914313
63090000	63240000	13.583817017854045
63095000	63240000	12.626167739576777
63100000	63240000	14.358226441003287
63105000	63240000	10.988289222835153
63110000	63240000	13.868177408805597
63115000	63240000	19.149334317897384
63120000	63240000	17.256414838253082
63125000	63240000	18.201119361871996
63130000	63240000	19.809953541178185
63135000	63240000	7.480571905930656
63140000	63240000	18.098028619038452
63145000	63240000	7.591346434444604
63150000	63240000	16.252143529601504
63155000	63240000	9.764501270090868
63160000	63240000	16.867887849933375
63165000	63240000	13.7831304246013
63170000	63240000	15.671841970928364
63175000	63240000	16.05131527339516
63180000	63240000	22.51743573863677
63185000	63240000	18.181681186649122
63190000	63240000	32.87162950056961
63195000	63240000	17.120671260353145
63200000	63240000	45.18528346083367
63205000	63240000	32.000901476801204
63210000	63240000	37.963235376181565
63215000	63240000	35.903212572930684
63220000	63240000	43.61752407878
63225000	63240000	57.216471679105624
63230000	63240000	73.96606078020977
63235000	63240000	211.5508485116191
63240000	63240000	612.3093054231243
63065000	63245000	14.613185647244086
63070000	63245000	8.27315427592456
63075000	63245000	6.158273778406291
63080000	63245000	13.712994267540791
63085000	63245000	8.991185834698076
63090000	63245000	8.989107988168772
63095000	63245000	10.74263448134644
63100000	63245000	11.580043796916515
63105000	63245000	13.881981667723892
63110000	63245000	9.530256289526156
63115000	63245000	17.89001796429601
63120000	63245000	18.03071717801892
63125000	63245000	11.497131181643995
63130000	63245000	11.470603952090803
63135000	63245000	15.779010687642936
63140000	63245000	12.680886907267123
63145000	63245000	10.54952439721292
63150000	63245000	9.679388770572324
63155000	63245000	12.923341981431431
63160000	63245000	14.650579111607763
63165000	63245000	17.705478130960536
63170000	63245000	16.970500024005982
63175000	63245000	8.57928997213256
63180000	63245000	17.029647322689907
63185000	63245000	13.535719179722008
63190000	63245000	11.251470075447447
63195000	63245000	15.578235377956501
63200000	63245000	29.90141813391545
63205000	63245000	30.740279198979604
63210000	63245000	50.603326308777866
63215000	63245000	30.069979382222723
63220000	63245000	40.821874111495326
63225000	63245000	49.4323440810839
63230000	63245000	60.18090209772386
63235000	63245000	82.49648782718957
63240000	63245000	224.37856301006565
63245000	63245000	554.362966924493
63065000	63250000	10.48063989279403
63070000	63250000	13.692789223153532
63075000	63250000	7.338584323458939
63080000	63250000	10.780693624719484
63085000	63250000	8.333468553951379
63090000	63250000	8.182765156379599
63095000	63250000	10.667996129301194
63100000	63250000	12.384170873542217
63105000	63250000	12.472623793910673
63110000	63250000	9.814561425921005
63115000	63250000	9.62309864283921
63120000	63250000	8.355873038923644
63125000	63250000	7.611500459955057
63130000	63250000	9.221211050232805
63135000	63250000	12.289710026648311
63140000	63250000	14.691578816849264
63145000	63250000	17.959247567255215
63150000	63250000	14.952214206226046
63155000	63250000	12.833552372552337
63160000	63250000	16.627187309570957
63165000	63250000	9.590434306652677
63170000	63250000	29.023907265979606
63175000	63250000	17.03936448248055
63180000	63250000	19.02524362547534
63185000	63250000	20.162512286997767
63190000	63250000	18.622160672388038
63195000	63250000	22.501818085272166
63200000	63250000	27.2191949139533
63205000	63250000	19.672762191425697
63210000	63250000	30.649998259856442
63215000	63250000	29.492402258483292
63220000	63250000	25.387590486368815
63225000	63250000	38.99259739069381
63230000	63250000	39.84184895869263
63235000	63250000	67.52467055114667
63240000	63250000	75.08939288862481
63245000	63250000	157.17321240271718
63250000	63250000	484.33442818306094
63065000	63255000	8.764970510900556
63070000	63255000	3.72167070605264
63075000	63255000	6.6487048658506005
63080000	63255000	9.253166450604649
63085000	63255000	11.325094285614401
63090000	63255000	7.076548173205973
63095000	63255000	12.081410161600683
63100000	63255000	6.41141152160345
63105000	63255000	15.16593425395297
63110000	63255000	8.574353740052713
63115000	63255000	9.053783812542852
63120000	63255000	13.788872113011783
63125000	63255000	8.86624062675719
63130000	63255000	14.742972713030987
63135000	63255000	15.866504769160686
63140000	63255000	16.16270779447384
63145000	63255000	12.203212304762184
63150000	63255000	10.159949279698274
63155000	63255000	17.440659876206162
63160000	63255000	11.298084511051304
63165000	63255000	13.757369316360993
63170000	63255000	20.357769463320512
63175000	63255000	15.437542249602826
63180000	63255000	19.151927264217484
63185000	63255000	13.192899636450043
63190000	63255000	13.159804528771062
63195000	63255000	19.112330730267956
63200000	63255000	20.176687432675966
63205000	63255000	25.813173530537288
63210000	63255000	26.15422094120039
63215000	63255000	28.055900599727323
63220000	63255000	28.93671079924866
63225000	63255000	32.17281642922693
63230000	63255000	37.901251457836146
63235000	63255000	41.83418190549344
63240000	63255000	45.47687854039915
63245000	63255000	78.17199108481896
63250000	63255000	233.97995267871192
63255000	63255000	626.0466847664527
63065000	63260000	7.094888058926117
63070000	63260000	7.53135364767903
63075000	63260000	8.96976145011596
63080000	63260000	11.859266206734448
63085000	63260000	6.548003141212627
63090000	63260000	7.364801148430033
63095000	63260000	7.823529134198758
63100000	63260000	9.08211068486766
63105000	63260000	10.83194871197248
63110000	63260000	13.881183031398038
63115000	63260000	4.885780473520306
63120000	63260000	11.818093341806021
63125000	63260000	14.353724218949377
63130000	63260000	14.320605997431024
63135000	63260000	6.083664608920253
63140000	63260000	9.235098554153675
63145000	63260000	13.170673748633343
63150000	63260000	8.224066781990812
63155000	63260000	16.470424427767863
63160000	63260000	17.528570405053983
63165000	63260000	15.824888097181995
63170000	63260000	10.299242827746504
63175000	63260000	14.281216222124257
63180000	63260000	10.076760318151045
63185000	63260000	16.429410858011327
63190000	63260000	27.040524696175453
63195000	63260000	15.470656393856212
63200000	63260000	17.012718715171758
63205000	63260000	17.909757262930015
63210000	63260000	21.170780850370775
63215000	63260000	25.954415300883788
63220000	63260000	25.22486993691433
63225000	63260000	23.744714175450984
63230000	63260000	38.56854635585692
63235000	63260000	42.60193074972914
63240000	63260000	40.40307253785759
63245000	63260000	68.62441237904113
63250000	63260000	84.37324302599083
63255000	63260000	182.0164280536184
63260000	63260000	490.03462794226283
63065000	63265000	16.800412462973824
63070000	63265000	11.413725184410632
63075000	63265000	9.062416218089787
63080000	63265000	11.035839532249458
63085000	63265000	12.404328600259422
63090000	63265000	9.301096487030287
63095000	63265000	6.58695307401813
63100000	63265000	14.747023903686834
63105000	63265000	16.415758918476108
63110000	63265000	14.608928347948153
63115000	63265000	10.283852132778016
63120000	63265000	11.608499065677814
63125000	63265000	9.063746000605269
63130000	63265000	12.057111065675274
63135000	63265000	15.366267298163486
63140000	63265000	15.550823615964696
63145000	63265000	19.405637121409736
63150000	63265000	11.870026803508406
63155000	63265000	19.314934142903866
63160000	63265000	18.287123028760973
63165000	63265000	12.583426862914955
63170000	63265000	15.608446069935592
63175000	63265000	15.781430677816907
63180000	63265000	14.683918313225144
63185000	63265000	14.524231241952958
63190000	63265000	11.383268612878856
63195000	63265000	15.630463328137278
63200000	63265000	23.204413791276647
63205000	63265000	16.963836871275923
63210000	63265000	24.75632899056461
63215000	63265000	25.60792589142028
63220000	63265000	32.99453609714555
63225000	63265000	25.150795423880584
63230000	63265000	33.21046628574221
63235000	63265000	26.211471358992664
63240000	63265000	38.55262206177974
63245000	63265000	40.51944971203289
63250000	63265000	60.3568891932368
63255000	63265000	83.03701081510047
63260000	63265000	221.31798480687388
63265000	63265000	530.0246016718156
63065000	63270000	15.881013126071311
63070000	63270000	10.789111271552141
63075000	63270000	12.849715853458003
63080000	63270000	6.706224860746362
63085000	63270000	12.898054516844123
63090000	63270000	17.58419154564466
63095000	63270000	4.669862501583245
63100000	63270000	16.263328503666
63105000	63270000	9.051822309090333
63110000	63270000	12.42851180151798
63115000	63270000	13.123444911883176
63120000	63270000	16.459839284509755
63125000	63270000	4.28386712303103
63130000	63270000	16.02743622800166
63135000	63270000	6.052229699684281
63140000	63270000	12.402962821201346
63145000	63270000	15.723143457208764
63150000	63270000	21.03832851077154
63155000	63270000	14.746788073718406
63160000	63270000	20.470693905510213
63165000	63270000	10.495412868477612
63170000	63270000	18.442846080454704
63175000	63270000	11.188346192166875
63180000	63270000	15.268378082220652
63185000	63270000	11.76805327205407
63190000	63270000	13.205849027767332
63195000	63270000	7.387544616175033
63200000	63270000	18.278797262379094
63205000	63270000	18.70807652594829
63210000	63270000	19.657296669110444
63215000	63270000	20.333491145641883
63220000	63270000	17.74541798742563
63225000	63270000	37.03323580731985
63230000	63270000	28.253726922018497
63235000	63270000	31.297330908915743
63240000	63270000	25.724355701116245
63245000	63270000	25.53468708605254
63250000	63270000	45.43178541386874
63255000	63270000	51.69039786532083
63260000	63270000	86.00707584576665
63265000	63270000	195.221312359298
63270000	63270000	609.8074516286538
63065000	63275000	7.588789099726863
63070000	63275000	11.968377423440561
63075000	63275000	12.061253936216248
63080000	63275000	9.918967151199638
63085000	63275000	18.410076701614976
63090000	63275000	10.003164221037574
63095000	63275000	8.76663704025051
63100000	63275000	9.516097510815918
63105000	63275000	13.241143060669545
63110000	63275000	10.36968451092874
63115000	63275000	8.958681387782478
63120000	63275000	8.828491000949896
63125000	63275000	10.235292883980636
63130000	63275000	16.04692113014926
63135000	63275000	15.699840410119029
63140000	63275000	13.170649940368948
63145000	63275000	9.391688264335661
63150000	63275000	12.9255782298408
63155000	63275000	10.066851861889369
63160000	63275000	16.769111377476317
63165000	63275000	14.329325958732701
63170000	63275000	15.107946094467737
63175000	63275000	12.002087258046915
63180000	63275000	18.95075229037527
63185000	63275000	14.058497667469272
63190000	63275000	17.02820926566464
63195000	63275000	12.60771445659288
63200000	63275000	16.637290175462695
63205000	63275000	25.542027737315074
63210000	63275000	21.086994076493234
63215000	63275000	10.90618447083704
63220000	63275000	22.025196046230107
63225000	63275000	16.853753598187303
63230000	63275000	24.644914340794124
63235000	63275000	25.37097508451591
63240000	63275000	30.73114866671305
63245000	63275000	33.772910579958754
63250000	63275000	43.275175517410986
63255000	63275000	53.90962396261056
63260000	63275000	57.12565567329026
63265000	63275000	88.17683329922589
63270000	63275000	237.26726085980914
63275000	63275000	523.7346939949953
63065000	63280000	3.7921770814881426
63070000	63280000	14.813712826168391
63075000	63280000	7.670857894311944
63080000	63280000	7.4730054112795425
63085000	63280000	7.8397092959413435
63090000	63280000	18.894931602247404
63095000	63280000	11.708568390570333
63100000	63280000	7.766937931569104
63105000	63280000	14.20385454137628
63110000	63280000	10.552053935730136
63115000	63280000	13.23120335192384
63120000	63280000	11.229694731183756
63125000	63280000	11.252242444893282
63130000	63280000	10.205709313605787
63135000	63280000	20.232700022086835
63140000	63280000	14.479248221396674
63145000	63280000	11.263439642177444
63150000	63280000	18.085234215278952
63155000	63280000	15.09145309418354
63160000	63280000	13.035019979205197
63165000	63280000	13.533299459742299
63170000	63280000	17.61563640014832
63175000	63280000	14.5031339136978
63180000	63280000	17.8979950956275
63185000	63280000	21.075422687652626
63190000	63280000	15.416539483653192
63195000	63280000	15.876436499095336
63200000	63280000	18.040910452115522
63205000	63280000	15.95443800837522
63210000	63280000	21.45784653362127
63215000	63280000	15.953359483262123
63220000	63280000	24.65380330692802
63225000	63280000	19.65122151660805
63230000	63280000	24.73760087695557
63235000	63280000	17.749303687403707
63240000	63280000	29.177529728059817
63245000	63280000	38.10842166601679
63250000	63280000	36.83448558655607
63255000	63280000	43.20045528369118
63260000	63280000	59.94688462956047
63265000	63280000	57.481731204766575
63270000	63280000	103.37103057578666
63275000	63280000	189.98520285092457
63280000	63280000	457.5967600308696
63065000	63285000	7.408561996269166
63070000	63285000	10.223621561977735
63075000	63285000	13.112856262172329
63080000	63285000	9.1247426442361
63085000	63285000	12.307497493541424
63090000	63285000	11.962857329772158
63095000	63285000	11.573341049240163
63100000	63285000	11.515851288367964
63105000	63285000	8.294618059012555
63110000	63285000	13.689616082767822
63115000	63285000	11.904169624817948
63120000	63285000	7.541469303956064
63125000	63285000	9.992213630455536
63130000	63285000	13.084520772643316
63135000	63285000	9.176022676697478
63140000	63285000	5.625313104343441
63145000	63285000	12.606885338649656
63150000	63285000	13.494899208874868
63155000	63285000	17.198602636791087
63160000	63285000	14.32450219343841
63165000	63285000	9.180292406641438
63170000	63285000	8.60366826033218
63175000	63285000	16.77668262636623
63180000	63285000	21.0445331676922
63185000	63285000	18.871353386003356
63190000	63285000	17.96837658730124
63195000	63285000	22.61648703840069
63200000	63285000	16.343682642665225
63205000	63285000	21.039266463171128
63210000	63285000	17.19415268441067
63215000	63285000	20.32641951886752
63220000	63285000	14.110764218799154
63225000	63285000	18.395917794132796
63230000	63285000	22.882789982200574
63235000	63285000	31.93824721717974
63240000	63285000	25.313605958297625
63245000	63285000	27.918850942265976
63250000	63285000	32.0376328622545
63255000	63285000	37.67780687984438
63260000	63285000	46.764606156405875
63265000	63285000	53.0680346804378
63270000	63285000	53.400277133831274
63275000	63285000	92.79083778588368
63280000	63285000	181.41599375944244
63285000	63285000	484.0750109365034
63065000	63290000	12.199459990162161
63070000	63290000	8.057746831361436
63075000	63290000	8.225734361465607
63080000	63290000	10.493960833590851
63085000	63290000	9.00728543404481
63090000	63290000	10.005782074364083
63095000	63290000	11.957633579035338
63100000	63290000	13.881274017267582
63105000	63290000	15.452043018103597
63110000	63290000	7.072089738777464
63115000	63290000	6.222934650913233
63120000	63290000	12.0420019627222
63125000	63290000	20.11030113314391
63130000	63290000	8.207959423251713
63135000	63290000	10.331545459199802
63140000	63290000	15.291362279030887
63145000	63290000	10.065156528065165
63150000	63290000	10.774134071908446
63155000	63290000	8.990612841457365
63160000	63290000	9.318611053473438
63165000	63290000	16.124710476944262
63170000	63290000	14.167406139464953
63175000	63290000	13.642304812020303
63180000	63290000	13.032051828183379
63185000	63290000	17.57772101474392
63190000	63290000	18.78602822538073
63195000	63290000	18.91652089093561
63200000	63290000	10.401027622685785
63205000	63290000	15.96794509402925
63210000	63290000	17.97657323528743
63215000	63290000	8.677644378170022
63220000	63290000	13.769350059769458
63225000	63290000	15.219176075319293
63230000	63290000	22.775716717959426
63235000	63290000	30.052438499293377
63240000	63290000	28.81799164302217
63245000	63290000	27.243345996698945
63250000	63290000	35.170281851313824
63255000	63290000	20.83416927735802
63260000	63290000	32.73680529256949
63265000	63290000	36.33234904223267
63270000	63290000	55.06893700095345
63275000	63290000	47.29397803419055
63280000	63290000	67.86961516359607
63285000	63290000	149.16715936449708
63290000	63290000	744.4685993244199
63065000	63295000	8.921596303729327
63070000	63295000	6.313625275659083
63075000	63295000	18.04670403457802
63080000	63295000	8.372014283786639
63085000	63295000	6.587124716980281
63090000	63295000	8.232003055698682
63095000	63295000	8.74474604827597
63100000	63295000	8.701307134909072
63105000	63295000	7.264443378635179
63110000	63295000	15.515685872325346
63115000	63295000	13.652697125456616
63120000	63295000	11.008056943377008
63125000	63295000	10.027417852978607
63130000	63295000	15.006422520073652
63135000	63295000	17.000033212421915
63140000	63295000	14.193474776818197
63145000	63295000	12.881325145694985
63150000	63295000	9.849050161783524
63155000	63295000	9.862397806045173
63160000	63295000	7.666650552344376
63165000	63295000	9.826811836058111
63170000	63295000	10.360776489222502
63175000	63295000	14.965146360996995
63180000	63295000	19.494162961214577
63185000	63295000	13.77297475458409
63190000	63295000	13.738424496860345
63195000	63295000	10.375391390033965
63200000	63295000	11.409575055170945
63205000	63295000	5.004655711128404
63210000	63295000	18.405045898965174
63215000	63295000	19.03816400196174
63220000	63295000	16.614961764713033
63225000	63295000	14.12647139000944
63230000	63295000	10.287607607804098
63235000	63295000	12.820308379407301
63240000	63295000	19.56955672685553
63245000	63295000	29.885027920256864
63250000	63295000	25.720405396536673
63255000	63295000	24.19875329912426
63260000	63295000	27.205429335845803
63265000	63295000	41.22967908417631
63270000	63295000	33.1273839102561
63275000	63295000	41.237863046400854
63280000	63295000	50.25420179423528
63285000	63295000	80.67933239762536
63290000	63295000	136.38668218301132
63295000	63295000	729.8125434558998
63065000	63300000	7.277071989059748
63070000	63300000	5.2969681556512676
63075000	63300000	4.2057548560959095
63080000	63300000	12.4381619959221
63085000	63300000	13.04850844570159
63090000	63300000	12.469956505280452
63095000	63300000	13.756154148143013
63100000	63300000	12.927386893004735
63105000	63300000	16.083183145293336
63110000	63300000	9.039763033482483
63115000	63300000	6.681651339811023
63120000	63300000	15.392457988034169
63125000	63300000	5.6084959888693
63130000	63300000	5.5955555554520995
63135000	63300000	8.716025852691692
63140000	63300000	9.923298241014304
63145000	63300000	2.5731186472287897
63150000	63300000	11.017464144097088
63155000	63300000	16.548592872114273
63160000	63300000	10.720202224871262
63165000	63300000	11.67962436538532
63170000	63300000	15.694653088363234
63175000	63300000	13.60165123512213
63180000	63300000	18.172331165305845
63185000	63300000	19.258615427833565
63190000	63300000	13.447212899080467
63195000	63300000	9.6718719692909
63200000	63300000	12.763117458523244
63205000	63300000	17.49490240974513
63210000	63300000	19.301696286516894
63215000	63300000	19.014912770375773
63220000	63300000	12.672293439331929
63225000	63300000	17.059328171500184
63230000	63300000	12.330052073808726
63235000	63300000	15.365581187259114
63240000	63300000	28.416377537848515
63245000	63300000	20.89397062078894
63250000	63300000	19.3655486981018
63255000	63300000	21.61800618456335
63260000	63300000	27.389581084269093
63265000	63300000	24.021273176989443
63270000	63300000	53.13370988947617
63275000	63300000	39.06169299211318
63280000	63300000	54.65441112543467
63285000	63300000	72.29573098761468
63290000	63300000	80.23696940380982
63295000	63300000	210.4760041203569
63300000	63300000	569.8844643715191
63065000	63305000	8.54498586073505
63070000	63305000	12.094212038698648
63075000	63305000	10.082853812524826
63080000	63305000	13.030230748364243
63085000	63305000	12.092365256402465
63090000	63305000	11.826753977940431
63095000	63305000	10.992976373571116
63100000	63305000	15.626242190809824
63105000	63305000	5.798155756292935
63110000	63305000	12.383930697021693
63115000	63305000	7.845822648296166
63120000	63305000	10.01620151218936
63125000	63305000	16.327015867537597
63130000	63305000	9.102869090113524
63135000	63305000	13.568670755651757
63140000	63305000	12.976397029012833
63145000	63305000	7.050035025137099
63150000	63305000	12.263275423099993
63155000	63305000	17.002931368534483
63160000	63305000	7.954933534341567
63165000	63305000	10.353188136985308
63170000	63305000	14.058169030466283
63175000	63305000	12.90007569660895
63180000	63305000	9.957999514851382
63185000	63305000	15.829885665952338
63190000	63305000	15.132251554487144
63195000	63305000	9.1092937743486
63200000	63305000	13.659923376419366
63205000	63305000	18.574395711259275
63210000	63305000	13.221080478649549
63215000	63305000	14.327106650619976
63220000	63305000	18.083623424795547
63225000	63305000	25.830278245204546
63230000	63305000	11.96476180994979
63235000	63305000	14.910360303142769
63240000	63305000	22.347971816002293
63245000	63305000	19.320849579427456
63250000	63305000	30.793326239429348
63255000	63305000	30.902990563396063
63260000	63305000	27.09927698357838
63265000	63305000	28.958773303579324
63270000	63305000	28.92935148881546
63275000	63305000	40.77117400035903
63280000	63305000	36.545276900032114
63285000	63305000	53.87383932689982
63290000	63305000	52.5703456774921
63295000	63305000	81.2592978996394
63300000	63305000	181.4319967193087
63305000	63305000	447.3079399624994
63065000	63310000	5.107924183962073
63070000	63310000	9.542992966651722
63075000	63310000	11.365602312059742
63080000	63310000	9.346875257174588
63085000	63310000	12.068345618578872
63090000	63310000	3.7704864518988614
63095000	63310000	14.269013095916886
63100000	63310000	10.46178204326512
63105000	63310000	6.6546343956393486
63110000	63310000	13.324904714341429
63115000	63310000	13.131961845705561
63120000	63310000	14.369689669065925
63125000	63310000	5.511403662953429
63130000	63310000	13.059382218286876
63135000	63310000	8.565137053901392
63140000	63310000	15.957015649887406
63145000	63310000	7.585721144685841
63150000	63310000	9.473391942447831
63155000	63310000	9.486230486624368
63160000	63310000	14.924041917227733
63165000	63310000	10.802287795819119
63170000	63310000	8.304666854352575
63175000	63310000	11.30984816429414
63180000	63310000	12.500416675584141
63185000	63310000	8.516347648346528
63190000	63310000	16.989967852352468
63195000	63310000	10.692490382997004
63200000	63310000	13.326052248127445
63205000	63310000	15.472833086427684
63210000	63310000	21.67720234767211
63215000	63310000	15.882873249114935
63220000	63310000	12.452915116310034
63225000	63310000	15.881687084563218
63230000	63310000	14.136031599559997
63235000	63310000	16.35787574021897
63240000	63310000	20.684772684127854
63245000	63310000	18.479035341638177
63250000	63310000	22.428566767111512
63255000	63310000	17.549195359329342
63260000	63310000	17.94361480798514
63265000	63310000	19.82855723190958
63270000	63310000	32.131617009659934
63275000	63310000	29.246072830886373
63280000	63310000	39.00242184131751
63285000	63310000	46.84231154813054
63290000	63310000	50.27984259713386
63295000	63310000	55.155284524284795
63300000	63310000	89.39267602620997
63305000	63310000	144.67393043277644
63310000	63310000	580.4669134551955
63065000	63315000	9.297791710097709
63070000	63315000	7.895820983177367
63075000	63315000	9.40383813920982
63080000	63315000	14.957203817643999
63085000	63315000	12.749068176400042
63090000	63315000	8.57912050299562
63095000	63315000	6.835113180411125
63100000	63315000	11.659131830627658
63105000	63315000	10.815374149405224
63110000	63315000	10.394957000327668
63115000	63315000	7.317456706738502
63120000	63315000	7.866673216608536
63125000	63315000	10.748820594977296
63130000	63315000	13.405024919815625
63135000	63315000	15.185889144822676
63140000	63315000	6.91572556511037
63145000	63315000	9.862890430355439
63150000	63315000	10.557620593071844
63155000	63315000	19.381868929860545
63160000	63315000	12.55560252341311
63165000	63315000	14.92285836457227
63170000	63315000	13.882702573603046
63175000	63315000	10.694522808724342
63180000	63315000	11.609239974260726
63185000	63315000	17.224484875159913
63190000	63315000	12.272340225864472
63195000	63315000	12.357587110914174
63200000	63315000	13.24961555992623
63205000	63315000	8.941176277428255
63210000	63315000	16.44096709898367
63215000	63315000	9.718012881577902
63220000	63315000	16.19117483862761
63225000	63315000	14.913336484397025
63230000	63315000	11.815424128957716
63235000	63315000	9.816171504041312
63240000	63315000	13.447083188872694
63245000	63315000	6.673968153711275
63250000	63315000	15.02255623207378
63255000	63315000	24.01822660851535
63260000	63315000	19.441780089209757
63265000	63315000	23.325596360672478
63270000	63315000	20.888628244556024
63275000	63315000	17.82445142332279
63280000	63315000	27.43361343835121
63285000	63315000	29.43692222809892
63290000	63315000	32.686712899962984
63295000	63315000	50.524669500799625
63300000	63315000	66.09020437183095
63305000	63315000	78.83189132604517
63310000	63315000	191.47894175230422
63315000	63315000	707.5685353611296
63065000	63320000	7.2588163961459475
63070000	63320000	4.403066617533944
63075000	63320000	11.53681129884575
63080000	63320000	7.298211210874049
63085000	63320000	7.65633786204311
63090000	63320000	8.611389558481646
63095000	63320000	6.860822417901721
63100000	63320000	4.551161175458177
63105000	63320000	5.910518578796112
63110000	63320000	13.52562821077609
63115000	63320000	10.473397701091278
63120000	63320000	9.212306261790868
63125000	63320000	6.993032826754991
63130000	63320000	10.465346795522066
63135000	63320000	8.694160434837901
63140000	63320000	7.198839421730649
63145000	63320000	11.549986222777408
63150000	63320000	13.737281542176833
63155000	63320000	9.629129020766301
63160000	63320000	14.257745385668535
63165000	63320000	10.965011133985776
63170000	63320000	14.451028402747237
63175000	63320000	13.56752951579914
63180000	63320000	15.407731746318179
63185000	63320000	8.644636076179664
63190000	63320000	14.371584225828554
63195000	63320000	12.059510840634193
63200000	63320000	11.935405615380045
63205000	63320000	11.343159037541099
63210000	63320000	15.58598466595968
63215000	63320000	8.535244993917557
63220000	63320000	16.854004198847306
63225000	63320000	18.807746300322208
63230000	63320000	17.42375382325562
63235000	63320000	11.495275794928556
63240000	63320000	11.54800000609737
63245000	63320000	20.84155505824133
63250000	63320000	17.24729232511233
63255000	63320000	13.12577564477249
63260000	63320000	15.178261299245278
63265000	63320000	16.293488378538584
63270000	63320000	19.0257904503167
63275000	63320000	20.409557696551015
63280000	63320000	29.205697816235098
63285000	63320000	35.6609505348724
63290000	63320000	44.077622688299705
63295000	63320000	29.265478016785515
63300000	63320000	46.25923469527644
63305000	63320000	50.57602154573713
63310000	63320000	86.54582087139394
63315000	63320000	125.0290486822087
63320000	63320000	638.9056617311694
63065000	63325000	6.133083996505459
63070000	63325000	9.548558823285907
63075000	63325000	11.372231187639045
63080000	63325000	10.79114622702322
63085000	63325000	11.32067283962678
63090000	63325000	7.5453711019533225
63095000	63325000	16.53165146626941
63100000	63325000	10.467883774576713
63105000	63325000	11.65240237978583
63110000	63325000	12.443831244828317
63115000	63325000	6.569810466540709
63120000	63325000	9.8376272861587
63125000	63325000	15.165199870820395
63130000	63325000	14.442472550553232
63135000	63325000	11.686544435056224
63140000	63325000	9.757197035705348
63145000	63325000	12.65024240302016
63150000	63325000	12.187179263533283
63155000	63325000	6.779830883643771
63160000	63325000	13.175952544985714
63165000	63325000	10.808588123756364
63170000	63325000	7.122437545269633
63175000	63325000	11.316444521816024
63180000	63325000	9.82748440179098
63185000	63325000	10.414940218482426
63190000	63325000	9.44437615762457
63195000	63325000	9.509979264599911
63200000	63325000	11.765139297192722
63205000	63325000	9.461135116823746
63210000	63325000	18.978614692088247
63215000	63325000	11.217978902446585
63220000	63325000	4.15339271879022
63225000	63325000	12.35962771718538
63230000	63325000	15.154581750780121
63235000	63325000	21.4035444055068
63240000	63325000	8.278734749607223
63245000	63325000	9.244906528476692
63250000	63325000	21.761598068093555
63255000	63325000	8.317625094300913
63260000	63325000	16.45790689083643
63265000	63325000	14.171515744694542
63270000	63325000	17.41477695681395
63275000	63325000	20.11840209138704
63280000	63325000	27.509545797437582
63285000	63325000	26.559458056759627
63290000	63325000	35.44509550954013
63295000	63325000	23.830945743448066
63300000	63325000	34.199487485586886
63305000	63325000	52.857806169353395
63310000	63325000	67.21487577891392
63315000	63325000	79.54932173724217
63320000	63325000	152.19955383001843
63325000	63325000	526.8236125121377
63065000	63330000	11.295193605635212
63070000	63330000	9.592043945614275
63075000	63330000	12.302792386903324
63080000	63330000	6.72653905997936
63085000	63330000	8.981144442151054
63090000	63330000	5.611918072605703
63095000	63330000	10.21965434656942
63100000	63330000	12.075555603850049
63105000	63330000	9.197153917910402
63110000	63330000	12.843922113945602
63115000	63330000	6.3821565429256175
63120000	63330000	6.432350143023631
63125000	63330000	11.718664427798217
63130000	63330000	13.44536996501707
63135000	63330000	8.609161853973074
63140000	63330000	11.309575751521526
63145000	63330000	18.279757651023214
63150000	63330000	12.661234130043686
63155000	63330000	10.37323055978457
63160000	63330000	11.946299825191133
63165000	63330000	12.632646129775178
63170000	63330000	7.063144708850102
63175000	63330000	7.870140538662422
63180000	63330000	7.59403059999233
63185000	63330000	18.510348570404744
63190000	63330000	7.225009963944663
63195000	63330000	8.083551969846242
63200000	63330000	11.333848434496796
63205000	63330000	13.159692142020596
63210000	63330000	11.5228295539925
63215000	63330000	8.740750481210323
63220000	63330000	7.943431963266427
63225000	63330000	15.008248583633376
63230000	63330000	11.163971338727471
63235000	63330000	7.4913050379433646
63240000	63330000	15.833216523909446
63245000	63330000	18.335889143399132
63250000	63330000	11.560948507082555
63255000	63330000	15.711204887400948
63260000	63330000	15.896978747437586
63265000	63330000	19.273427346393195
63270000	63330000	14.802687856292474
63275000	63330000	24.873874917914904
63280000	63330000	27.733699476989457
63285000	63330000	19.919765040790388
63290000	63330000	24.297250462663328
63295000	63330000	24.52100002202884
63300000	63330000	30.560574362882466
63305000	63330000	36.76051805107341
63310000	63330000	47.61094691412983
63315000	63330000	61.9033502211581
63320000	63330000	92.19523612776746
63325000	63330000	211.80905827897897
63330000	63330000	464.1150205334037
63065000	63335000	8.205705619521204
63070000	63335000	9.954864957269836
63075000	63335000	8.2992962060204
63080000	63335000	17.325502658032413
63085000	63335000	12.11711547271373
63090000	63335000	5.40817644178014
63095000	63335000	7.755794608471493
63100000	63335000	6.8597939929770355
63105000	63335000	5.727022880408203
63110000	63335000	9.174001712646847
63115000	63335000	8.610631784588382
63120000	63335000	7.810516460500078
63125000	63335000	6.324201151522933
63130000	63335000	14.196621100241481
63135000	63335000	10.721766180910757
63140000	63335000	11.189619157663028
63145000	63335000	13.056644731220654
63150000	63335000	13.976339113177234
63155000	63335000	4.665093382682823
63160000	63335000	9.066162575890203
63165000	63335000	10.845941335150457
63170000	63335000	10.89074568091145
63175000	63335000	8.258583872937095
63180000	63335000	11.270225181628252
63185000	63335000	11.943923461644179
63190000	63335000	17.329398514563017
63195000	63335000	1.3632635194659253
63200000	63335000	13.492340842425655
63205000	63335000	11.836465482197553
63210000	63335000	7.2549343070342776
63215000	63335000	9.64864021740044
63220000	63335000	8.335492712656759
63225000	63335000	9.111924102334648
63230000	63335000	12.744875905843273
63235000	63335000	10.107064725521884
63240000	63335000	15.427926586056518
63245000	63335000	12.958147839842828
63250000	63335000	17.15748853950641
63255000	63335000	8.478851890751034
63260000	63335000	16.30030577694616
63265000	63335000	17.335455499052234
63270000	63335000	15.362602532840338
63275000	63335000	16.779577289708136
63280000	63335000	19.07561473740788
63285000	63335000	20.604323421124352
63290000	63335000	20.979960684299567
63295000	63335000	31.64467123372854
63300000	63335000	25.141155237054107
63305000	63335000	32.375355810634666
63310000	63335000	31.623578020631548
63315000	63335000	39.83181135489905
63320000	63335000	64.19989758593526
63325000	63335000	83.06030817254545
63330000	63335000	137.00124733045908
63335000	63335000	607.812002675656
63065000	63340000	5.8844005166032085
63070000	63340000	7.495678735514569
63075000	63340000	16.862626800825613
63080000	63340000	7.5926313869867075
63085000	63340000	8.689314953945155
63090000	63340000	8.144350189895484
63095000	63340000	9.372603054411893
63100000	63340000	7.173881004117383
63105000	63340000	6.388527032575539
63110000	63340000	10.233651787673889
63115000	63340000	5.402930279493721
63120000	63340000	10.890845162540284
63125000	63340000	6.613765158775304
63130000	63340000	6.598505276652898
63135000	63340000	11.212679974729577
63140000	63340000	7.65946104457197
63145000	63340000	9.709841635810232
63150000	63340000	6.496119515722061
63155000	63340000	6.504923196376818
63160000	63340000	7.585017456793049
63165000	63340000	6.4814518249936315
63170000	63340000	10.250456832502005
63175000	63340000	0.9870533476266227
63180000	63340000	14.572092241534909
63185000	63340000	4.54210754454108
63190000	63340000	12.685997576687557
63195000	63340000	6.843277411011696
63200000	63340000	6.772852789665648
63205000	63340000	11.553189784978558
63210000	63340000	12.139381553355506
63215000	63340000	7.175409183635588
63220000	63340000	9.96245374840409
63225000	63340000	9.317370200936404
63230000	63340000	9.693397180929646
63235000	63340000	16.911733434802937
63240000	63340000	4.964406066463361
63245000	63340000	12.812287625976566
63250000	63340000	12.397031925294044
63255000	63340000	7.9803631304746245
63260000	63340000	8.613040284981901
63265000	63340000	12.690431596165364
63270000	63340000	14.138084129835716
63275000	63340000	20.180036679504337
63280000	63340000	21.48356355501621
63285000	63340000	9.743319781438025
63290000	63340000	23.03759101993874
63295000	63340000	15.644235375574885
63300000	63340000	16.827062145487723
63305000	63340000	25.933568944938212
63310000	63340000	29.76436424898815
63315000	63340000	23.64961774083161
63320000	63340000	36.0874253801758
63325000	63340000	51.290746925417544
63330000	63340000	53.44210932300515
63335000	63340000	160.33349845864456
63340000	63340000	460.3611220311484
63065000	63345000	13.573061734903787
63070000	63345000	6.102234499808987
63075000	63345000	8.075217629675734
63080000	63345000	7.866935599025278
63085000	63345000	11.200459045471774
63090000	63345000	8.84042418944366
63095000	63345000	9.978005106526508
63100000	63345000	10.512465951373192
63105000	63345000	9.751691133495273
63110000	63345000	6.942682711072788
63115000	63345000	8.79705460037325
63120000	63345000	13.003819537578892
63125000	63345000	16.15280510927984
63130000	63345000	12.355244177934633
63135000	63345000	12.170995225631616
63140000	63345000	8.314092974605307
63145000	63345000	8.892883392815566
63150000	63345000	5.288493013434935
63155000	63345000	11.65045220399103
63160000	63345000	10.977715878929844
63165000	63345000	7.914828062453822
63170000	63345000	8.344900245755058
63175000	63345000	10.446285873020859
63180000	63345000	11.165312978577434
63185000	63345000	9.614101201393096
63190000	63345000	12.540747921417541
63195000	63345000	9.285190615090304
63200000	63345000	13.4781329512626
63205000	63345000	10.077273821406626
63210000	63345000	6.353147877554214
63215000	63345000	13.14338164496431
63220000	63345000	8.921480525312077
63225000	63345000	9.65398523740716
63230000	63345000	3.9456989009921455
63235000	63345000	10.817594619199468
63240000	63345000	12.124573786614176
63245000	63345000	15.244558696335046
63250000	63345000	9.561247321171594
63255000	63345000	9.384290100755809
63260000	63345000	13.439434560513941
63265000	63345000	14.758977850736315
63270000	63345000	12.556166066895804
63275000	63345000	15.71428858819233
63280000	63345000	11.493281428601913
63285000	63345000	17.694550339399868
63290000	63345000	14.289455506528792
63295000	63345000	22.53288258691082
63300000	63345000	23.9731043526718
63305000	63345000	18.766690599321166
63310000	63345000	29.61588499087059
63315000	63345000	27.129454848131463
63320000	63345000	43.04333580400885
63325000	63345000	50.51106505232059
63330000	63345000	56.673902919835875
63335000	63345000	74.14582910105864
63340000	63345000	157.6661276004218
63345000	63345000	443.98566671971173
63065000	63350000	8.351303615972421
63070000	63350000	6.501045303934309
63075000	63350000	9.854313965665998
63080000	63350000	11.265475285757443
63085000	63350000	8.735248548526
63090000	63350000	9.632238803639742
63095000	63350000	5.627708700342134
63100000	63350000	10.690438407660702
63105000	63350000	7.366753778119852
63110000	63350000	6.656778816553941
63115000	63350000	8.30698674805112
63120000	63350000	6.6978548128721185
63125000	63350000	10.325081850361881
63130000	63350000	12.174215039895866
63135000	63350000	11.669786243456958
63140000	63350000	10.870518506931726
63145000	63350000	12.057915826430197
63150000	63350000	9.219472102275471
63155000	63350000	9.231966528832345
63160000	63350000	10.16681799523043
63165000	63350000	6.898991483086488
63170000	63350000	8.890280200828784
63175000	63350000	14.00853352509442
63180000	63350000	9.732289638812373
63185000	63350000	8.38016969952713
63190000	63350000	7.073124881445112
63195000	63350000	10.521515515806094
63200000	63350000	10.680244002424514
63205000	63350000	10.54067515574972
63210000	63350000	6.768357095399544
63215000	63350000	6.364711716628799
63220000	63350000	10.604241984156138
63225000	63350000	9.016001548680414
63230000	63350000	8.942138923894166
63235000	63350000	10.286399500893049
63240000	63350000	14.091244203052103
63245000	63350000	11.88924567149034
63250000	63350000	14.353171195426897
63255000	63350000	9.438293003149962
63260000	63350000	11.714536795855361
63265000	63350000	14.794430269491269
63270000	63350000	20.977211882774448
63275000	63350000	16.18786282709083
63280000	63350000	11.76045415175787
63285000	63350000	17.550908275712203
63290000	63350000	13.233927256640193
63295000	63350000	19.640877076524937
63300000	63350000	17.314037478472024
63305000	63350000	20.038624471219766
63310000	63350000	24.64140420291963
63315000	63350000	24.410320145840668
63320000	63350000	38.70997156584496
63325000	63350000	33.46141036600839
63330000	63350000	42.91316064739789
63335000	63350000	56.55081948823794
63340000	63350000	94.0609086570929
63345000	63350000	171.94988706269862
63350000	63350000	456.43701338870386
63065000	63355000	6.8887163499111095
63070000	63355000	9.74999813552745
63075000	63355000	6.967285949322646
63080000	63355000	8.88849829762709
63085000	63355000	9.32466108290086
63090000	63355000	10.593757012334436
63095000	63355000	16.88040823294095
63100000	63355000	9.238105793196087
63105000	63355000	11.218326445568774
63110000	63355000	12.97862903892755
63115000	63355000	11.595964463906979
63120000	63355000	5.099852936512853
63125000	63355000	6.194051822975198
63130000	63355000	2.3174101281514776
63135000	63355000	10.50111686317751
63140000	63355000	8.96673405903857
63145000	63355000	22.734123771121244
63150000	63355000	9.125808060005388
63155000	63355000	19.799380360588813
63160000	63355000	6.906343784172199
63165000	63355000	10.622736546368866
63170000	63355000	10.66661883804317
63175000	63355000	16.177251566718795
63180000	63355000	4.013923205278584
63185000	63355000	14.888519768017163
63190000	63355000	11.668777296656945
63195000	63355000	9.346457014791577
63200000	63355000	9.690761149410385
63205000	63355000	8.694657100675899
63210000	63355000	10.15090127441394
63215000	63355000	10.500083742843627
63220000	63355000	8.163951872371252
63225000	63355000	11.899206185809211
63230000	63355000	17.021716177725043
63235000	63355000	11.313217940888464
63240000	63355000	9.298724012045376
63245000	63355000	4.615081728496675
63250000	63355000	17.568230963806226
63255000	63355000	16.608721560982026
63260000	63355000	12.603830939572058
63265000	63355000	15.917530604362256
63270000	63355000	10.532512765013468
63275000	63355000	9.24427171994852
63280000	63355000	13.65299575603653
63285000	63355000	25.444720215388482
63290000	63355000	21.832464788369784
63295000	63355000	12.679133549609269
63300000	63355000	21.668909785300524
63305000	63355000	22.263825616936476
63310000	63355000	22.26168450506591
63315000	63355000	20.135272195541795
63320000	63355000	29.474386602559026
63325000	63355000	39.707017606211494
63330000	63355000	49.39208128540396
63335000	63355000	58.863964906471416
63340000	63355000	67.83121310065272
63345000	63355000	102.12179056671796
63350000	63355000	187.9202737242357
63355000	63355000	509.0830703209755
63065000	63360000	3.1898837600294603
63070000	63360000	5.41779207615152
63075000	63360000	9.678798417144526
63080000	63360000	14.966913707708548
63085000	63360000	7.850673595710943
63090000	63360000	12.754396394130485
63095000	63360000	12.506606421237422
63100000	63360000	7.000020410631358
63105000	63360000	6.060541342297982
63110000	63360000	13.868940239192519
63115000	63360000	9.762942719766498
63120000	63360000	11.020492124682104
63125000	63360000	7.170532329707703
63130000	63360000	10.015582953031116
63135000	63360000	12.967037860187578
63140000	63360000	8.304258123735712
63145000	63360000	14.474963365023125
63150000	63360000	4.2257897479162105
63155000	63360000	12.69454988676086
63160000	63360000	10.05100267709326
63165000	63360000	10.540620676460303
63170000	63360000	9.878552832658665
63175000	63360000	11.771612005308743
63180000	63360000	7.434736921161674
63185000	63360000	4.924476181306091
63190000	63360000	7.859396583117184
63195000	63360000	4.94624375463454
63200000	63360000	8.158902720606944
63205000	63360000	10.73637683255895
63210000	63360000	6.580656086306485
63215000	63360000	10.696753763637338
63220000	63360000	14.041461022966
63225000	63360000	7.3467165030138375
63230000	63360000	7.356592098652177
63235000	63360000	13.0967252642721
63240000	63360000	6.458790115970362
63245000	63360000	11.753809316624874
63250000	63360000	12.025846837998825
63255000	63360000	7.69082198934078
63260000	63360000	10.894464710220056
63265000	63360000	14.741519260052641
63270000	63360000	5.573916982885537
63275000	63360000	8.56129088059894
63280000	63360000	21.96113819285304
63285000	63360000	17.87676426959589
63290000	63360000	19.03006976007266
63295000	63360000	14.351797655251985
63300000	63360000	21.892339428132328
63305000	63360000	14.370776611248452
63310000	63360000	9.860283989215914
63315000	63360000	18.647647694525936
63320000	63360000	25.47698919768792
63325000	63360000	30.495016972022583
63330000	63360000	29.732897531615983
63335000	63360000	34.97189047989085
63340000	63360000	52.49320741552529
63345000	63360000	66.55409900089228
63350000	63360000	98.92597550993551
63355000	63360000	178.31284063443326
63360000	63360000	533.6689455285443
63065000	63365000	9.606314899168932
63070000	63365000	5.710476377809633
63075000	63365000	6.801116143478386
63080000	63365000	11.493555478842953
63085000	63365000	12.057549643266553
63090000	63365000	7.977416800826976
63095000	63365000	9.88668624568694
63100000	63365000	13.350994404529215
63105000	63365000	12.515164916517286
63110000	63365000	9.188569804162956
63115000	63365000	12.34843707447792
63120000	63365000	13.512315276507131
63125000	63365000	3.8869223496649736
63130000	63365000	13.572839307819939
63135000	63365000	12.447236280045736
63140000	63365000	9.16968109143422
63145000	63365000	3.5665577360142287
63150000	63365000	10.180751417923242
63155000	63365000	6.371592869281015
63160000	63365000	15.684602637103323
63165000	63365000	8.888043621361737
63170000	63365000	4.4623799673057665
63175000	63365000	10.635040675537551
63180000	63365000	8.39612382025683
63185000	63365000	9.787819190322653
63190000	63365000	13.313544426137812
63195000	63365000	7.82018054293609
63200000	63365000	12.53094698040264
63205000	63365000	12.124699262797431
63210000	63365000	12.739888577106013
63215000	63365000	7.028336016955737
63220000	63365000	10.734080492933767
63225000	63365000	10.785737909955188
63230000	63365000	10.44418455711717
63235000	63365000	13.015432926515578
63240000	63365000	4.862651462343419
63245000	63365000	10.618956870005947
63250000	63365000	9.586525284594243
63255000	63365000	13.896517256612144
63260000	63365000	9.139541919206687
63265000	63365000	13.318197786265566
63270000	63365000	16.366170570101374
63275000	63365000	10.31290947625717
63280000	63365000	10.82222667349354
63285000	63365000	19.087225158050575
63290000	63365000	17.19268065116471
63295000	63365000	9.429894208779908
63300000	63365000	19.778592787110405
63305000	63365000	23.144056200117248
63310000	63365000	17.81650996488353
63315000	63365000	31.588466544281488
63320000	63365000	23.017137863994307
63325000	63365000	24.30941082109046
63330000	63365000	34.438628494194106
63335000	63365000	35.312381296634726
63340000	63365000	45.86997488186776
63345000	63365000	58.22939079869832
63350000	63365000	69.51348918045386
63355000	63365000	87.37431849966171
63360000	63365000	203.14033370510634
63365000	63365000	606.9328671464255
63065000	63370000	10.954270183090348
63070000	63370000	14.31157965971719
63075000	63370000	6.817975175634237
63080000	63370000	11.860930141498113
63085000	63370000	12.44295155312785
63090000	63370000	11.662571259264396
63095000	63370000	8.052845110405103
63100000	63370000	10.478333371543961
63105000	63370000	11.664034426070554
63110000	63370000	10.990811768290705
63115000	63370000	10.831666258685033
63120000	63370000	6.862022398460158
63125000	63370000	9.091967490528189
63130000	63370000	11.905673947104184
63135000	63370000	10.27607516188407
63140000	63370000	18.28036371985184
63145000	63370000	9.385421698916677
63150000	63370000	13.395359383111403
63155000	63370000	6.706756530888721
63160000	63370000	11.585724029383671
63165000	63370000	9.466955601146186
63170000	63370000	8.807088138036148
63175000	63370000	11.024860416470105
63180000	63370000	10.310747405096015
63185000	63370000	3.9025325535123576
63190000	63370000	10.121131378631443
63195000	63370000	12.73929425547224
63200000	63370000	11.638332308350353
63205000	63370000	13.471519821115374
63210000	63370000	11.17503538364837
63215000	63370000	12.330077017909387
63220000	63370000	11.983494348967668
63225000	63370000	14.555253827440472
63230000	63370000	16.65693631502288
63235000	63370000	4.151539762320375
63240000	63370000	8.530734287219506
63245000	63370000	12.701754312293078
63250000	63370000	11.772603979891507
63255000	63370000	9.90404529668268
63260000	63370000	11.717041145502998
63265000	63370000	11.682310297077459
63270000	63370000	16.564497173471647
63275000	63370000	7.53847045103147
63280000	63370000	12.12984452252039
63285000	63370000	19.96247658260761
63290000	63370000	13.195775753609784
63295000	63370000	15.509270471056128
63300000	63370000	20.24069664187723
63305000	63370000	20.301248742648593
63310000	63370000	14.9177225722588
63315000	63370000	27.70842375983528
63320000	63370000	26.679537026662185
63325000	63370000	27.009718147879145
63330000	63370000	29.604327531165566
63335000	63370000	33.4203152797967
63340000	63370000	47.05533381014052
63345000	63370000	51.632201738300616
63350000	63370000	60.00721973739739
63355000	63370000	75.84368937299791
63360000	63370000	79.85206501461916
63365000	63370000	150.29624501745516
63370000	63370000	478.70828736174735
63065000	63375000	18.235265033312434
63070000	63375000	10.595447686883881
63075000	63375000	12.619064600401527
63080000	63375000	6.754716638828119
63085000	63375000	8.503408507363048
63090000	63375000	15.05463932809651
63095000	63375000	12.699799992961724
63100000	63375000	7.7224367160126794
63105000	63375000	11.72221042587565
63110000	63375000	18.360291604749655
63115000	63375000	11.455893552579008
63120000	63375000	14.92097228121081
63125000	63375000	10.355623607137803
63130000	63375000	9.04026389696613
63135000	63375000	14.63038207159095
63140000	63375000	15.824019429677692
63145000	63375000	11.877626488496857
63150000	63375000	11.442845016633303
63155000	63375000	19.09725434317465
63160000	63375000	10.721731614079735
63165000	63375000	12.685564484848447
63170000	63375000	13.374866687165142
63175000	63375000	6.7615485392586026
63180000	63375000	10.904954223972723
63185000	63375000	6.222901873904524
63190000	63375000	12.414582770879365
63195000	63375000	5.5807221918974985
63200000	63375000	7.36438747997583
63205000	63375000	2.422716688553613
63210000	63375000	8.485472504535348
63215000	63375000	8.777365623661066
63220000	63375000	9.749308709304833
63225000	63375000	11.604761148810297
63230000	63375000	12.331811130978172
63235000	63375000	11.821364081383935
63240000	63375000	12.631302905765619
63245000	63375000	7.715797455749164
63250000	63375000	14.685862542320024
63255000	63375000	10.412832786810831
63260000	63375000	9.833560009282063
63265000	63375000	12.418921925248753
63270000	63375000	15.093384189828882
63275000	63375000	20.606909379050705
63280000	63375000	15.017090207131501
63285000	63375000	19.069726154148036
63290000	63375000	19.324033368047726
63295000	63375000	14.131873444278996
63300000	63375000	22.230517436224087
63305000	63375000	26.506667869139378
63310000	63375000	25.89116500617277
63315000	63375000	27.35157230846606
63320000	63375000	19.710887957069556
63325000	63375000	26.71583657850276
63330000	63375000	26.837503255455914
63335000	63375000	33.42316472440774
63340000	63375000	42.72094394206967
63345000	63375000	50.58783182078442
63350000	63375000	52.914102713362325
63355000	63375000	43.6471072378766
63360000	63375000	50.527990803454784
63365000	63375000	79.88648157191885
63370000	63375000	168.1774692778344
63375000	63375000	525.2471471597348
63065000	63380000	17.273936937327676
63070000	63380000	13.039360358960488
63075000	63380000	20.382781638782657
63080000	63380000	12.15737984435183
63085000	63380000	9.211184798187467
63090000	63380000	7.969375480068907
63095000	63380000	5.643840206328745
63100000	63380000	7.019756031865675
63105000	63380000	10.1583214667375
63110000	63380000	9.179307628329855
63115000	63380000	10.573705473357517
63120000	63380000	7.10457616809078
63125000	63380000	10.354678108546183
63130000	63380000	11.622135207274031
63135000	63380000	13.89759396134798
63140000	63380000	18.320875911247835
63145000	63380000	14.251850431931992
63150000	63380000	19.06966708593489
63155000	63380000	14.003374519376443
63160000	63380000	9.89607940501011
63165000	63380000	8.244864066315335
63170000	63380000	7.80129322168471
63175000	63380000	15.453557006141427
63180000	63380000	10.065192526057938
63185000	63380000	9.777952964751586
63190000	63380000	7.093399590468724
63195000	63380000	8.928340249135893
63200000	63380000	8.836458107943969
63205000	63380000	12.919975933145766
63210000	63380000	10.181637307422488
63215000	63380000	10.531877069543201
63220000	63380000	13.647785996640623
63225000	63380000	13.26137325751263
63230000	63380000	5.691085477251154
63235000	63380000	17.73042713462802
63240000	63380000	13.601699602644569
63245000	63380000	14.46579933932348
63250000	63380000	8.299947036693379
63255000	63380000	13.014852581068137
63260000	63380000	9.832662176617214
63265000	63380000	14.191757761728258
63270000	63380000	13.834338943241097
63275000	63380000	17.170856590179717
63280000	63380000	16.81760539543257
63285000	63380000	11.000760595741042
63290000	63380000	18.24880963711007
63295000	63380000	10.59793737231041
63300000	63380000	14.818991816830243
63305000	63380000	23.684646910495637
63310000	63380000	21.84367590062791
63315000	63380000	13.674537515132322
63320000	63380000	22.99393634486622
63325000	63380000	30.76088179101037
63330000	63380000	28.2112094729102
63335000	63380000	39.9184684156091
63340000	63380000	45.04706394432587
63345000	63380000	44.26031137887095
63350000	63380000	42.43764485031794
63355000	63380000	42.73389041884319
63360000	63380000	60.62805294090415
63365000	63380000	66.94636683723282
63370000	63380000	98.76187658492643
63375000	63380000	148.2110595662814
63380000	63380000	546.4308833194535
63065000	63385000	9.490125783505647
63070000	63385000	15.312392404395677
63075000	63385000	12.477875655084807
63080000	63385000	15.36202476485301
63085000	63385000	9.108956736424645
63090000	63385000	8.75658814736183
63095000	63385000	7.674154727704582
63100000	63385000	9.718588602189785
63105000	63385000	11.591055971942717
63110000	63385000	15.679203054723486
63115000	63385000	6.970903874708394
63120000	63385000	7.7283005606789645
63125000	63385000	7.679819451313457
63130000	63385000	12.770166452512594
63135000	63385000	20.976699651044935
63140000	63385000	20.588120670846084
63145000	63385000	12.919206470812306
63150000	63385000	17.600825284870037
63155000	63385000	16.365772708282627
63160000	63385000	13.048333612587736
63165000	63385000	13.797994652995794
63170000	63385000	9.918916063347066
63175000	63385000	11.461537137479327
63180000	63385000	7.46511485268058
63185000	63385000	14.064632387394306
63190000	63385000	7.8915096509652605
63195000	63385000	7.725594859336485
63200000	63385000	11.651185143859598
63205000	63385000	14.373660114066888
63210000	63385000	11.746745404252051
63215000	63385000	13.886655507289978
63220000	63385000	9.640228150814778
63225000	63385000	10.655283582495855
63230000	63385000	11.255848738541468
63235000	63385000	9.351280194020154
63240000	63385000	9.607674639726632
63245000	63385000	10.490519772019569
63250000	63385000	10.733318929282408
63255000	63385000	15.444492541097082
63260000	63385000	17.36345857412498
63265000	63385000	7.894267897393274
63270000	63385000	11.193383410275619
63275000	63385000	9.339159541228835
63280000	63385000	20.78869918929988
63285000	63385000	21.75734273707941
63290000	63385000	16.984733859735574
63295000	63385000	16.302718101077033
63300000	63385000	10.583824977925456
63305000	63385000	23.421788700586177
63310000	63385000	20.001156715962825
63315000	63385000	16.64341419631377
63320000	63385000	20.30244983548845
63325000	63385000	28.01795107100402
63330000	63385000	28.578556138073576
63335000	63385000	30.29510752848228
63340000	63385000	37.63463604777744
63345000	63385000	39.39218931023257
63350000	63385000	27.25107864921468
63355000	63385000	43.15875970720102
63360000	63385000	53.293499959457954
63365000	63385000	42.881734191643616
63370000	63385000	58.73145615974341
63375000	63385000	84.18159834531944
63380000	63385000	142.04347704041837
63385000	63385000	442.95427176879633
63065000	63390000	8.692459958236226
63070000	63390000	11.07264658216613
63075000	63390000	8.791602245729054
63080000	63390000	10.70605336152621
63085000	63390000	16.044863467517747
63090000	63390000	4.010288882261333
63095000	63390000	11.182699246840409
63100000	63390000	6.358371412431176
63105000	63390000	10.616802369985889
63110000	63390000	5.668946743590997
63115000	63390000	5.985922649953107
63120000	63390000	6.435199998342716
63125000	63390000	11.723856386788253
63130000	63390000	5.848403018082674
63135000	63390000	4.9690246999595695
63140000	63390000	7.543057642405953
63145000	63390000	5.378781325001711
63150000	63390000	2.8788281124817194
63155000	63390000	14.413647810775016
63160000	63390000	20.541799846795524
63165000	63390000	7.180819902685248
63170000	63390000	12.618346496348913
63175000	63390000	8.748474897327583
63180000	63390000	7.597395138305305
63185000	63390000	12.077314948556717
63190000	63390000	14.05485473683735
63195000	63390000	2.5272291846247197
63200000	63390000	3.3349617354723993
63205000	63390000	5.485634395383021
63210000	63390000	9.60661229021908
63215000	63390000	9.937071675259187
63220000	63390000	6.622459419994992
63225000	63390000	11.261173495655475
63230000	63390000	8.591475031323998
63235000	63390000	5.353302902610528
63240000	63390000	2.200032144008508
63245000	63390000	10.919055277655964
63250000	63390000	10.120311766224148
63255000	63390000	15.718165743048104
63260000	63390000	14.313619719241368
63265000	63390000	10.042690857361542
63270000	63390000	2.8479319602121995
63275000	63390000	9.720662225861684
63280000	63390000	12.240876575162686
63285000	63390000	11.625011125412373
63290000	63390000	17.015610758480193
63295000	63390000	21.33205570517847
63300000	63390000	11.185651550360031
63305000	63390000	16.600641061598505
63310000	63390000	16.488014179609934
63315000	63390000	11.909764716419605
63320000	63390000	18.595984529078816
63325000	63390000	27.49605108574518
63330000	63390000	31.16245952214761
63335000	63390000	23.123947909054635
63340000	63390000	22.863658859328226
63345000	63390000	20.045105364005085
63350000	63390000	39.936905433013855
63355000	63390000	30.883727791807253
63360000	63390000	53.39038331456871
63365000	63390000	25.840414906804273
63370000	63390000	33.244069504519715
63375000	63390000	43.027874394346135
63380000	63390000	77.44310248340486
63385000	63390000	176.99325353586093
63390000	63390000	771.6125850438528
63065000	63395000	6.31980552094196
63070000	63395000	12.522700091378479
63075000	63395000	7.457200775960519
63080000	63395000	14.826243054161448
63085000	63395000	10.887641633994948
63090000	63395000	4.85943103572066
63095000	63395000	12.38905964216929
63100000	63395000	14.638927454395741
63105000	63395000	7.718888157662665
63110000	63395000	6.4113416225462965
63115000	63395000	15.473892829361425
63120000	63395000	9.357353999510195
63125000	63395000	4.2618828660666646
63130000	63395000	7.795424012295247
63135000	63395000	8.831049967882688
63140000	63395000	12.796323976415286
63145000	63395000	10.428302866931359
63150000	63395000	16.744290004457184
63155000	63395000	8.383491112905368
63160000	63395000	11.766814758598928
63165000	63395000	6.9610345033004775
63170000	63395000	8.562493220584381
63175000	63395000	6.360530876367886
63180000	63395000	7.364859502070796
63185000	63395000	7.805107420736357
63190000	63395000	7.785527883435732
63195000	63395000	8.574571464840284
63200000	63395000	7.273997127130354
63205000	63395000	5.317734021497132
63210000	63395000	9.312579972523588
63215000	63395000	7.706339914458211
63220000	63395000	5.3498032657400945
63225000	63395000	2.7291248880088577
63230000	63395000	10.410641635944451
63235000	63395000	9.081542463705594
63240000	63395000	9.597128101888392
63245000	63395000	12.701823172496285
63250000	63395000	9.810556502398885
63255000	63395000	9.523172105409415
63260000	63395000	13.104656535758656
63265000	63395000	11.682373630554174
63270000	63395000	17.944969222719767
63275000	63395000	16.96165046876176
63280000	63395000	10.547748071496379
63285000	63395000	18.51368752120092
63290000	63395000	16.494809115073163
63295000	63395000	20.679139402249387
63300000	63395000	17.16854112000357
63305000	63395000	13.616765050189144
63310000	63395000	15.983360834917052
63315000	63395000	19.626906566270467
63320000	63395000	13.520108951766746
63325000	63395000	20.435094909513282
63330000	63395000	26.432578594224907
63335000	63395000	26.491856951452394
63340000	63395000	28.131058588634673
63345000	63395000	13.18571440055459
63350000	63395000	31.455567972588817
63355000	63395000	30.93640943302522
63360000	63395000	26.802343051102316
63365000	63395000	30.05941196412968
63370000	63395000	41.748042086325505
63375000	63395000	42.545126151086556
63380000	63395000	48.380235610120174
63385000	63395000	94.03683005622347
63390000	63395000	186.9989047372773
63395000	63395000	539.2484670346537
63065000	63400000	8.266246960536128
63070000	63400000	8.934313899810748
63075000	63400000	8.360528054333022
63080000	63400000	8.991109119363895
63085000	63400000	6.658099105301423
63090000	63400000	6.933917115447218
63095000	63400000	4.971919607145095
63100000	63400000	10.44413521682703
63105000	63400000	4.895143788115662
63110000	63400000	12.415599841871511
63115000	63400000	11.729830883478655
63120000	63400000	8.901332491473454
63125000	63400000	10.135460417699003
63130000	63400000	9.606471211155581
63135000	63400000	12.028242601959795
63140000	63400000	10.43374939313416
63145000	63400000	8.370075694342992
63150000	63400000	8.95965377899682
63155000	63400000	12.959261024931108
63160000	63400000	10.978113408088475
63165000	63400000	7.449519696161667
63170000	63400000	6.981607265387064
63175000	63400000	9.075834924455755
63180000	63400000	7.881682800757055
63185000	63400000	8.352824775378542
63190000	63400000	4.860258234560279
63195000	63400000	6.117523574327675
63200000	63400000	8.07275697841495
63205000	63400000	7.587869171516423
63210000	63400000	7.308460898443813
63215000	63400000	9.62164739201663
63220000	63400000	9.923717365816312
63225000	63400000	12.331587347333446
63230000	63400000	8.170213576527589
63235000	63400000	7.4048248812745765
63240000	63400000	7.60785119762878
63245000	63400000	5.2862303487814835
63250000	63400000	7.999241668300411
63255000	63400000	7.473732431494483
63260000	63400000	8.249568021085258
63265000	63400000	10.418479276496173
63270000	63400000	13.787662006021408
63275000	63400000	10.084400624532057
63280000	63400000	13.63957979338255
63285000	63400000	9.762864055770194
63290000	63400000	10.92762638243295
63295000	63400000	14.753521305268551
63300000	63400000	15.472278034740514
63305000	63400000	12.364385063552541
63310000	63400000	12.67035612936437
63315000	63400000	14.826500823134433
63320000	63400000	15.433463576167615
63325000	63400000	14.579407888216778
63330000	63400000	19.935927206255748
63335000	63400000	26.8970100157925
63340000	63400000	26.760118923326452
63345000	63400000	24.261037613886337
63350000	63400000	25.89456772162338
63355000	63400000	19.93560736835772
63360000	63400000	26.3753348687456
63365000	63400000	25.020183895392513
63370000	63400000	37.100762290882074
63375000	63400000	33.92483332233952
63380000	63400000	42.253390314471375
63385000	63400000	67.67904114164133
63390000	63400000	72.77142098977126
63395000	63400000	162.64330797568132
63400000	63400000	460.8890292603312
