78730000	78730000	399.03364741828045
78730000	78735000	230.71284977567817
78735000	78735000	600.1341411461692
78730000	78740000	104.54464336208817
78735000	78740000	211.0236559852416
78740000	78740000	458.0459601446905
78730000	78745000	101.62453863382602
78735000	78745000	133.08741348276655
78740000	78745000	299.0072402972246
78745000	78745000	612.0488424953747
78730000	78750000	73.22259832198888
78735000	78750000	103.46232639176374
78740000	78750000	129.18794790024967
78745000	78750000	169.24911994062703
78750000	78750000	620.7293814692499
78730000	78755000	61.97401527134102
78735000	78755000	66.88501172712097
78740000	78755000	95.12086132818125
78745000	78755000	111.67464343393878
78750000	78755000	182.62409959430184
78755000	78755000	546.3231390771635
78730000	78760000	53.36985622746372
78735000	78760000	50.875180493066246
78740000	78760000	73.80476448533723
78745000	78760000	90.50992722126679
78750000	78760000	111.60703248447845
78755000	78760000	217.79675063148088
78760000	78760000	561.8024510616436
78730000	78765000	54.95353743003291
78735000	78765000	52.02105185224285
78740000	78765000	61.16656651436591
78745000	78765000	73.26826006747115
78750000	78765000	90.33595472519899
78755000	78765000	123.59245428879058
78760000	78765000	214.47963404929976
78765000	78765000	482.70197044872094
78730000	78770000	35.04039889980902
78735000	78770000	37.196364112796026
78740000	78770000	45.06904134814495
78745000	78770000	48.1925135710145
78750000	78770000	70.97218338187419
78755000	78770000	101.04290753944626
78760000	78770000	96.8306324404893
78765000	78770000	270.01348453773204
78770000	78770000	559.4592376898303
78730000	78775000	33.744781818836955
78735000	78775000	45.298598788402145
78740000	78775000	54.70689226828777
78745000	78775000	38.63972054453973
78750000	78775000	71.63803329086205
78755000	78775000	91.19184231456835
78760000	78775000	71.39202530927771
78765000	78775000	127.18846408835992
78770000	78775000	274.03342155626865
78775000	78775000	587.390722633597
78730000	78780000	34.21165301198039
78735000	78780000	42.57742042157206
78740000	78780000	54.52307993649329
78745000	78780000	47.09821050460097
78750000	78780000	46.570704957066766
78755000	78780000	61.89372026620959
78760000	78780000	71.46587380210734
78765000	78780000	100.88388731050628
78770000	78780000	114.35961098104221
78775000	78780000	202.12607925869074
78780000	78780000	524.4769883084401
78730000	78785000	34.905490375735944
78735000	78785000	44.23547380368824
78740000	78785000	53.8473615476024
78745000	78785000	35.48107398356317
78750000	78785000	45.44931498635402
78755000	78785000	64.77284423912957
78760000	78785000	62.90727798763132
78765000	78785000	82.26720309154116
78770000	78785000	95.64735787980985
78775000	78785000	95.36471555522905
78780000	78785000	226.83049790569254
78785000	78785000	508.3641848509129
78730000	78790000	23.585858866327666
78735000	78790000	48.98553121449317
78740000	78790000	42.23223178256408
78745000	78790000	35.109318542277826
78750000	78790000	46.73319808719601
78755000	78790000	51.437995564733576
78760000	78790000	54.05761486362499
78765000	78790000	70.64754790617093
78770000	78790000	61.398043878666634
78775000	78790000	64.12969056110879
78780000	78790000	105.29036927375556
78785000	78790000	229.88105323829137
78790000	78790000	518.5445222625199
78730000	78795000	20.146351924371597
78735000	78795000	32.69362656227689
78740000	78795000	25.627533630004596
78745000	78795000	29.371442160676917
78750000	78795000	44.03214485670574
78755000	78795000	38.444729570967134
78760000	78795000	52.517078428558946
78765000	78795000	48.743013899261214
78770000	78795000	45.88886419827853
78775000	78795000	67.93509995826096
78780000	78795000	86.03277081082965
78785000	78795000	112.68471731660559
78790000	78795000	303.3986662718701
78795000	78795000	550.364231608972
78730000	78800000	23.974880415458916
78735000	78800000	31.180949601094806
78740000	78800000	26.685472604438637
78745000	78800000	32.304711223869084
78750000	78800000	42.10654291352764
78755000	78800000	46.81457281136778
78760000	78800000	47.47849640217438
78765000	78800000	35.850730043095474
78770000	78800000	37.73672277774649
78775000	78800000	43.75554290941658
78780000	78800000	71.01527413172491
78785000	78800000	85.03730075924997
78790000	78800000	100.35002119759254
78795000	78800000	191.7823906244888
78800000	78800000	447.91908767405204
78730000	78805000	26.32215265768044
78735000	78805000	24.704553357049964
78740000	78805000	30.92580038824916
78745000	78805000	25.99607968706941
78750000	78805000	29.51305688094722
78755000	78805000	35.87845738768562
78760000	78805000	40.520161980284804
78765000	78805000	34.42109977897401
78770000	78805000	39.97063399696471
78775000	78805000	45.72504985501705
78780000	78805000	47.514548324480195
78785000	78805000	59.126367446190734
78790000	78805000	78.95863423843996
78795000	78805000	70.3499171824664
78800000	78805000	209.88138880325255
78805000	78805000	470.0454635928463
78730000	78810000	16.386013407648736
78735000	78810000	26.033465599099348
78740000	78810000	29.015971661690255
78745000	78810000	16.673421880531116
78750000	78810000	25.21491864652329
78755000	78810000	30.862888312366685
78760000	78810000	35.23603905862857
78765000	78810000	41.905274307151146
78770000	78810000	36.838934916123655
78775000	78810000	38.35880104547319
78780000	78810000	52.27356060258844
78785000	78810000	45.74430981648866
78790000	78810000	63.83528546422677
78795000	78810000	88.68302945698069
78800000	78810000	114.5351738356053
78805000	78810000	220.29325996334654
78810000	78810000	502.59348269756214
78730000	78815000	21.169314218768246
78735000	78815000	26.976460160939695
78740000	78815000	21.35370594224599
78745000	78815000	28.747226013363733
78750000	78815000	31.8707389634794
78755000	78815000	34.62584605456206
78760000	78815000	28.613777947951824
78765000	78815000	32.6623365378574
78770000	78815000	32.71999670753371
78775000	78815000	29.20279504986818
78780000	78815000	41.27012140104348
78785000	78815000	52.818567393148385
78790000	78815000	47.62623787507575
78795000	78815000	81.94995820159454
78800000	78815000	93.0975106075334
78805000	78815000	127.74653131880898
78810000	78815000	208.37435722208699
78815000	78815000	508.4107706100647
78730000	78820000	19.856113639166185
78735000	78820000	15.698202433800649
78740000	78820000	25.258330736957813
78745000	78820000	28.948302674246513
78750000	78820000	24.93064879712093
78755000	78820000	23.971778586147227
78760000	78820000	24.921718123344736
78765000	78820000	24.42752440333555
78770000	78820000	33.228563202335415
78775000	78820000	38.26079622392747
78780000	78820000	39.63166990856685
78785000	78820000	30.487422737039445
78790000	78820000	48.62239925221331
78795000	78820000	48.614494557852076
78800000	78820000	76.66524318517827
78805000	78820000	86.67052695971866
78810000	78820000	121.83785536892883
78815000	78820000	193.68959833233387
78820000	78820000	547.2298024091443
78730000	78825000	26.556245201852782
78735000	78825000	26.12750013603361
78740000	78825000	22.333229161367463
78745000	78825000	24.09023533900884
78750000	78825000	30.736028185866086
78755000	78825000	28.95803011988361
78760000	78825000	33.50208683122681
78765000	78825000	26.42656682576528
78770000	78825000	29.956536988482018
78775000	78825000	26.05084205384443
78780000	78825000	40.6506714891351
78785000	78825000	31.411791332977387
78790000	78825000	40.46265005288619
78795000	78825000	41.87558320951646
78800000	78825000	58.29943306897483
78805000	78825000	79.33814829842579
78810000	78825000	79.3496202631511
78815000	78825000	123.98835099645753
78820000	78825000	216.15494229686362
78825000	78825000	516.3548352625941
78730000	78830000	21.470313319076862
78735000	78830000	26.331456524817657
78740000	78830000	21.382188390644878
78745000	78830000	21.57634988722732
78750000	78830000	23.54172933261995
78755000	78830000	24.028227662104
78760000	78830000	22.147320821432675
78765000	78830000	31.788705897962046
78770000	78830000	22.797610172208092
78775000	78830000	23.555851697718488
78780000	78830000	25.701621763838585
78785000	78830000	32.965893041840594
78790000	78830000	40.676563158979526
78795000	78830000	40.09234861131841
78800000	78830000	55.81680338036187
78805000	78830000	65.6014758083828
78810000	78830000	69.63970475813615
78815000	78830000	78.09764273392034
78820000	78830000	124.57195039082583
78825000	78830000	212.90635297803922
78830000	78830000	494.12505289281233
78730000	78835000	25.060999809732227
78735000	78835000	17.69597739499679
78740000	78835000	24.51325032818553
78745000	78835000	22.000488640002718
78750000	78835000	24.72054608646813
78755000	78835000	16.56215308434769
78760000	78835000	24.63565470451599
78765000	78835000	21.799495590128622
78770000	78835000	18.780662059281358
78775000	78835000	18.624282810576936
78780000	78835000	24.67528401243353
78785000	78835000	29.539507750585546
78790000	78835000	29.94004610534339
78795000	78835000	29.22732927816422
78800000	78835000	43.17363328999052
78805000	78835000	41.76689455264817
78810000	78835000	50.110330137524485
78815000	78835000	47.866584084967656
78820000	78835000	50.41096541778268
78825000	78835000	107.87415767855967
78830000	78835000	197.9541618674906
78835000	78835000	631.4319057066065
78730000	78840000	13.287407168795566
78735000	78840000	23.628967567447436
78740000	78840000	17.12488928001895
78745000	78840000	14.734378358065962
78750000	78840000	20.032858411082074
78755000	78840000	25.927933551226747
78760000	78840000	21.74116899127855
78765000	78840000	20.074680125598817
78770000	78840000	22.756187047654116
78775000	78840000	29.1561830573982
78780000	78840000	23.63184821274033
78785000	78840000	40.08758311776556
78790000	78840000	31.16737065665823
78795000	78840000	25.23263455908737
78800000	78840000	35.1953033123872
78805000	78840000	39.31693847155939
78810000	78840000	49.62819033299555
78815000	78840000	61.86567508395739
78820000	78840000	58.027948479394155
78825000	78840000	68.98538853106751
78830000	78840000	114.92301000542246
78835000	78840000	236.1397224126661
78840000	78840000	588.6024931179736
78730000	78845000	20.17880842758357
78735000	78845000	15.95332426705388
78740000	78845000	17.64731410449243
78745000	78845000	17.081861004376957
78750000	78845000	15.952178681880495
78755000	78845000	15.717006295446733
78760000	78845000	21.43031625188593
78765000	78845000	16.54967480050239
78770000	78845000	27.202469221109297
78775000	78845000	19.441298819084167
78780000	78845000	24.352779247834953
78785000	78845000	30.98289393590056
78790000	78845000	24.70629695290906
78795000	78845000	31.202880471827005
78800000	78845000	28.20922055354644
78805000	78845000	29.946882715859058
78810000	78845000	46.65602882489122
78815000	78845000	40.64253505138927
78820000	78845000	46.98429447178149
78825000	78845000	44.07574356104962
78830000	78845000	74.86886902035873
78835000	78845000	123.50144066509263
78840000	78845000	197.97406777592673
78845000	78845000	511.33625061406104
78730000	78850000	19.613836023722385
78735000	78850000	17.138938067350935
78740000	78850000	20.271986382998893
78745000	78850000	17.52601997872772
78750000	78850000	25.538544278768388
78755000	78850000	17.568500299428404
78760000	78850000	17.98980778586185
78765000	78850000	22.520836774235544
78770000	78850000	21.882079638818684
78775000	78850000	26.62755629212524
78780000	78850000	13.656313120322471
78785000	78850000	26.530255767908994
78790000	78850000	15.609465658114527
78795000	78850000	27.801815023023472
78800000	78850000	43.0876446522658
78805000	78850000	28.252290779251542
78810000	78850000	34.884414743758676
78815000	78850000	42.60301403850081
78820000	78850000	44.83847186104532
78825000	78850000	51.82463408847158
78830000	78850000	74.75737681727686
78835000	78850000	101.37015941967698
78840000	78850000	121.19066893575297
78845000	78850000	227.83585708457508
78850000	78850000	548.7208358872916
78730000	78855000	10.647819640587114
78735000	78855000	14.059777709198721
78740000	78855000	18.17254329258045
78745000	78855000	25.238200367884748
78750000	78855000	24.031250656931284
78755000	78855000	24.76975728213847
78760000	78855000	15.351747656482
78765000	78855000	20.37658584796408
78770000	78855000	20.326609864864192
78775000	78855000	18.279058833097327
78780000	78855000	17.529144704373103
78785000	78855000	25.43154093010048
78790000	78855000	20.685142826193445
78795000	78855000	19.635952095000697
78800000	78855000	34.40147634561918
78805000	78855000	31.23252862200293
78810000	78855000	23.861631379616938
78815000	78855000	26.688334428690453
78820000	78855000	29.450319167572317
78825000	78855000	51.816922875936825
78830000	78855000	62.34813645807784
78835000	78855000	61.27440590052544
78840000	78855000	90.44798237528218
78845000	78855000	111.16461836201155
78850000	78855000	243.53303004713308
78855000	78855000	463.2525938799294
78730000	78860000	13.030946845115867
78735000	78860000	17.206547647027133
78740000	78860000	13.537273363538791
78745000	78860000	10.295617899921396
78750000	78860000	13.573741009999955
78755000	78860000	10.420288541033518
78760000	78860000	22.310367723345422
78765000	78860000	20.947200597614565
78770000	78860000	20.353076410184645
78775000	78860000	18.109178284919402
78780000	78860000	20.323332261436594
78785000	78860000	20.452563710348123
78790000	78860000	19.358345733474614
78795000	78860000	22.985930845707376
78800000	78860000	26.71793962357876
78805000	78860000	26.54360718187991
78810000	78860000	21.63125170683037
78815000	78860000	30.740280032039436
78820000	78860000	32.95241336091569
78825000	78860000	35.99187540781662
78830000	78860000	31.997822342424286
78835000	78860000	52.933025884731826
78840000	78860000	79.2104125654848
78845000	78860000	83.7198618672372
78850000	78860000	85.44464014859494
78855000	78860000	239.14342351430057
78860000	78860000	539.9201221531438
78730000	78865000	11.028600711037555
78735000	78865000	10.707775896758829
78740000	78865000	12.275490723612508
78745000	78865000	14.522641145630741
78750000	78865000	13.16332035440609
78755000	78865000	19.04123503942668
78760000	78865000	11.180213322964242
78765000	78865000	14.773696937947781
78770000	78865000	11.962226218794608
78775000	78865000	11.269490354903999
78780000	78865000	26.278437956466963
78785000	78865000	17.874255941537832
78790000	78865000	15.753582905540188
78795000	78865000	18.79069266971285
78800000	78865000	23.982889627314837
78805000	78865000	15.725426092464854
78810000	78865000	27.46106335826211
78815000	78865000	23.37438162505098
78820000	78865000	30.5035041797404
78825000	78865000	33.54373076854074
78830000	78865000	31.24731962172576
78835000	78865000	45.49928204103692
78840000	78865000	52.64270606859094
78845000	78865000	45.39173949563291
78850000	78865000	67.79544904940602
78855000	78865000	92.69233791734032
78860000	78865000	198.8503986500691
78865000	78865000	567.5716622584905
78730000	78870000	7.443145313456325
78735000	78870000	11.273530808838647
78740000	78870000	14.912396827015694
78745000	78870000	9.801255047154582
78750000	78870000	18.413811671980064
78755000	78870000	14.609365298587537
78760000	78870000	14.084873371224287
78765000	78870000	8.546306825881858
78770000	78870000	12.59426113509703
78775000	78870000	12.777610410431304
78780000	78870000	15.477976345950117
78785000	78870000	13.714001951537144
78790000	78870000	15.310096192427986
78795000	78870000	17.00845242507813
78800000	78870000	22.89152616361713
78805000	78870000	19.103415044228182
78810000	78870000	27.79999345243498
78815000	78870000	26.337806527915614
78820000	78870000	26.468558318163666
78825000	78870000	24.963523663660354
78830000	78870000	26.71229461888913
78835000	78870000	35.90383701705463
78840000	78870000	44.37410762601431
78845000	78870000	50.210937098603175
78850000	78870000	42.70447653466592
78855000	78870000	70.653263679001
78860000	78870000	86.46642735434726
78865000	78870000	265.27722517526706
78870000	78870000	511.1735684864445
78730000	78875000	11.326806428743511
78735000	78875000	7.762804753338942
78740000	78875000	22.248373205044288
78745000	78875000	9.651091543475804
78750000	78875000	17.350905768622926
78755000	78875000	17.4370151343053
78760000	78875000	13.508845341872982
78765000	78875000	13.0055721097378
78770000	78875000	13.00836337729333
78775000	78875000	13.889051473901523
78780000	78875000	19.051050848060047
78785000	78875000	21.14245695454375
78790000	78875000	9.136686418569028
78795000	78875000	23.2386693099897
78800000	78875000	14.282055069250328
78805000	78875000	22.800890417554815
78810000	78875000	25.715039285326565
78815000	78875000	22.103087294138813
78820000	78875000	23.69367059472893
78825000	78875000	30.233391028563062
78830000	78875000	28.316669543165503
78835000	78875000	33.83134920201572
78840000	78875000	24.144777604875568
78845000	78875000	31.30235166535827
78850000	78875000	51.4900504821127
78855000	78875000	63.24617819868161
78860000	78875000	81.27161191558442
78865000	78875000	123.85096960723465
78870000	78875000	214.6995504993784
78875000	78875000	431.8733596213523
78730000	78880000	12.400900331453588
78735000	78880000	13.545174341668533
78740000	78880000	12.940258212351717
78745000	78880000	6.1236403686346765
78750000	78880000	19.174340420772424
78755000	78880000	12.677302077946816
78760000	78880000	13.618993103753812
78765000	78880000	12.459001920654059
78770000	78880000	13.114430333830322
78775000	78880000	11.404587699309765
78780000	78880000	15.109920923524507
78785000	78880000	15.073775375333833
78790000	78880000	13.285362526501958
78795000	78880000	20.50740063476326
78800000	78880000	16.61366237395047
78805000	78880000	19.892425847643537
78810000	78880000	23.158552836221702
78815000	78880000	13.712806378680416
78820000	78880000	19.293235408086186
78825000	78880000	22.171838392955962
78830000	78880000	21.227670305071516
78835000	78880000	28.53198595474137
78840000	78880000	27.180500371644303
78845000	78880000	44.815502837530715
78850000	78880000	28.132981006870917
78855000	78880000	47.821403842898945
78860000	78880000	55.14807335054069
78865000	78880000	70.24909429679084
78870000	78880000	125.35723389066152
78875000	78880000	207.16641434441874
78880000	78880000	574.3528937100754
78730000	78885000	8.12536265043325
78735000	78885000	9.466792528302348
78740000	78885000	7.652626817255722
78745000	78885000	13.168750713044396
78750000	78885000	12.207430445734028
78755000	78885000	13.631126317731743
78760000	78885000	12.672405856860017
78765000	78885000	12.917958619737009
78770000	78885000	17.084077766102197
78775000	78885000	13.029070419403935
78780000	78885000	9.748063404647912
78785000	78885000	17.91400274709636
78790000	78885000	9.642332116245734
78795000	78885000	11.275747991094274
78800000	78885000	18.640333986882613
78805000	78885000	12.986243482018326
78810000	78885000	22.566506944996277
78815000	78885000	20.04335995657797
78820000	78885000	20.003947204578203
78825000	78885000	23.42898476515067
78830000	78885000	28.92454811698057
78835000	78885000	30.94316816131503
78840000	78885000	27.03361245886359
78845000	78885000	29.364175437556636
78850000	78885000	42.44711906948795
78855000	78885000	45.239206556410906
78860000	78885000	41.750171426026185
78865000	78885000	48.00924639702152
78870000	78885000	71.54182957213848
78875000	78885000	99.54290525157425
78880000	78885000	157.09077469627638
78885000	78885000	494.9762077044014
78730000	78890000	9.553222745057626
78735000	78890000	5.993281788097096
78740000	78890000	12.269200389499012
78745000	78890000	10.64447948917515
78750000	78890000	6.697892762622224
78755000	78890000	14.423856807810116
78760000	78890000	5.959724929195695
78765000	78890000	13.500458465945613
78770000	78890000	9.564877128738923
78775000	78890000	11.714264146957
78780000	78890000	13.371258517059662
78785000	78890000	9.778789734401178
78790000	78890000	13.856049056434342
78795000	78890000	9.721962410900112
78800000	78890000	12.327737177099747
78805000	78890000	11.675759016430339
78810000	78890000	10.063896874429894
78815000	78890000	18.689923105834236
78820000	78890000	18.292723954893006
78825000	78890000	18.122455104083365
78830000	78890000	20.126842641094985
78835000	78890000	24.253848974733106
78840000	78890000	12.026452650935433
78845000	78890000	29.212874534232725
78850000	78890000	29.255417047704096
78855000	78890000	35.75000867317323
78860000	78890000	45.88556011686542
78865000	78890000	51.93018463715647
78870000	78890000	66.7424624214823
78875000	78890000	62.20066347368861
78880000	78890000	91.39603073502457
78885000	78890000	183.493282486402
78890000	78890000	611.1081673222957
78730000	78895000	10.04576618974797
78735000	78895000	7.573330949127354
78740000	78895000	9.866062280050892
78745000	78895000	7.003285745865
78750000	78895000	7.694275682579612
78755000	78895000	10.309947950366174
78760000	78895000	11.182285946311314
78765000	78895000	18.31976470937657
78770000	78895000	6.922285349626056
78775000	78895000	10.144421575838946
78780000	78895000	9.984244207048569
78785000	78895000	16.936644815717393
78790000	78895000	16.206689164753737
78795000	78895000	14.214082800871665
78800000	78895000	19.82626722202085
78805000	78895000	15.166614845970505
78810000	78895000	15.44971172464167
78815000	78895000	22.87048191058346
78820000	78895000	16.110703868107038
78825000	78895000	12.241197685300444
78830000	78895000	23.997925553527036
78835000	78895000	23.253943221467445
78840000	78895000	23.486376578542355
78845000	78895000	22.77917152558995
78850000	78895000	28.368660250624572
78855000	78895000	23.839591247086215
78860000	78895000	32.607595235370226
78865000	78895000	36.311953975932454
78870000	78895000	45.58255324317893
78875000	78895000	50.675698428604655
78880000	78895000	67.3699720323162
78885000	78895000	100.0149394308177
78890000	78895000	194.53233792787609
78895000	78895000	476.877312899478
78730000	78900000	4.415845040862016
78735000	78900000	5.144864375591224
78740000	78900000	4.915099046224541
78745000	78900000	11.629713426649017
78750000	78900000	11.499459255990217
78755000	78900000	4.815220402058171
78760000	78900000	17.906202555173085
78765000	78900000	10.140650229286177
78770000	78900000	5.74760175401772
78775000	78900000	10.829513059862345
78780000	78900000	5.739202162817319
78785000	78900000	9.040220521735014
78795000	78900000	5.310904910775654
78800000	78900000	8.230915261754332
78805000	78900000	16.19087419824195
78810000	78900000	10.99539312598534
78820000	78900000	10.468786788897162
78825000	78900000	21.779820763274127
78835000	78900000	22.4220122517923
78840000	78900000	25.809927680781506
78845000	78900000	26.597304855478814
78855000	78900000	5.239617307242159
78860000	78900000	6.412315095868485
78865000	78900000	13.56748355784257
78870000	78900000	38.45782144811143
78875000	78900000	24.590009837044786
78880000	78900000	40.04620952051247
78885000	78900000	59.97536426407986
78890000	78900000	75.93897453731525
78895000	78900000	222.4510507884051
78900000	78900000	1857.884970362841
