43480000	43480000	573.5695250219825
43480000	43485000	216.35697524114917
43485000	43485000	521.5858870549612
43480000	43490000	101.55074712404445
43485000	43490000	188.14562346303455
43490000	43490000	520.1623004421145
43480000	43495000	67.65808423752152
43485000	43495000	121.08575213721328
43490000	43495000	221.5658352889597
43495000	43495000	729.2765257279469
43480000	43500000	67.83603865996098
43485000	43500000	71.0889568452615
43490000	43500000	112.60988847443495
43495000	43500000	222.12908282446654
43500000	43500000	630.6278569863861
43480000	43505000	46.9706218628236
43485000	43505000	63.34680006559077
43490000	43505000	62.666916949081894
43495000	43505000	91.87958096913316
43500000	43505000	188.20468962931082
43505000	43505000	690.4876188001248
43480000	43510000	52.68377560569361
43485000	43510000	49.49430823628444
43490000	43510000	53.61777387720081
43495000	43510000	83.09035695435854
43500000	43510000	90.20652008556448
43505000	43510000	235.43719158911694
43510000	43510000	581.2264028487252
43480000	43515000	46.494581952899416
43485000	43515000	47.02859261218366
43490000	43515000	51.55889665842936
43495000	43515000	60.95477589445885
43500000	43515000	53.90729356349677
43505000	43515000	95.48057137910143
43510000	43515000	185.8381396747193
43515000	43515000	560.5269459183938
43480000	43520000	38.09003356219611
43485000	43520000	41.626365988492275
43490000	43520000	48.00365043481767
43495000	43520000	35.81440447646257
43500000	43520000	52.96354224990084
43505000	43520000	69.13299028400294
43510000	43520000	97.94754708036096
43515000	43520000	162.20998692657696
43520000	43520000	568.2498388985005
43480000	43525000	34.13374624326415
43485000	43525000	34.44767464389742
43490000	43525000	35.62243963126894
43495000	43525000	31.718136921106908
43500000	43525000	54.99865040459095
43505000	43525000	50.450293836618705
43510000	43525000	56.67178151470035
43515000	43525000	106.29870301834968
43520000	43525000	189.3632573469305
43525000	43525000	534.6471296231596
43480000	43530000	31.803500885202784
43485000	43530000	38.31869148539083
43490000	43530000	30.8198094584774
43495000	43530000	38.291004068891496
43500000	43530000	36.60285576879882
43505000	43530000	45.519219877865844
43510000	43530000	65.59589020877922
43515000	43530000	85.17792847429327
43520000	43530000	131.5123924165625
43525000	43530000	225.40083750038647
43530000	43530000	442.9505013452052
43480000	43535000	31.31667507554994
43485000	43535000	32.08142937227289
43490000	43535000	26.11660526621744
43495000	43535000	33.66116116602771
43500000	43535000	37.609632815979516
43505000	43535000	42.60668235818151
43510000	43535000	47.65665965819268
43515000	43535000	59.932710416292444
43520000	43535000	100.20210542444921
43525000	43535000	125.22870770760183
43530000	43535000	240.11667313049497
43535000	43535000	582.7032839285844
43480000	43540000	31.520279519177123
43485000	43540000	24.916422258032394
43490000	43540000	30.194252254291285
43495000	43540000	31.203340901287476
43500000	43540000	24.184596305862684
43505000	43540000	41.19986776993988
43510000	43540000	40.27663088709013
43515000	43540000	61.17347032595588
43520000	43540000	71.429938665787
43525000	43540000	95.76230706911757
43530000	43540000	107.06148086131023
43535000	43540000	178.64499419434034
43540000	43540000	649.8007871508847
43480000	43545000	27.55661486417645
43485000	43545000	29.512709648568745
43490000	43545000	33.24707197534819
43495000	43545000	20.37233835744046
43500000	43545000	34.05198821053343
43505000	43545000	31.052167848772115
43510000	43545000	42.302575355961636
43515000	43545000	55.16979817252821
43520000	43545000	65.46329640843592
43525000	43545000	80.51562677799156
43530000	43545000	96.17305199586612
43535000	43545000	118.40394796832138
43540000	43545000	254.17759234025925
43545000	43545000	621.9802986866584
43480000	43550000	34.01624629577785
43485000	43550000	40.073962848144845
43490000	43550000	29.44036389819204
43495000	43550000	23.890487219606868
43500000	43550000	39.93250921285806
43505000	43550000	46.68543916278565
43510000	43550000	52.584385025231505
43515000	43550000	68.3941885117191
43520000	43550000	56.74179651562768
43525000	43550000	49.323915593477494
43530000	43550000	71.32662222402216
43535000	43550000	89.15722430219425
43540000	43550000	101.50564818231653
43545000	43550000	169.6983647788995
43550000	43550000	670.9538188628479
43480000	43555000	34.88190402609672
43485000	43555000	34.590723517462315
43490000	43555000	45.93408492238544
43495000	43555000	35.568135931424216
43500000	43555000	47.580219189800076
43505000	43555000	53.90202280015709
43510000	43555000	50.49353302434238
43515000	43555000	74.41720826157518
43520000	43555000	75.42601404294234
43525000	43555000	83.4957040662978
43530000	43555000	74.55412870953243
43535000	43555000	81.0456279131979
43540000	43555000	93.01291999951565
43545000	43555000	118.25817879737137
43550000	43555000	199.0064780257274
43555000	43555000	470.3452937352856
43480000	43560000	23.151370576900632
43485000	43560000	40.053075360487334
43490000	43560000	39.15761844731856
43495000	43560000	39.023531384941435
43500000	43560000	45.091644724106324
43505000	43560000	43.01709546578975
43510000	43560000	45.70993131593343
43515000	43560000	64.83943870834257
43520000	43560000	76.01343955774463
43525000	43560000	48.694555301880264
43530000	43560000	67.66259097134022
43535000	43560000	55.85943406403042
43540000	43560000	64.95122575927608
43545000	43560000	93.7337445316604
43550000	43560000	109.92085378169986
43555000	43560000	243.22436971490438
43560000	43560000	603.4989619262767
43480000	43565000	44.89311821506514
43485000	43565000	38.56403628098378
43490000	43565000	44.19213324802676
43495000	43565000	35.73354092800734
43500000	43565000	49.94552200620981
43505000	43565000	42.61590144450493
43510000	43565000	62.196783217736595
43515000	43565000	67.08780078043137
43520000	43565000	66.99296014646846
43525000	43565000	56.958557685195935
43530000	43565000	58.665933777185174
43535000	43565000	63.092611500079705
43540000	43565000	53.60276306514624
43545000	43565000	68.06132993095544
43550000	43565000	77.30510132200249
43555000	43565000	89.60563505552489
43560000	43565000	176.60527564184736
43565000	43565000	453.8072072474235
43480000	43570000	35.83954222221202
43485000	43570000	45.9440026395783
43490000	43570000	39.122292619465775
43495000	43570000	31.730759248145056
43500000	43570000	40.997974313999364
43505000	43570000	42.3313301346028
43510000	43570000	65.254471480135
43515000	43570000	66.09941657414458
43520000	43570000	65.53773121637268
43525000	43570000	54.442366943668375
43530000	43570000	48.65953241277591
43535000	43570000	50.86456430295385
43540000	43570000	49.383631006611985
43545000	43570000	53.1859674857604
43550000	43570000	61.204973085008355
43555000	43570000	71.7286164132053
43560000	43570000	107.42046862267263
43565000	43570000	211.87563374259545
43570000	43570000	482.3858232890425
43480000	43575000	47.58752270053068
43485000	43575000	47.08769308386014
43490000	43575000	33.87804677805066
43495000	43575000	39.52508243793301
43500000	43575000	43.338780869801354
43505000	43575000	52.24901952145286
43510000	43575000	79.65879534238749
43515000	43575000	93.31993829872346
43520000	43575000	85.26726336091404
43525000	43575000	63.85937266994095
43530000	43575000	50.42937411145421
43535000	43575000	44.89489456873409
43540000	43575000	41.16023288628995
43545000	43575000	51.13565143335586
43550000	43575000	55.52443699776579
43555000	43575000	66.21613734367915
43560000	43575000	67.44024129233973
43565000	43575000	94.95693661868641
43570000	43575000	171.95627332478549
43575000	43575000	427.8974044107484
43480000	43580000	37.415134608012494
43485000	43580000	34.17823342762695
43490000	43580000	36.037237588248296
43495000	43580000	33.38802739734065
43500000	43580000	34.44905717947453
43505000	43580000	37.455460155865694
43510000	43580000	46.219519827386364
43515000	43580000	69.36772856447037
43520000	43580000	55.068892740754904
43525000	43580000	32.82494488568608
43530000	43580000	43.38808522361337
43535000	43580000	31.207045016079437
43540000	43580000	35.443824677949586
43545000	43580000	34.24854137035585
43550000	43580000	37.80047587562544
43555000	43580000	35.891144488922784
43560000	43580000	38.34298727222752
43565000	43580000	64.30794422302182
43570000	43580000	58.83476374253052
43575000	43580000	183.93574167917643
43580000	43580000	677.162678397154
43480000	43585000	32.653443939608096
43485000	43585000	23.0661996840674
43490000	43585000	39.00294844469005
43495000	43585000	23.42129971557642
43500000	43585000	44.13775645703814
43505000	43585000	42.71734084246851
43510000	43585000	40.52804668962958
43515000	43585000	63.42661090619087
43520000	43585000	44.992781615342935
43525000	43585000	37.993401773136014
43530000	43585000	30.878928681155944
43535000	43585000	37.016311138366476
43540000	43585000	38.17265753643499
43545000	43585000	34.34153176748624
43550000	43585000	30.576930461183903
43555000	43585000	41.92004841356182
43560000	43585000	42.16778135005115
43565000	43585000	50.85268130538192
43570000	43585000	65.2413168224813
43575000	43585000	90.72331234528868
43580000	43585000	247.0540587239387
43585000	43585000	498.9978442804358
43480000	43590000	21.78665186037527
43485000	43590000	24.942352249530114
43490000	43590000	24.60229341856646
43495000	43590000	33.768447087030175
43500000	43590000	33.893670582287115
43505000	43590000	38.76817898153046
43510000	43590000	37.689075535320576
43515000	43590000	37.55877445120077
43520000	43590000	35.38355840957192
43525000	43590000	32.36897515036716
43530000	43590000	29.62065005474219
43535000	43590000	26.469556520157514
43540000	43590000	31.313992259666918
43545000	43590000	28.882617842249875
43550000	43590000	30.644672637137806
43555000	43590000	43.49203866101399
43560000	43590000	38.842411422674964
43565000	43590000	42.572069809439625
43570000	43590000	41.19585291887334
43575000	43590000	56.899474120461655
43580000	43590000	102.2679297273687
43585000	43590000	187.76774410315346
43590000	43590000	481.59745738379917
43480000	43595000	22.70748644567228
43485000	43595000	25.83932836905119
43490000	43595000	31.205561171284582
43495000	43595000	24.719482876038285
43500000	43595000	25.480838819819034
43505000	43595000	32.723023468563476
43510000	43595000	28.976215521634
43515000	43595000	34.70505079405443
43520000	43595000	29.94024253674303
43525000	43595000	24.69457097898673
43530000	43595000	26.45220190905929
43535000	43595000	28.660730525200414
43540000	43595000	26.216635743368517
43545000	43595000	28.580283313458352
43550000	43595000	35.8010560234025
43555000	43595000	29.508571254132182
43560000	43595000	30.30808792720345
43565000	43595000	36.02289178018257
43570000	43595000	45.72123523579188
43575000	43595000	51.891338785419855
43580000	43595000	71.95530830295067
43585000	43595000	114.50396911054604
43590000	43595000	176.97822191716827
43595000	43595000	448.7406054685231
43480000	43600000	22.23725824640056
43485000	43600000	26.120511763303465
43490000	43600000	20.80636885314267
43495000	43600000	28.212800134703876
43500000	43600000	28.399979711022603
43505000	43600000	33.079115185719246
43510000	43600000	25.10702957175915
43515000	43600000	27.286552936988087
43520000	43600000	39.41625383368762
43525000	43600000	28.52948243561666
43530000	43600000	30.339677322105473
43535000	43600000	21.57535263709351
43540000	43600000	22.42470576405457
43545000	43600000	24.951571884183668
43550000	43600000	26.18046505469708
43555000	43600000	28.659891821402628
43560000	43600000	28.219118727160875
43565000	43600000	36.41489264169358
43570000	43600000	36.87668090771053
43575000	43600000	51.05094801479596
43580000	43600000	55.799263377960585
43585000	43600000	80.52173949063472
43590000	43600000	119.72289428860377
43595000	43600000	224.8843189544032
43600000	43600000	518.9653581407243
43480000	43605000	19.546280571697228
43485000	43605000	24.739904239288542
43490000	43605000	30.480910219494454
43495000	43605000	23.29575740136751
43500000	43605000	22.35960224726352
43505000	43605000	19.509965049782686
43510000	43605000	37.316291928633134
43515000	43605000	32.83079882660831
43520000	43605000	34.29019646678418
43525000	43605000	21.594143092166014
43530000	43605000	25.90117246251351
43535000	43605000	25.450159323980632
43540000	43605000	17.95533178259865
43545000	43605000	26.566909503236154
43550000	43605000	27.975751332851317
43555000	43605000	25.59675897808794
43560000	43605000	29.29265398848565
43565000	43605000	32.16614776985687
43570000	43605000	36.133598234459086
43575000	43605000	42.15357902740106
43580000	43605000	55.94741100940759
43585000	43605000	56.61875551421846
43590000	43605000	88.18502343331312
43595000	43605000	119.37250015819221
43600000	43605000	193.07441741909324
43605000	43605000	451.26022858280305
43480000	43610000	20.596886071521748
43485000	43610000	28.23545269441411
43490000	43610000	20.042410815442555
43495000	43610000	22.219352652126435
43500000	43610000	25.032575018865064
43505000	43610000	23.519059682358343
43510000	43610000	19.2241031162724
43515000	43610000	21.48987478992107
43520000	43610000	33.953036608294674
43525000	43610000	30.719007621809823
43530000	43610000	22.443188379378523
43535000	43610000	21.947929903875277
43540000	43610000	21.85309013736134
43545000	43610000	24.886869230515583
43550000	43610000	27.41587718413033
43555000	43610000	13.435396098306683
43560000	43610000	27.78041117583639
43565000	43610000	39.87828265695432
43570000	43610000	32.188995927839414
43575000	43610000	34.96493154499328
43580000	43610000	56.0761941899713
43585000	43610000	46.96329366079486
43590000	43610000	63.28365738993943
43595000	43610000	77.4858569391948
43600000	43610000	113.39063562403906
43605000	43610000	230.37526446111585
43610000	43610000	526.0705440076949
43480000	43615000	14.915298716736244
43485000	43615000	25.102086365531758
43490000	43615000	17.27830207866769
43495000	43615000	17.55876408432915
43500000	43615000	24.196046660722338
43505000	43615000	27.2939098876564
43510000	43615000	25.68791693944577
43515000	43615000	19.29806455546416
43520000	43615000	27.876639924933933
43525000	43615000	25.893958475131832
43530000	43615000	19.85713863930088
43535000	43615000	22.583159274803197
43540000	43615000	16.82077250651353
43545000	43615000	24.055210008840362
43550000	43615000	25.922117324165757
43555000	43615000	20.26934086541665
43560000	43615000	19.957609748385053
43565000	43615000	28.509041123559758
43570000	43615000	32.131249363834854
43575000	43615000	32.925226949972945
43580000	43615000	39.463313277492006
43585000	43615000	44.223655925369954
43590000	43615000	47.82070817736418
43595000	43615000	64.25480618035775
43600000	43615000	91.32150266148714
43605000	43615000	121.6048313387663
43610000	43615000	208.29355163405742
43615000	43615000	521.508896454437
43480000	43620000	15.930612333753318
43485000	43620000	21.123687853654836
43490000	43620000	21.29361919144654
43495000	43620000	17.049112336364637
43500000	43620000	25.84311898016882
43505000	43620000	19.15693645882329
43510000	43620000	13.275746996501137
43515000	43620000	19.78725276783676
43520000	43620000	20.84198020918015
43525000	43620000	18.228220872932763
43530000	43620000	16.314502296652975
43535000	43620000	26.07615047426764
43540000	43620000	17.96579545905059
43545000	43620000	22.22070944982419
43550000	43620000	13.843343328349986
43555000	43620000	21.030568493047205
43560000	43620000	20.463516825645712
43565000	43620000	22.389490756898837
43570000	43620000	20.279105649607665
43575000	43620000	27.241663977884027
43580000	43620000	24.23605355628319
43585000	43620000	34.59394981350495
43590000	43620000	33.81084511199424
43595000	43620000	46.88499225142042
43600000	43620000	52.203402544970736
43605000	43620000	62.38907493593092
43610000	43620000	112.02516055161811
43615000	43620000	205.39282882775817
43620000	43620000	475.7952993944482
43480000	43625000	7.569424169180714
43485000	43625000	18.915718684253292
43490000	43625000	14.951645372077932
43495000	43625000	15.121640808238832
43500000	43625000	20.133705391753967
43505000	43625000	25.85612344641749
43510000	43625000	15.699826366831376
43515000	43625000	20.109630889253502
43520000	43625000	11.553568458496022
43525000	43625000	25.087416713633385
43530000	43625000	15.073001482175805
43535000	43625000	18.791610134891755
43540000	43625000	20.715095925702226
43545000	43625000	16.93705047295571
43550000	43625000	16.25068724812796
43555000	43625000	16.458509245183382
43560000	43625000	17.960970132164487
43565000	43625000	15.390157480332764
43570000	43625000	16.718193486270046
43575000	43625000	21.41621448596536
43580000	43625000	29.20661559401511
43585000	43625000	34.66584763467467
43590000	43625000	27.914726115915713
43595000	43625000	33.14702782280702
43600000	43625000	49.50006092974128
43605000	43625000	52.82047539926162
43610000	43625000	53.353660891763695
43615000	43625000	87.46684897015602
43620000	43625000	219.05587721191174
43625000	43625000	493.7627184822795
43480000	43630000	14.872756107192343
43485000	43630000	20.120201028617725
43490000	43630000	13.915746536745964
43495000	43630000	11.435095858671438
43500000	43630000	11.531554775097314
43505000	43630000	19.767454113939944
43510000	43630000	15.525346802281076
43515000	43630000	14.462649520118637
43520000	43630000	13.825413633286708
43525000	43630000	20.106323177125983
43530000	43630000	17.39558142687255
43535000	43630000	14.126268689412825
43540000	43630000	11.864545481849847
43545000	43630000	17.91317759809575
43550000	43630000	12.603988789933545
43555000	43630000	17.232986202871384
43560000	43630000	18.476214967303395
43565000	43630000	13.861816542205073
43570000	43630000	21.461934381568273
43575000	43630000	17.888077472823895
43580000	43630000	16.309851512188523
43585000	43630000	30.89114469990042
43590000	43630000	27.465314281724353
43595000	43630000	37.16082165653866
43600000	43630000	40.400315309443435
43605000	43630000	46.819905057101714
43610000	43630000	57.797660538539176
43615000	43630000	86.31934286452268
43620000	43630000	115.43147590415222
43625000	43630000	233.51619536196839
43630000	43630000	502.73782855373264
43480000	43635000	17.47921082668181
43485000	43635000	14.708544163462616
43490000	43635000	11.681775041433111
43495000	43635000	16.83579516107648
43500000	43635000	22.99078547181976
43505000	43635000	12.337334576801236
43510000	43635000	14.566268751758612
43515000	43635000	16.28306349265615
43520000	43635000	17.151005803614904
43525000	43635000	12.413897091590073
43530000	43635000	10.74025100358698
43535000	43635000	12.874943847891476
43540000	43635000	11.827339210273852
43545000	43635000	12.571330321073631
43550000	43635000	9.38146621657889
43555000	43635000	15.270173269249367
43560000	43635000	18.24286288264812
43565000	43635000	22.8463336857308
43570000	43635000	22.250416719702688
43575000	43635000	19.564231552408323
43580000	43635000	15.608356909667679
43585000	43635000	17.518519481178203
43590000	43635000	27.231189643333593
43595000	43635000	24.602999004324616
43600000	43635000	40.697556006930014
43605000	43635000	37.33846524506356
43610000	43635000	38.95194028336603
43615000	43635000	62.68259547211276
43620000	43635000	82.49137606218682
43625000	43635000	123.26777715870439
43630000	43635000	265.2299711433079
43635000	43635000	696.5356188771583
43480000	43640000	12.366060247534197
43485000	43640000	14.899342346788224
43490000	43640000	15.909228147158768
43495000	43640000	14.764505258575968
43500000	43640000	8.539307442333195
43505000	43640000	19.517503213088087
43510000	43640000	19.837575368693955
43515000	43640000	15.119762375806387
43520000	43640000	12.892230747706549
43525000	43640000	14.088578171623233
43530000	43640000	13.297255609915664
43535000	43640000	12.619300694878989
43540000	43640000	13.910996584817388
43545000	43640000	13.441871648078548
43550000	43640000	18.252104650809475
43555000	43640000	15.124517823734006
43560000	43640000	14.767811945296632
43565000	43640000	14.59897586364774
43570000	43640000	16.422682071175807
43575000	43640000	19.68039224480105
43580000	43640000	25.765792799358657
43585000	43640000	16.266954424811495
43590000	43640000	21.98758967926977
43595000	43640000	23.537583606877323
43600000	43640000	28.692426371952873
43605000	43640000	32.93736993197995
43610000	43640000	29.7390544104492
43615000	43640000	45.732028951916185
43620000	43640000	56.245870188825684
43625000	43640000	71.38442391832864
43630000	43640000	112.25845564550981
43635000	43640000	154.68969361130416
43640000	43640000	560.2270345345333
43480000	43645000	9.88639841372393
43485000	43645000	15.475032704505738
43490000	43645000	9.250243431352889
43495000	43645000	12.818718691820433
43500000	43645000	14.704290665452646
43505000	43645000	9.184858904213721
43510000	43645000	11.53433715016532
43515000	43645000	23.142691841913173
43520000	43645000	20.14773793412496
43525000	43645000	16.38329358076795
43530000	43645000	14.719664795107727
43535000	43645000	10.456468924222909
43540000	43645000	9.365508790588414
43545000	43645000	11.834187476438352
43550000	43645000	10.612482867980518
43555000	43645000	15.50221248960581
43560000	43645000	15.385907515770405
43565000	43645000	10.324847095190478
43570000	43645000	13.031841245064538
43575000	43645000	21.847673651827026
43580000	43645000	19.014642034052276
43585000	43645000	18.007032683643978
43590000	43645000	26.683418864433687
43595000	43645000	12.942552641158722
43600000	43645000	27.543986126974946
43605000	43645000	31.272322189693256
43610000	43645000	26.09893295742591
43615000	43645000	36.135642776729966
43620000	43645000	49.51871212705159
43625000	43645000	71.04773857986028
43630000	43645000	90.92231383493305
43635000	43645000	101.87320381204866
43640000	43645000	267.83407629963693
43645000	43645000	518.3228541633223
43480000	43650000	12.17221056831759
43485000	43650000	10.42899987693341
43490000	43650000	16.703825027343267
43495000	43650000	10.030659423524053
43500000	43650000	17.931617555801765
43505000	43650000	16.928436417398963
43510000	43650000	9.467443699408587
43515000	43650000	14.111047882641467
43520000	43650000	15.128628964742605
43525000	43650000	12.775117649942334
43530000	43650000	8.72587237566415
43535000	43650000	13.249579981184384
43540000	43650000	9.224709772587964
43545000	43650000	17.827243935813385
43550000	43650000	24.390186598099422
43555000	43650000	20.511565696926674
43560000	43650000	11.857070619862737
43565000	43650000	14.37012312224019
43570000	43650000	14.46180701263884
43575000	43650000	18.544025230892256
43580000	43650000	14.653536242699763
43585000	43650000	13.521206058841594
43590000	43650000	25.39435176339754
43595000	43650000	21.80575034625744
43600000	43650000	16.899664285280576
43605000	43650000	30.335481202700315
43610000	43650000	35.4439033811839
43615000	43650000	29.10069409962675
43620000	43650000	48.95357572845442
43625000	43650000	56.85844316951916
43630000	43650000	78.57685210945756
43635000	43650000	79.2895896083256
43640000	43650000	139.33324083185363
43645000	43650000	213.44009926881967
43650000	43650000	490.41179253497523
43480000	43655000	12.586111998874387
43485000	43655000	12.580896436933655
43490000	43655000	14.91657058828503
43495000	43655000	8.485969069883302
43500000	43655000	10.815793751959395
43505000	43655000	9.212667161610781
43510000	43655000	14.684059161851632
43515000	43655000	14.59087715214843
43520000	43655000	5.763232579726044
43525000	43655000	11.819044401244025
43530000	43655000	7.218068165455523
43535000	43655000	12.25799858650688
43540000	43655000	14.307577457265923
43545000	43655000	8.448659082330774
43550000	43655000	12.609772829437423
43555000	43655000	8.894112249619486
43560000	43655000	14.146449339466656
43565000	43655000	8.419965096351373
43570000	43655000	11.502741096873459
43575000	43655000	18.62674707935052
43580000	43655000	9.324192109941368
43585000	43655000	20.603547210289022
43590000	43655000	12.731081821580345
43595000	43655000	28.55982308338181
43600000	43655000	25.071846292674522
43605000	43655000	16.310841497794403
43610000	43655000	20.942360475425698
43615000	43655000	31.594739737991972
43620000	43655000	49.01125693754251
43625000	43655000	41.866920905545854
43630000	43655000	59.69296930914132
43635000	43655000	48.92697211949787
43640000	43655000	86.77009472721289
43645000	43655000	124.84733748826787
43650000	43655000	233.7760049169204
43655000	43655000	635.417549984182
43480000	43660000	16.350927180014317
43485000	43660000	13.759107143080161
43490000	43660000	4.917472231348947
43495000	43660000	9.186942343402317
43500000	43660000	10.215696510818914
43505000	43660000	8.976301611650138
43510000	43660000	12.944714833286893
43515000	43660000	13.327992297046901
43520000	43660000	13.751920973334448
43525000	43660000	8.709434712647443
43530000	43660000	12.140085656815899
43535000	43660000	8.029243859693965
43540000	43660000	9.957495659860122
43545000	43660000	13.363466506919726
43550000	43660000	10.656440597556347
43555000	43660000	9.999138149841018
43560000	43660000	9.845357001973431
43565000	43660000	14.132833632240155
43570000	43660000	7.6051707667619795
43575000	43660000	11.4383498423615
43580000	43660000	11.35620651375626
43585000	43660000	18.436160766983694
43590000	43660000	15.505557221976172
43595000	43660000	15.69195994856298
43600000	43660000	21.679050323902118
43605000	43660000	22.703372937600086
43610000	43660000	14.57503649126683
43615000	43660000	31.935913762618096
43620000	43660000	36.346565743576384
43625000	43660000	44.01650267656448
43630000	43660000	50.19887204659868
43635000	43660000	47.85573376448923
43640000	43660000	66.08550538446029
43645000	43660000	90.25213469351174
43650000	43660000	123.81845882312471
43655000	43660000	294.4042916992185
43660000	43660000	457.9972095313649
43480000	43665000	6.703289431432085
43485000	43665000	11.281473702712706
43490000	43665000	5.375962561609841
43495000	43665000	6.456539079025651
43500000	43665000	11.462076751761256
43505000	43665000	11.565586599586045
43510000	43665000	5.586174132645262
43515000	43665000	7.285327119243686
43520000	43665000	7.517054375168574
43525000	43665000	9.521476227052094
43530000	43665000	11.67019876613784
43535000	43665000	15.635574566750313
43540000	43665000	10.885902625649598
43545000	43665000	7.889095416813951
43550000	43665000	8.223540062468741
43555000	43665000	7.027346401862313
43560000	43665000	9.686977646723998
43565000	43665000	7.34842592518192
43570000	43665000	7.220273236553506
43575000	43665000	13.13006856113472
43580000	43665000	14.631993838884203
43585000	43665000	14.276524196142725
43590000	43665000	10.897231353329879
43595000	43665000	13.724024902707292
43600000	43665000	15.607540853614047
43605000	43665000	10.739495418797594
43610000	43665000	11.950476813824373
43615000	43665000	19.746172488592602
43620000	43665000	34.844898250424635
43625000	43665000	33.548777741967434
43630000	43665000	46.36351613117742
43635000	43665000	54.32987617543922
43640000	43665000	45.77726953832583
43645000	43665000	61.59025299450228
43650000	43665000	85.3374928915627
43655000	43665000	85.19655784173489
43660000	43665000	191.29167649976185
43665000	43665000	564.8747771593703
43480000	43670000	9.91119027555069
43485000	43670000	10.614731973276694
43490000	43670000	10.20078402642935
43495000	43670000	10.023673807873292
43500000	43670000	13.688223927142298
43505000	43670000	8.70564290470715
43510000	43670000	8.094283053297115
43515000	43670000	11.848942290312298
43520000	43670000	10.697597962771884
43525000	43670000	11.497064275262732
43530000	43670000	7.105018513275067
43535000	43670000	11.072341668357971
43540000	43670000	10.32789387429618
43545000	43670000	15.4230228851096
43550000	43670000	12.766914615283957
43555000	43670000	6.465092184095896
43560000	43670000	5.56995484941782
43565000	43670000	8.775626071466657
43570000	43670000	8.152261011226885
43575000	43670000	12.2952448657732
43580000	43670000	19.274128158971234
43585000	43670000	13.906871099832362
43590000	43670000	16.917777644922445
43595000	43670000	12.428692200068399
43600000	43670000	17.94848734774854
43605000	43670000	15.561368783928597
43610000	43670000	25.767950558033643
43615000	43670000	24.879921398899526
43620000	43670000	26.573546412139947
43625000	43670000	29.46162356707825
43630000	43670000	26.441125111232544
43635000	43670000	23.42951808405361
43640000	43670000	39.64364184085601
43645000	43670000	48.522508381941044
43650000	43670000	48.73014983212306
43655000	43670000	76.63047275607349
43660000	43670000	78.90171085375549
43665000	43670000	240.80433489628612
43670000	43670000	653.4535787363209
43480000	43675000	8.277864667851064
43485000	43675000	11.820620573635932
43490000	43675000	9.036082040113127
43495000	43675000	9.302012612836833
43500000	43675000	11.432457864484801
43505000	43675000	5.301761219073543
43510000	43675000	12.072101230248583
43515000	43675000	7.497183854161453
43520000	43675000	9.476170907383663
43525000	43675000	5.715710000410318
43530000	43675000	6.428650688800961
43535000	43675000	5.9279889919474655
43540000	43675000	8.495201723171965
43545000	43675000	6.314396422403696
43550000	43675000	7.4048449609551765
43555000	43675000	10.686847148564405
43560000	43675000	10.854778560849743
43565000	43675000	8.14381891978607
43570000	43675000	10.8751668342284
43575000	43675000	9.4583229395956
43580000	43675000	15.331263624152191
43585000	43675000	15.728744462094532
43590000	43675000	13.737299421774892
43595000	43675000	17.918706544341287
43600000	43675000	13.741425906751036
43605000	43675000	15.472518731542195
43610000	43675000	12.195512434158767
43615000	43675000	14.842719373684249
43620000	43675000	31.706184745134525
43625000	43675000	29.29340785073158
43630000	43675000	22.49268850891113
43635000	43675000	30.439771651698834
43640000	43675000	38.359753252408986
43645000	43675000	41.05594181753016
43650000	43675000	47.34156102981507
43655000	43675000	60.64122966661675
43660000	43675000	90.50945070520021
43665000	43675000	125.90890665294619
43670000	43675000	231.28644546917943
43675000	43675000	482.9283471191871
43480000	43680000	9.862528086624904
43485000	43680000	11.736239465795821
43490000	43680000	12.303878767848996
43495000	43680000	9.851317871333594
43500000	43680000	4.035856939828432
43505000	43680000	6.015902597127106
43510000	43680000	7.6709919590935
43515000	43680000	7.145918837685296
43520000	43680000	7.526820460571035
43525000	43680000	8.171868375618217
43530000	43680000	9.426845507617811
43535000	43680000	10.358783140952042
43540000	43680000	9.342896131364627
43545000	43680000	7.0216398705706276
43550000	43680000	9.410541722677642
43555000	43680000	9.82872874878267
43560000	43680000	11.085214715154597
43565000	43680000	9.055966683211425
43570000	43680000	8.262461424833337
43575000	43680000	14.309798118174045
43580000	43680000	12.177457525883467
43585000	43680000	12.493172273216508
43590000	43680000	12.47015877993986
43595000	43680000	12.760293951844407
43600000	43680000	14.88363621137373
43605000	43680000	13.928275593993783
43610000	43680000	19.373528277133726
43615000	43680000	13.754314106224449
43620000	43680000	27.2825377041697
43625000	43680000	30.24766974375923
43630000	43680000	29.234782077563743
43635000	43680000	32.81297649595775
43640000	43680000	31.003278017217013
43645000	43680000	32.61029227104976
43650000	43680000	39.28660347081062
43655000	43680000	46.42571123684992
43660000	43680000	50.88890944368346
43665000	43680000	82.12584716475278
43670000	43680000	91.85416594026002
43675000	43680000	286.2573009751832
43680000	43680000	739.7139467271822
43480000	43685000	9.484625376128092
43485000	43685000	8.595135613155662
43490000	43685000	11.604884022849324
43495000	43685000	9.018371399883774
43500000	43685000	8.060984831148904
43505000	43685000	5.607379087495719
43510000	43685000	10.214394075251278
43515000	43685000	8.722291563879569
43520000	43685000	7.874759297355073
43525000	43685000	10.276822622455951
43530000	43685000	9.414315196925905
43535000	43685000	5.0157644044421374
43540000	43685000	5.52917179703612
43545000	43685000	8.014064682150623
43550000	43685000	7.83169423602669
43555000	43685000	6.54377616572821
43560000	43685000	10.660462293615016
43565000	43685000	10.766582560073358
43570000	43685000	9.50170289711006
43575000	43685000	9.52718487359695
43580000	43685000	3.040317764654205
43585000	43685000	10.237182484482448
43590000	43685000	6.918657360878909
43595000	43685000	16.991110359029324
43600000	43685000	17.836623178817014
43605000	43685000	10.364136326535858
43610000	43685000	18.968408509725208
43615000	43685000	17.00651538423128
43620000	43685000	22.35591657661902
43625000	43685000	24.01106118177715
43630000	43685000	33.160801145139764
43635000	43685000	32.194459903969005
43640000	43685000	40.57098562176312
43645000	43685000	35.71858611077135
43650000	43685000	38.8607223107215
43655000	43685000	34.77300109076608
43660000	43685000	41.947712533776496
43665000	43685000	52.0320899778965
43670000	43685000	95.83947815073299
43675000	43685000	111.80959417461484
43680000	43685000	212.94013559257036
43685000	43685000	518.7086104296983
