99605000	0
99610000	1
99615000	2
99620000	3
99625000	4
99630000	5
99635000	6
99640000	7
99645000	8
99650000	9
99655000	10
99660000	11
99665000	12
99670000	13
99675000	14
99680000	15
99685000	16
99690000	17
99695000	18
99700000	19
99705000	20
99710000	21
99715000	22
99720000	23
99725000	24
99730000	25
99735000	26
99740000	27
99745000	28
99750000	29
99755000	30
99760000	31
99765000	32
99770000	33
99775000	34
99780000	35
99785000	36
99790000	37
99795000	38
99800000	39
99805000	40
99810000	41
99815000	42
99820000	43
99825000	44
99830000	45
99835000	46
99840000	47
99845000	48
99850000	49
99855000	50
99860000	51
99865000	52
99870000	53
99875000	54
99880000	55
99885000	56
99890000	57
99895000	58
99900000	59
99905000	60
99910000	61
99915000	62
99920000	63
99925000	64
99930000	65
99935000	66
99940000	67
99945000	68
99950000	69
99955000	70
99960000	71
99965000	72
99970000	73
99975000	74
99980000	75
99985000	76
99990000	77
99995000	78
100000000	79
100005000	80
100010000	81
100015000	82
100020000	83
100025000	84
100030000	85
100035000	86
100040000	87
100045000	88
100050000	89
100055000	90
100060000	91
100065000	92
100070000	93
100075000	94
100080000	95
100085000	96
100090000	97
100095000	98
100100000	99
100105000	100
100110000	101
100115000	102
100120000	103
100125000	104
100130000	105
100135000	106
100140000	107
100145000	108
100150000	109
100155000	110
100160000	111
100165000	112
100170000	113
100175000	114
