117946000	0
117947000	1
117948000	2
117949000	3
117950000	4
117951000	5
117952000	6
117953000	7
117954000	8
117955000	9
117956000	10
117957000	11
117958000	12
117959000	13
117960000	14
117961000	15
117962000	16
117963000	17
117964000	18
117965000	19
117966000	20
117967000	21
117968000	22
117969000	23
117970000	24
117971000	25
117972000	26
117973000	27
117974000	28
117975000	29
117976000	30
117977000	31
117978000	32
117979000	33
117980000	34
117981000	35
117982000	36
117983000	37
117984000	38
117985000	39
117986000	40
117987000	41
117988000	42
117989000	43
117990000	44
117991000	45
117992000	46
117993000	47
117994000	48
117995000	49
117996000	50
117997000	51
117998000	52
117999000	53
118000000	54
118001000	55
118002000	56
118003000	57
118004000	58
