112650000	0
112655000	1
112660000	2
112665000	3
112670000	4
112675000	5
112680000	6
112685000	7
112690000	8
112695000	9
112700000	10
112705000	11
112710000	12
112715000	13
112720000	14
112725000	15
112730000	16
112735000	17
112740000	18
112745000	19
112750000	20
112755000	21
112760000	22
112765000	23
112770000	24
112775000	25
112780000	26
112785000	27
112790000	28
112795000	29
112800000	30
112805000	31
112810000	32
112815000	33
112820000	34
112825000	35
112830000	36
112835000	37
112840000	38
112845000	39
112850000	40
112855000	41
112860000	42
112865000	43
112870000	44
112875000	45
112880000	46
112885000	47
112890000	48
112895000	49
112900000	50
112905000	51
112910000	52
112915000	53
112920000	54
112925000	55
112930000	56
112935000	57
112940000	58
112945000	59
112950000	60
112955000	61
112960000	62
112965000	63
112970000	64
112975000	65
112980000	66
112985000	67
112990000	68
112995000	69
113000000	70
113005000	71
113010000	72
113015000	73
113020000	74
