72600000	0
72601000	1
72602000	2
72603000	3
72604000	4
72605000	5
72606000	6
72607000	7
72608000	8
72609000	9
72610000	10
72611000	11
72612000	12
72613000	13
72614000	14
72615000	15
72616000	16
72617000	17
72618000	18
72619000	19
72620000	20
72621000	21
72622000	22
72623000	23
72624000	24
72625000	25
72626000	26
72627000	27
72628000	28
72629000	29
72630000	30
72631000	31
72632000	32
72633000	33
72634000	34
72635000	35
72636000	36
72637000	37
72638000	38
72639000	39
72640000	40
72641000	41
72642000	42
72643000	43
72644000	44
72645000	45
72646000	46
72647000	47
72648000	48
72649000	49
72650000	50
72651000	51
72652000	52
72653000	53
72654000	54
72655000	55
72656000	56
72657000	57
72658000	58
72659000	59
72660000	60
72661000	61
72662000	62
72663000	63
72664000	64
72665000	65
72666000	66
72667000	67
72668000	68
72669000	69
72670000	70
72671000	71
72672000	72
72673000	73
72674000	74
72675000	75
72676000	76
72677000	77
72678000	78
72679000	79
72680000	80
72681000	81
72682000	82
72683000	83
72684000	84
72685000	85
72686000	86
72687000	87
72688000	88
72689000	89
72690000	90
72691000	91
72692000	92
72693000	93
72694000	94
72695000	95
72696000	96
72697000	97
72698000	98
72699000	99
72700000	100
72701000	101
72702000	102
72703000	103
72704000	104
72705000	105
72706000	106
72707000	107
72708000	108
72709000	109
72710000	110
72711000	111
72712000	112
72713000	113
72714000	114
72715000	115
72716000	116
72717000	117
72718000	118
72719000	119
72720000	120
72721000	121
72722000	122
72723000	123
72724000	124
72725000	125
72726000	126
72727000	127
72728000	128
72729000	129
72730000	130
72731000	131
72732000	132
72733000	133
72734000	134
72735000	135
72736000	136
72737000	137
72738000	138
72739000	139
72740000	140
72741000	141
72742000	142
72743000	143
72744000	144
72745000	145
72746000	146
72747000	147
72748000	148
72749000	149
72750000	150
72751000	151
72752000	152
72753000	153
72754000	154
72755000	155
72756000	156
72757000	157
72758000	158
72759000	159
72760000	160
72761000	161
72762000	162
72763000	163
72764000	164
72765000	165
72766000	166
72767000	167
72768000	168
72769000	169
72770000	170
72771000	171
72772000	172
72773000	173
72774000	174
72775000	175
72776000	176
72777000	177
72778000	178
72779000	179
72780000	180
72781000	181
72782000	182
72783000	183
72784000	184
72785000	185
72786000	186
72787000	187
72788000	188
72789000	189
72790000	190
72791000	191
72792000	192
72793000	193
72794000	194
72795000	195
72796000	196
72797000	197
72798000	198
72799000	199
72800000	200
72801000	201
72802000	202
72803000	203
72804000	204
72805000	205
72806000	206
72807000	207
72808000	208
72809000	209
72810000	210
72811000	211
72812000	212
72813000	213
72814000	214
72815000	215
72816000	216
72817000	217
72818000	218
72819000	219
72820000	220
72821000	221
72822000	222
72823000	223
72824000	224
72825000	225
72826000	226
72827000	227
72828000	228
72829000	229
72830000	230
72831000	231
72832000	232
72833000	233
72834000	234
72835000	235
72836000	236
72837000	237
72838000	238
72839000	239
72840000	240
72841000	241
72842000	242
72843000	243
72844000	244
72845000	245
72846000	246
72847000	247
72848000	248
72849000	249
72850000	250
72851000	251
72852000	252
72853000	253
72854000	254
72855000	255
72856000	256
72857000	257
72858000	258
72859000	259
72860000	260
72861000	261
72862000	262
72863000	263
72864000	264
72865000	265
72866000	266
72867000	267
72868000	268
72869000	269
72870000	270
72871000	271
72872000	272
72873000	273
72874000	274
72875000	275
72876000	276
72877000	277
72878000	278
72879000	279
72880000	280
72881000	281
72882000	282
72883000	283
72884000	284
72885000	285
72886000	286
72887000	287
72888000	288
72889000	289
72890000	290
72891000	291
72892000	292
72893000	293
72894000	294
72895000	295
72896000	296
72897000	297
72898000	298
72899000	299
72900000	300
72901000	301
72902000	302
72903000	303
72904000	304
72905000	305
72906000	306
72907000	307
72908000	308
72909000	309
72910000	310
72911000	311
72912000	312
72913000	313
72914000	314
72915000	315
72916000	316
72917000	317
72918000	318
72919000	319
72920000	320
72921000	321
72922000	322
72923000	323
72924000	324
72925000	325
72926000	326
72927000	327
72928000	328
72929000	329
72930000	330
72931000	331
72932000	332
72933000	333
72934000	334
72935000	335
72936000	336
72937000	337
72938000	338
72939000	339
72940000	340
72941000	341
72942000	342
72943000	343
72944000	344
72945000	345
72946000	346
72947000	347
72948000	348
72949000	349
72950000	350
72951000	351
72952000	352
72953000	353
72954000	354
72955000	355
72956000	356
72957000	357
72958000	358
72959000	359
72960000	360
72961000	361
72962000	362
72963000	363
72964000	364
72965000	365
72966000	366
72967000	367
72968000	368
72969000	369
72970000	370
72971000	371
72972000	372
72973000	373
72974000	374
72975000	375
72976000	376
72977000	377
72978000	378
72979000	379
72980000	380
72981000	381
72982000	382
72983000	383
72984000	384
72985000	385
72986000	386
72987000	387
72988000	388
72989000	389
72990000	390
72991000	391
72992000	392
72993000	393
72994000	394
72995000	395
72996000	396
72997000	397
72998000	398
72999000	399
73000000	400
73001000	401
73002000	402
73003000	403
73004000	404
73005000	405
73006000	406
73007000	407
73008000	408
73009000	409
73010000	410
73011000	411
73012000	412
73013000	413
73014000	414
73015000	415
73016000	416
73017000	417
73018000	418
73019000	419
73020000	420
73021000	421
73022000	422
73023000	423
73024000	424
73025000	425
73026000	426
73027000	427
73028000	428
73029000	429
73030000	430
73031000	431
73032000	432
73033000	433
73034000	434
73035000	435
73036000	436
73037000	437
73038000	438
73039000	439
73040000	440
73041000	441
73042000	442
73043000	443
73044000	444
73045000	445
73046000	446
73047000	447
73048000	448
73049000	449
73050000	450
73051000	451
73052000	452
73053000	453
73054000	454
73055000	455
73056000	456
73057000	457
73058000	458
73059000	459
73060000	460
73061000	461
73062000	462
73063000	463
73064000	464
73065000	465
73066000	466
73067000	467
73068000	468
73069000	469
73070000	470
73071000	471
73072000	472
73073000	473
73074000	474
73075000	475
73076000	476
73077000	477
73078000	478
73079000	479
73080000	480
73081000	481
73082000	482
73083000	483
73084000	484
73085000	485
73086000	486
73087000	487
73088000	488
73089000	489
73090000	490
73091000	491
73092000	492
73093000	493
73094000	494
73095000	495
73096000	496
73097000	497
73098000	498
73099000	499
73100000	500
73101000	501
73102000	502
73103000	503
73104000	504
73105000	505
73106000	506
73107000	507
73108000	508
73109000	509
73110000	510
