112345000	0
112350000	1
112355000	2
112360000	3
112365000	4
112370000	5
112375000	6
112380000	7
112385000	8
112390000	9
112395000	10
112400000	11
112405000	12
112410000	13
112415000	14
112420000	15
112425000	16
112430000	17
112435000	18
112440000	19
112445000	20
112450000	21
112455000	22
112460000	23
112465000	24
112470000	25
112475000	26
112480000	27
112485000	28
112490000	29
112495000	30
112500000	31
112505000	32
112510000	33
112515000	34
112520000	35
112525000	36
112530000	37
112535000	38
112540000	39
112545000	40
112550000	41
112555000	42
112560000	43
112565000	44
112570000	45
112575000	46
112580000	47
112585000	48
112590000	49
112595000	50
112600000	51
112605000	52
112610000	53
112615000	54
112620000	55
112625000	56
112630000	57
112635000	58
112640000	59
112645000	60
112650000	61
112655000	62
112660000	63
112665000	64
112670000	65
112675000	66
112680000	67
112685000	68
112690000	69
112695000	70
112700000	71
112705000	72
112710000	73
112715000	74
112720000	75
112725000	76
112730000	77
112735000	78
112740000	79
112745000	80
112750000	81
112755000	82
112760000	83
112765000	84
112770000	85
112775000	86
112780000	87
112785000	88
112790000	89
112795000	90
112800000	91
112805000	92
112810000	93
112815000	94
112820000	95
112825000	96
112830000	97
112835000	98
112840000	99
112845000	100
112850000	101
112855000	102
112860000	103
112865000	104
112870000	105
112875000	106
112880000	107
112885000	108
112890000	109
112895000	110
112900000	111
112905000	112
112910000	113
112915000	114
112920000	115
112925000	116
112930000	117
112935000	118
112940000	119
112945000	120
112950000	121
112955000	122
112960000	123
112965000	124
112970000	125
112975000	126
112980000	127
112985000	128
112990000	129
112995000	130
113000000	131
113005000	132
113010000	133
113015000	134
113020000	135
113025000	136
113030000	137
113035000	138
113040000	139
113045000	140
113050000	141
113055000	142
113060000	143
113065000	144
113070000	145
113075000	146
113080000	147
113085000	148
113090000	149
113095000	150
113100000	151
113105000	152
113110000	153
113115000	154
113120000	155
113125000	156
113130000	157
113135000	158
113140000	159
113145000	160
113150000	161
113155000	162
113160000	163
113165000	164
113170000	165
113175000	166
113180000	167
113185000	168
113190000	169
113195000	170
113200000	171
113205000	172
113210000	173
113215000	174
113220000	175
113225000	176
113230000	177
113235000	178
113240000	179
113245000	180
113250000	181
113255000	182
