113670000	0
113671000	1
113672000	2
113673000	3
113674000	4
113675000	5
113676000	6
113677000	7
113678000	8
113679000	9
113680000	10
113681000	11
113682000	12
113683000	13
113684000	14
113685000	15
113686000	16
113687000	17
113688000	18
113689000	19
113690000	20
113691000	21
113692000	22
113693000	23
113694000	24
113695000	25
113696000	26
113697000	27
113698000	28
113699000	29
113700000	30
113701000	31
113702000	32
113703000	33
113704000	34
113705000	35
113706000	36
113707000	37
113708000	38
113709000	39
113710000	40
113711000	41
113712000	42
113713000	43
113714000	44
113715000	45
113716000	46
113717000	47
113718000	48
113719000	49
113720000	50
113721000	51
113722000	52
113723000	53
113724000	54
113725000	55
113726000	56
113727000	57
113728000	58
113729000	59
113730000	60
113731000	61
113732000	62
113733000	63
113734000	64
113735000	65
113736000	66
113737000	67
113738000	68
113739000	69
113740000	70
113741000	71
113742000	72
113743000	73
113744000	74
113745000	75
113746000	76
113747000	77
113748000	78
113749000	79
113750000	80
113751000	81
113752000	82
113753000	83
113754000	84
113755000	85
113756000	86
113757000	87
113758000	88
113759000	89
113760000	90
113761000	91
113762000	92
113763000	93
113764000	94
113765000	95
113766000	96
113767000	97
113768000	98
113769000	99
113770000	100
113771000	101
113772000	102
113773000	103
113774000	104
113775000	105
113776000	106
113777000	107
113778000	108
113779000	109
113780000	110
113781000	111
113782000	112
113783000	113
113784000	114
113785000	115
113786000	116
113787000	117
113788000	118
113789000	119
113790000	120
113791000	121
113792000	122
113793000	123
113794000	124
113795000	125
113796000	126
113797000	127
113798000	128
113799000	129
113800000	130
113801000	131
113802000	132
113803000	133
113804000	134
113805000	135
113806000	136
113807000	137
113808000	138
113809000	139
113810000	140
113811000	141
113812000	142
113813000	143
113814000	144
113815000	145
113816000	146
113817000	147
113818000	148
113819000	149
113820000	150
113821000	151
113822000	152
113823000	153
113824000	154
113825000	155
113826000	156
113827000	157
113828000	158
113829000	159
113830000	160
113831000	161
113832000	162
113833000	163
113834000	164
113835000	165
113836000	166
113837000	167
113838000	168
113839000	169
113840000	170
113841000	171
113842000	172
113843000	173
113844000	174
113845000	175
113846000	176
113847000	177
113848000	178
113849000	179
113850000	180
113851000	181
113852000	182
113853000	183
113854000	184
113855000	185
113856000	186
113857000	187
113858000	188
113859000	189
113860000	190
113861000	191
113862000	192
113863000	193
113864000	194
113865000	195
113866000	196
113867000	197
113868000	198
113869000	199
113870000	200
113871000	201
113872000	202
113873000	203
113874000	204
113875000	205
113876000	206
113877000	207
113878000	208
113879000	209
113880000	210
113881000	211
113882000	212
113883000	213
113884000	214
113885000	215
113886000	216
113888000	217
113889000	218
113890000	219
113891000	220
113892000	221
113893000	222
113894000	223
113895000	224
113896000	225
113897000	226
113898000	227
113899000	228
113900000	229
113901000	230
113902000	231
113903000	232
113905000	233
113906000	234
113907000	235
113908000	236
113909000	237
113910000	238
113911000	239
113912000	240
113913000	241
113914000	242
113915000	243
113916000	244
113917000	245
113918000	246
113919000	247
113920000	248
113921000	249
113922000	250
113923000	251
113924000	252
113925000	253
113926000	254
113927000	255
113928000	256
113929000	257
113930000	258
113931000	259
113932000	260
113933000	261
113934000	262
113935000	263
113936000	264
113937000	265
113938000	266
113939000	267
113940000	268
113941000	269
113942000	270
113943000	271
113944000	272
113945000	273
113946000	274
113947000	275
113948000	276
113949000	277
113950000	278
113951000	279
113952000	280
113953000	281
113954000	282
113955000	283
113956000	284
113957000	285
113958000	286
113959000	287
113960000	288
113961000	289
113962000	290
113963000	291
113964000	292
113965000	293
113966000	294
113967000	295
113968000	296
113969000	297
113970000	298
113971000	299
113972000	300
113973000	301
113974000	302
113975000	303
113976000	304
113977000	305
113978000	306
113979000	307
113980000	308
113981000	309
113982000	310
113983000	311
113984000	312
113985000	313
113986000	314
113987000	315
113988000	316
113989000	317
113990000	318
113991000	319
113992000	320
113993000	321
113994000	322
113995000	323
113996000	324
113997000	325
113998000	326
113999000	327
114000000	328
114001000	329
114002000	330
114003000	331
114004000	332
114005000	333
114006000	334
114007000	335
114008000	336
114009000	337
114010000	338
114011000	339
114012000	340
114013000	341
114014000	342
114015000	343
114016000	344
114017000	345
114018000	346
114019000	347
114020000	348
114021000	349
114022000	350
114023000	351
114024000	352
114025000	353
114026000	354
114027000	355
114028000	356
114029000	357
114030000	358
114031000	359
114032000	360
114033000	361
114034000	362
114035000	363
114036000	364
114037000	365
114038000	366
114039000	367
114045000	368
114046000	369
114047000	370
114048000	371
114049000	372
114050000	373
114051000	374
114052000	375
114053000	376
114054000	377
114055000	378
114056000	379
114057000	380
114058000	381
114059000	382
114060000	383
114061000	384
114062000	385
114063000	386
114064000	387
114065000	388
114066000	389
114067000	390
114068000	391
114069000	392
114070000	393
114071000	394
114072000	395
114073000	396
114074000	397
114075000	398
114076000	399
114077000	400
114078000	401
114079000	402
114080000	403
114081000	404
114082000	405
114083000	406
114084000	407
114085000	408
114086000	409
114087000	410
114088000	411
114089000	412
114090000	413
114091000	414
114092000	415
114093000	416
114094000	417
114095000	418
114096000	419
114097000	420
114098000	421
114099000	422
114100000	423
114101000	424
114102000	425
114103000	426
114104000	427
114105000	428
114106000	429
114107000	430
114108000	431
114109000	432
114110000	433
114111000	434
114112000	435
114113000	436
114114000	437
114115000	438
114116000	439
114117000	440
114118000	441
114119000	442
114120000	443
114121000	444
114122000	445
114123000	446
114124000	447
114125000	448
114126000	449
114127000	450
114128000	451
114129000	452
114130000	453
114131000	454
114132000	455
114133000	456
114134000	457
114135000	458
114136000	459
114137000	460
114138000	461
114139000	462
114140000	463
114141000	464
114142000	465
114143000	466
114144000	467
114145000	468
114146000	469
114147000	470
114148000	471
114149000	472
114150000	473
114151000	474
114152000	475
114153000	476
114154000	477
114155000	478
114156000	479
114157000	480
114158000	481
114159000	482
114160000	483
114161000	484
114162000	485
114163000	486
114164000	487
114165000	488
114166000	489
114167000	490
114168000	491
114169000	492
114170000	493
114171000	494
114172000	495
114173000	496
114174000	497
114175000	498
