91345000	0
91350000	1
91355000	2
91360000	3
91365000	4
91370000	5
91375000	6
91380000	7
91385000	8
91390000	9
91395000	10
91400000	11
91405000	12
91410000	13
91415000	14
91420000	15
91425000	16
91430000	17
91435000	18
91440000	19
91445000	20
91450000	21
91455000	22
91460000	23
91465000	24
91470000	25
91475000	26
91480000	27
91485000	28
91490000	29
91495000	30
91500000	31
91505000	32
91510000	33
91515000	34
91520000	35
91525000	36
91530000	37
91535000	38
91540000	39
91545000	40
91550000	41
91555000	42
91560000	43
91565000	44
91570000	45
91575000	46
91580000	47
91585000	48
91590000	49
91595000	50
91600000	51
91605000	52
91610000	53
91615000	54
91620000	55
91625000	56
91630000	57
91635000	58
91640000	59
91645000	60
91650000	61
91655000	62
91660000	63
91665000	64
91670000	65
91675000	66
91680000	67
91685000	68
91690000	69
91695000	70
91700000	71
91705000	72
91710000	73
91715000	74
91720000	75
91725000	76
91730000	77
