50735000	0
50740000	1
50745000	2
50750000	3
50755000	4
50760000	5
50765000	6
50770000	7
50775000	8
50780000	9
50785000	10
50790000	11
50795000	12
50800000	13
50805000	14
50810000	15
50815000	16
50820000	17
50825000	18
50830000	19
50835000	20
50840000	21
50845000	22
50850000	23
50855000	24
50860000	25
50865000	26
50870000	27
50875000	28
50880000	29
50885000	30
50890000	31
50895000	32
50900000	33
50905000	34
50910000	35
50915000	36
50920000	37
50925000	38
50930000	39
50935000	40
50940000	41
50945000	42
50950000	43
50955000	44
50960000	45
50965000	46
50970000	47
50975000	48
50980000	49
50985000	50
50990000	51
50995000	52
51000000	53
51005000	54
51010000	55
51015000	56
51020000	57
51025000	58
51030000	59
51035000	60
51040000	61
51045000	62
51050000	63
51055000	64
51060000	65
51065000	66
51070000	67
51075000	68
51080000	69
51085000	70
51090000	71
51095000	72
51100000	73
51105000	74
51110000	75
51115000	76
51120000	77
51125000	78
51130000	79
51135000	80
51140000	81
51145000	82
51150000	83
51155000	84
51160000	85
51165000	86
51170000	87
51175000	88
51180000	89
51185000	90
51190000	91
51195000	92
51200000	93
51205000	94
51210000	95
51215000	96
51220000	97
51225000	98
51230000	99
51235000	100
51240000	101
51245000	102
51250000	103
51255000	104
51260000	105
51265000	106
51270000	107
51275000	108
51280000	109
51285000	110
51290000	111
51295000	112
51300000	113
51305000	114
51310000	115
51315000	116
51320000	117
51325000	118
51330000	119
51335000	120
51340000	121
51345000	122
51350000	123
51355000	124
51360000	125
51365000	126
51370000	127
51375000	128
51380000	129
51385000	130
51390000	131
51395000	132
51400000	133
51405000	134
51410000	135
51435000	136
51440000	137
51445000	138
51465000	139
51470000	140
51475000	141
51480000	142
51485000	143
51490000	144
51495000	145
51500000	146
51505000	147
51510000	148
51515000	149
51520000	150
51525000	151
51530000	152
51535000	153
51540000	154
51545000	155
51550000	156
51555000	157
51560000	158
51565000	159
51570000	160
51575000	161
51580000	162
51585000	163
51590000	164
51595000	165
51600000	166
51605000	167
51610000	168
51615000	169
51620000	170
51625000	171
51630000	172
51635000	173
51640000	174
51645000	175
51650000	176
51655000	177
51660000	178
51665000	179
51670000	180
51675000	181
51680000	182
51685000	183
51690000	184
51695000	185
51700000	186
51705000	187
51710000	188
51715000	189
51720000	190
51725000	191
51730000	192
51735000	193
51740000	194
51745000	195
51750000	196
51755000	197
51760000	198
51765000	199
51770000	200
51775000	201
51780000	202
51820000	203
51825000	204
51830000	205
51835000	206
51840000	207
51845000	208
51850000	209
51855000	210
51860000	211
51865000	212
51870000	213
51875000	214
51880000	215
51885000	216
51890000	217
51895000	218
51900000	219
51905000	220
51910000	221
51915000	222
51935000	223
51955000	224
51960000	225
51965000	226
51970000	227
51975000	228
51980000	229
51985000	230
51990000	231
51995000	232
52000000	233
52005000	234
52010000	235
52015000	236
52020000	237
52025000	238
52030000	239
52035000	240
52040000	241
52045000	242
52050000	243
52055000	244
52060000	245
52065000	246
52070000	247
52075000	248
52080000	249
52085000	250
52090000	251
52095000	252
52100000	253
52515000	254
52565000	255
52570000	256
52575000	257
52580000	258
52585000	259
52590000	260
52595000	261
52600000	262
52605000	263
52610000	264
52615000	265
52620000	266
52625000	267
52630000	268
52635000	269
52640000	270
52645000	271
52650000	272
52655000	273
52660000	274
52665000	275
52670000	276
52675000	277
52680000	278
52685000	279
52690000	280
52695000	281
52700000	282
52705000	283
52715000	284
52720000	285
52755000	286
52760000	287
52815000	288
52820000	289
52825000	290
52830000	291
52835000	292
52840000	293
52845000	294
52850000	295
52855000	296
52860000	297
52865000	298
52870000	299
52875000	300
52880000	301
52885000	302
52890000	303
52895000	304
52900000	305
52905000	306
52910000	307
52920000	308
52930000	309
52945000	310
52950000	311
52955000	312
52960000	313
53000000	314
53005000	315
53010000	316
53015000	317
53020000	318
53025000	319
53030000	320
53035000	321
53040000	322
53045000	323
53050000	324
53055000	325
53060000	326
53065000	327
53070000	328
53075000	329
53080000	330
53085000	331
53090000	332
53095000	333
53100000	334
53105000	335
53110000	336
53115000	337
53120000	338
53125000	339
53130000	340
53135000	341
53140000	342
53145000	343
53150000	344
53155000	345
53160000	346
53165000	347
53170000	348
53175000	349
53180000	350
53185000	351
53190000	352
53195000	353
53200000	354
53205000	355
53210000	356
53215000	357
53220000	358
53225000	359
53230000	360
53235000	361
53240000	362
53245000	363
53250000	364
53255000	365
53260000	366
53265000	367
53270000	368
53275000	369
53280000	370
53285000	371
53290000	372
53295000	373
53300000	374
53305000	375
53310000	376
53315000	377
53320000	378
53325000	379
53330000	380
53335000	381
53340000	382
53345000	383
53350000	384
53355000	385
53360000	386
53365000	387
53370000	388
53375000	389
53380000	390
53385000	391
53390000	392
53395000	393
53400000	394
53405000	395
53410000	396
53415000	397
53420000	398
53425000	399
53430000	400
53435000	401
53440000	402
53445000	403
53450000	404
53455000	405
53460000	406
53465000	407
53470000	408
53475000	409
53480000	410
53485000	411
53490000	412
53495000	413
53500000	414
53505000	415
53510000	416
53515000	417
53520000	418
53525000	419
53530000	420
53535000	421
53540000	422
53545000	423
53550000	424
53555000	425
