133940000	0
133945000	1
133950000	2
133955000	3
133960000	4
133965000	5
133970000	6
133975000	7
133980000	8
133985000	9
133990000	10
133995000	11
134000000	12
134005000	13
134010000	14
134015000	15
134020000	16
134025000	17
134030000	18
134035000	19
134040000	20
134045000	21
134050000	22
134055000	23
134060000	24
134065000	25
134070000	26
134075000	27
134080000	28
134085000	29
134090000	30
134095000	31
134100000	32
134105000	33
134110000	34
134115000	35
134120000	36
134125000	37
134130000	38
134135000	39
134140000	40
134145000	41
134150000	42
134155000	43
134160000	44
134165000	45
134170000	46
134175000	47
134180000	48
134185000	49
134190000	50
134195000	51
134200000	52
134205000	53
134210000	54
134215000	55
134220000	56
134225000	57
134230000	58
134235000	59
134240000	60
134245000	61
134255000	62
134290000	63
134295000	64
134300000	65
134305000	66
134310000	67
134315000	68
134320000	69
134325000	70
134330000	71
134335000	72
134340000	73
134345000	74
134380000	75
134390000	76
134395000	77
134400000	78
134405000	79
134410000	80
134415000	81
134420000	82
134425000	83
134430000	84
134435000	85
134440000	86
134445000	87
134450000	88
134455000	89
134460000	90
134465000	91
134470000	92
134475000	93
134480000	94
134485000	95
134490000	96
134495000	97
134500000	98
134505000	99
134510000	100
134515000	101
134520000	102
134525000	103
134530000	104
134535000	105
134540000	106
134545000	107
134550000	108
134555000	109
134560000	110
134565000	111
134570000	112
134575000	113
134580000	114
134585000	115
134590000	116
134595000	117
134600000	118
134605000	119
