31055000	0
31060000	1
31065000	2
31070000	3
31075000	4
31080000	5
31085000	6
31090000	7
31095000	8
31100000	9
31105000	10
31110000	11
31115000	12
31120000	13
31125000	14
31130000	15
31135000	16
31140000	17
31145000	18
31150000	19
31155000	20
31160000	21
31165000	22
31170000	23
31175000	24
31180000	25
31185000	26
31190000	27
31195000	28
31200000	29
31205000	30
31210000	31
31215000	32
31220000	33
31225000	34
31230000	35
31235000	36
31240000	37
31245000	38
31250000	39
31255000	40
31260000	41
31265000	42
31270000	43
31275000	44
31280000	45
31285000	46
31290000	47
31295000	48
31300000	49
31305000	50
31310000	51
31315000	52
31320000	53
31325000	54
31330000	55
31335000	56
31340000	57
31345000	58
31350000	59
31355000	60
31360000	61
31365000	62
31370000	63
31375000	64
31380000	65
31385000	66
31390000	67
31395000	68
31400000	69
31405000	70
31410000	71
31415000	72
31420000	73
31425000	74
31430000	75
31435000	76
31440000	77
31445000	78
31450000	79
31455000	80
31460000	81
31465000	82
31470000	83
31475000	84
31480000	85
31485000	86
31490000	87
31495000	88
31500000	89
31505000	90
31510000	91
31515000	92
31520000	93
31525000	94
31530000	95
31535000	96
31540000	97
31545000	98
31550000	99
31555000	100
31560000	101
31565000	102
31570000	103
31575000	104
31580000	105
31585000	106
31590000	107
31595000	108
31600000	109
31605000	110
31610000	111
31615000	112
31620000	113
31625000	114
31630000	115
31635000	116
31640000	117
31645000	118
31650000	119
31655000	120
31660000	121
31665000	122
31670000	123
31675000	124
31680000	125
31685000	126
31690000	127
31695000	128
31700000	129
31705000	130
31710000	131
31715000	132
31720000	133
31725000	134
31730000	135
31735000	136
31740000	137
31745000	138
31750000	139
31755000	140
31760000	141
31765000	142
31770000	143
31775000	144
31780000	145
31785000	146
31790000	147
31795000	148
31800000	149
31805000	150
31810000	151
31815000	152
31820000	153
31825000	154
31830000	155
31835000	156
31840000	157
31845000	158
31850000	159
31855000	160
31860000	161
31865000	162
31870000	163
31875000	164
31880000	165
31885000	166
31890000	167
31895000	168
31900000	169
31905000	170
31910000	171
31915000	172
31920000	173
31925000	174
31930000	175
31935000	176
31940000	177
31945000	178
31950000	179
31955000	180
31960000	181
31965000	182
31970000	183
31975000	184
31980000	185
31985000	186
31990000	187
31995000	188
32000000	189
32005000	190
32010000	191
32015000	192
32020000	193
32025000	194
32030000	195
32035000	196
32040000	197
32045000	198
32050000	199
32055000	200
32060000	201
32065000	202
32070000	203
32075000	204
32080000	205
32085000	206
32090000	207
32095000	208
32100000	209
32105000	210
32110000	211
32115000	212
32120000	213
32125000	214
32130000	215
32135000	216
32140000	217
32145000	218
32150000	219
32155000	220
32160000	221
32165000	222
32170000	223
32175000	224
32180000	225
32185000	226
32190000	227
32195000	228
32200000	229
32205000	230
32210000	231
32215000	232
32220000	233
32225000	234
32230000	235
32235000	236
32240000	237
32245000	238
32250000	239
32255000	240
32260000	241
32265000	242
32270000	243
32275000	244
32280000	245
32285000	246
32290000	247
32295000	248
32300000	249
32305000	250
32310000	251
32315000	252
32320000	253
32325000	254
32330000	255
32335000	256
32340000	257
32345000	258
32350000	259
32355000	260
32360000	261
32365000	262
32370000	263
32375000	264
32380000	265
32385000	266
32390000	267
32395000	268
32400000	269
32405000	270
32410000	271
32415000	272
32420000	273
32425000	274
32430000	275
32435000	276
32440000	277
32445000	278
32450000	279
32455000	280
32460000	281
32465000	282
32470000	283
32475000	284
32480000	285
32485000	286
32490000	287
32495000	288
32500000	289
32505000	290
32510000	291
32515000	292
32520000	293
32525000	294
32530000	295
32535000	296
32540000	297
32545000	298
32550000	299
32555000	300
32560000	301
32565000	302
32570000	303
32575000	304
32580000	305
32585000	306
32590000	307
32595000	308
32600000	309
32605000	310
32610000	311
32615000	312
32620000	313
32625000	314
32630000	315
32635000	316
32640000	317
32645000	318
32650000	319
32655000	320
32660000	321
32665000	322
32670000	323
32675000	324
32680000	325
32685000	326
32690000	327
32695000	328
32700000	329
32705000	330
32710000	331
32715000	332
32720000	333
32725000	334
32730000	335
32735000	336
32740000	337
32745000	338
32750000	339
32755000	340
32760000	341
32765000	342
32770000	343
32775000	344
32780000	345
32785000	346
32790000	347
32795000	348
32800000	349
32805000	350
32810000	351
32815000	352
32820000	353
32825000	354
32830000	355
32835000	356
32840000	357
32845000	358
32850000	359
32855000	360
32860000	361
32865000	362
32870000	363
32875000	364
32880000	365
32885000	366
32890000	367
32895000	368
32900000	369
32905000	370
32910000	371
32915000	372
32920000	373
32925000	374
32930000	375
32935000	376
32940000	377
32945000	378
32950000	379
32955000	380
32960000	381
32965000	382
32970000	383
32975000	384
32980000	385
32985000	386
32990000	387
32995000	388
33000000	389
33005000	390
33010000	391
33015000	392
33020000	393
33025000	394
33030000	395
33035000	396
33040000	397
33045000	398
33050000	399
33055000	400
33060000	401
33065000	402
33070000	403
33075000	404
33080000	405
33085000	406
33090000	407
33095000	408
33100000	409
33105000	410
33110000	411
33115000	412
33120000	413
33125000	414
33130000	415
33135000	416
33140000	417
33145000	418
33150000	419
33155000	420
33160000	421
33165000	422
33170000	423
33175000	424
33180000	425
33185000	426
33190000	427
33195000	428
33200000	429
33205000	430
33210000	431
33215000	432
33220000	433
33225000	434
33230000	435
33235000	436
33240000	437
33245000	438
33250000	439
33255000	440
33260000	441
33265000	442
33270000	443
33275000	444
33280000	445
33285000	446
33290000	447
33295000	448
33300000	449
33305000	450
33310000	451
33315000	452
33320000	453
33325000	454
33330000	455
33335000	456
33340000	457
33345000	458
33350000	459
33355000	460
33360000	461
33365000	462
33370000	463
33375000	464
33380000	465
33385000	466
33390000	467
33395000	468
33400000	469
33405000	470
33410000	471
33415000	472
33420000	473
33425000	474
33430000	475
33435000	476
33440000	477
33445000	478
33450000	479
33455000	480
33460000	481
33465000	482
33470000	483
33475000	484
33480000	485
33485000	486
33490000	487
33495000	488
33500000	489
33505000	490
33510000	491
33515000	492
33520000	493
33525000	494
33530000	495
33535000	496
33540000	497
33545000	498
33550000	499
33555000	500
33560000	501
33565000	502
33570000	503
33575000	504
33580000	505
33585000	506
33590000	507
33595000	508
33600000	509
33605000	510
33610000	511
33615000	512
33620000	513
33625000	514
33630000	515
33635000	516
33640000	517
33645000	518
33650000	519
33655000	520
33660000	521
33665000	522
33670000	523
33675000	524
33680000	525
33685000	526
33690000	527
33695000	528
33700000	529
33705000	530
33710000	531
33715000	532
33720000	533
33725000	534
33730000	535
33735000	536
33740000	537
33745000	538
33750000	539
33755000	540
33760000	541
33765000	542
33770000	543
33775000	544
33780000	545
33785000	546
33790000	547
33795000	548
33800000	549
33805000	550
33810000	551
33815000	552
33820000	553
33825000	554
33830000	555
33835000	556
33840000	557
33845000	558
33850000	559
33855000	560
33860000	561
33865000	562
33870000	563
33875000	564
33880000	565
33885000	566
33890000	567
33895000	568
33900000	569
33905000	570
33910000	571
33915000	572
33920000	573
33925000	574
33930000	575
33935000	576
33940000	577
33945000	578
33950000	579
33955000	580
33960000	581
33965000	582
33970000	583
33975000	584
33980000	585
33985000	586
33990000	587
33995000	588
34000000	589
34005000	590
34010000	591
34015000	592
34020000	593
34025000	594
34030000	595
34035000	596
34040000	597
34045000	598
34050000	599
34055000	600
34060000	601
34065000	602
34070000	603
34075000	604
34080000	605
34085000	606
34090000	607
34095000	608
34100000	609
34105000	610
34110000	611
34115000	612
34120000	613
34125000	614
34130000	615
34135000	616
34140000	617
34145000	618
34150000	619
34155000	620
34160000	621
34165000	622
34170000	623
34175000	624
34180000	625
34185000	626
34190000	627
34195000	628
34200000	629
34205000	630
34210000	631
34215000	632
34220000	633
34225000	634
34230000	635
34235000	636
34240000	637
34245000	638
34250000	639
34255000	640
34260000	641
34265000	642
34270000	643
34275000	644
34280000	645
34285000	646
34290000	647
34295000	648
34300000	649
34305000	650
34310000	651
34315000	652
34320000	653
34325000	654
34330000	655
34335000	656
34340000	657
34345000	658
34350000	659
34355000	660
34360000	661
34365000	662
34370000	663
34375000	664
34380000	665
34385000	666
34390000	667
34395000	668
34400000	669
34405000	670
34410000	671
34415000	672
34420000	673
34425000	674
34430000	675
34435000	676
34440000	677
34445000	678
34450000	679
34455000	680
34460000	681
34465000	682
34470000	683
34475000	684
34480000	685
34485000	686
34490000	687
34495000	688
34500000	689
34505000	690
34510000	691
34515000	692
34520000	693
34525000	694
34530000	695
34535000	696
34540000	697
34545000	698
34550000	699
34555000	700
34560000	701
34565000	702
34570000	703
34575000	704
34580000	705
34585000	706
34590000	707
34595000	708
34600000	709
34605000	710
34610000	711
34615000	712
34620000	713
34625000	714
34630000	715
34635000	716
34640000	717
34645000	718
34650000	719
34655000	720
34660000	721
34665000	722
34670000	723
34675000	724
34680000	725
34685000	726
34690000	727
34695000	728
34700000	729
34705000	730
34710000	731
34715000	732
34720000	733
34725000	734
34730000	735
34735000	736
34740000	737
34745000	738
34750000	739
34755000	740
34760000	741
34765000	742
34770000	743
34775000	744
34780000	745
34785000	746
34790000	747
34795000	748
34800000	749
34805000	750
34810000	751
34815000	752
34820000	753
34825000	754
34830000	755
34835000	756
34840000	757
34845000	758
34850000	759
34855000	760
34860000	761
34865000	762
34870000	763
34875000	764
34880000	765
34885000	766
34890000	767
34895000	768
34900000	769
34905000	770
34910000	771
34915000	772
34920000	773
34925000	774
34930000	775
34935000	776
34940000	777
34945000	778
34950000	779
34955000	780
34960000	781
34965000	782
34970000	783
34975000	784
34980000	785
34985000	786
34990000	787
34995000	788
35000000	789
35005000	790
35010000	791
35015000	792
35020000	793
35025000	794
35030000	795
35035000	796
35040000	797
35045000	798
35050000	799
35055000	800
35060000	801
35065000	802
35070000	803
35075000	804
35080000	805
35085000	806
35090000	807
35095000	808
35100000	809
35105000	810
35110000	811
35115000	812
35120000	813
35125000	814
35130000	815
35135000	816
35140000	817
35145000	818
35150000	819
35155000	820
35160000	821
35165000	822
35170000	823
35175000	824
35180000	825
35185000	826
35190000	827
35195000	828
35200000	829
35205000	830
35210000	831
35215000	832
35220000	833
35225000	834
35230000	835
35235000	836
35240000	837
35245000	838
35250000	839
35255000	840
35260000	841
35265000	842
35270000	843
35275000	844
35280000	845
35285000	846
35290000	847
35295000	848
35300000	849
35305000	850
35310000	851
35315000	852
35320000	853
35325000	854
35330000	855
35335000	856
35340000	857
35345000	858
35350000	859
35355000	860
35360000	861
35365000	862
35370000	863
35375000	864
35380000	865
