150880000	0
150885000	1
150890000	2
150895000	3
150900000	4
150905000	5
150910000	6
150915000	7
150920000	8
150925000	9
150930000	10
150935000	11
150940000	12
150945000	13
150950000	14
150955000	15
150960000	16
150965000	17
150970000	18
150975000	19
150980000	20
150985000	21
150990000	22
150995000	23
151000000	24
151005000	25
151010000	26
151015000	27
151020000	28
151025000	29
151030000	30
151035000	31
151040000	32
151045000	33
151050000	34
151055000	35
151060000	36
151065000	37
151070000	38
151075000	39
151080000	40
151085000	41
151090000	42
151095000	43
151100000	44
151105000	45
151110000	46
151115000	47
151120000	48
151125000	49
151130000	50
151135000	51
151140000	52
151145000	53
151150000	54
151155000	55
151160000	56
151165000	57
151170000	58
151175000	59
151180000	60
151185000	61
151190000	62
151195000	63
151200000	64
151205000	65
151210000	66
151215000	67
151220000	68
151225000	69
151230000	70
151235000	71
151240000	72
151245000	73
151250000	74
151255000	75
151260000	76
151265000	77
151270000	78
151275000	79
151280000	80
151285000	81
151290000	82
151295000	83
151300000	84
151305000	85
151310000	86
151315000	87
151320000	88
151325000	89
151330000	90
151335000	91
151340000	92
151345000	93
151350000	94
151355000	95
151360000	96
151365000	97
151370000	98
151375000	99
151380000	100
151385000	101
151390000	102
151395000	103
151400000	104
151410000	105
151415000	106
151420000	107
151425000	108
151430000	109
151435000	110
151440000	111
151445000	112
151450000	113
151455000	114
151460000	115
151465000	116
151470000	117
151475000	118
151480000	119
151485000	120
151490000	121
151495000	122
151500000	123
151505000	124
151510000	125
151515000	126
151520000	127
151525000	128
151530000	129
151535000	130
151540000	131
151545000	132
151550000	133
151555000	134
151560000	135
151565000	136
151570000	137
151575000	138
151580000	139
151585000	140
151590000	141
151595000	142
151600000	143
151605000	144
151610000	145
151615000	146
151620000	147
151625000	148
151630000	149
151635000	150
151640000	151
151645000	152
151650000	153
151655000	154
151660000	155
151665000	156
151670000	157
151675000	158
151680000	159
151685000	160
151690000	161
151695000	162
151700000	163
151705000	164
151710000	165
151715000	166
151720000	167
151725000	168
151730000	169
151735000	170
151740000	171
151745000	172
151750000	173
151755000	174
151760000	175
151765000	176
151770000	177
151775000	178
151780000	179
151785000	180
151790000	181
151795000	182
151800000	183
151805000	184
151810000	185
151815000	186
151820000	187
151825000	188
151830000	189
151835000	190
151840000	191
151845000	192
151865000	193
151870000	194
151890000	195
151895000	196
151900000	197
151905000	198
151910000	199
151930000	200
151935000	201
151955000	202
151960000	203
151965000	204
151970000	205
151975000	206
151980000	207
151985000	208
151990000	209
151995000	210
