101360000	0
101365000	1
101370000	2
101375000	3
101380000	4
101385000	5
101390000	6
101395000	7
101400000	8
101405000	9
101410000	10
101415000	11
101420000	12
101425000	13
101430000	14
101435000	15
101440000	16
101445000	17
101450000	18
101455000	19
101460000	20
101465000	21
101470000	22
101475000	23
101480000	24
101485000	25
101490000	26
101495000	27
101500000	28
101505000	29
101510000	30
101515000	31
101520000	32
101525000	33
101530000	34
101535000	35
101540000	36
101545000	37
101550000	38
101555000	39
101560000	40
101565000	41
101570000	42
101575000	43
101580000	44
101585000	45
101590000	46
101595000	47
101600000	48
101605000	49
101610000	50
101615000	51
101620000	52
101625000	53
101630000	54
101635000	55
101640000	56
101645000	57
101650000	58
101655000	59
101660000	60
101665000	61
101670000	62
101675000	63
101680000	64
101685000	65
101690000	66
101695000	67
101700000	68
101705000	69
101710000	70
101715000	71
101720000	72
101725000	73
101730000	74
101735000	75
101740000	76
101745000	77
101750000	78
101755000	79
101760000	80
101765000	81
101770000	82
101775000	83
101780000	84
101785000	85
101790000	86
101795000	87
101800000	88
101805000	89
101810000	90
101815000	91
101820000	92
101825000	93
101830000	94
101835000	95
101840000	96
101845000	97
101850000	98
101855000	99
101860000	100
101865000	101
101870000	102
101875000	103
101880000	104
101885000	105
101890000	106
101895000	107
101900000	108
101905000	109
101910000	110
101915000	111
101920000	112
101925000	113
101930000	114
101935000	115
101940000	116
101945000	117
101950000	118
101955000	119
101960000	120
101965000	121
101970000	122
101975000	123
101980000	124
101985000	125
101990000	126
101995000	127
102000000	128
102005000	129
102010000	130
102015000	131
102020000	132
102025000	133
102030000	134
102035000	135
102040000	136
102045000	137
102050000	138
102055000	139
102060000	140
102065000	141
102070000	142
102075000	143
102080000	144
102085000	145
102090000	146
102095000	147
102100000	148
102105000	149
102110000	150
102115000	151
102120000	152
102125000	153
102130000	154
102135000	155
102140000	156
102145000	157
102150000	158
102155000	159
102160000	160
102165000	161
102170000	162
102175000	163
102180000	164
102185000	165
102190000	166
102195000	167
102200000	168
102205000	169
102210000	170
102215000	171
102220000	172
102225000	173
102230000	174
102235000	175
102240000	176
102245000	177
102250000	178
102255000	179
102260000	180
102265000	181
102270000	182
102275000	183
102280000	184
102285000	185
102290000	186
102295000	187
102300000	188
102305000	189
102310000	190
102315000	191
102320000	192
102325000	193
102330000	194
102335000	195
102340000	196
102345000	197
102350000	198
102355000	199
102360000	200
102365000	201
102370000	202
102375000	203
102380000	204
102385000	205
102390000	206
102395000	207
102400000	208
102405000	209
102410000	210
102415000	211
102420000	212
102425000	213
102430000	214
102435000	215
102440000	216
102445000	217
102450000	218
102455000	219
102460000	220
102465000	221
102470000	222
102475000	223
102480000	224
102485000	225
102490000	226
102495000	227
102500000	228
102505000	229
102510000	230
102515000	231
102520000	232
102525000	233
102530000	234
102535000	235
102540000	236
102545000	237
102550000	238
102555000	239
102560000	240
102565000	241
102570000	242
102575000	243
102580000	244
102585000	245
102590000	246
102595000	247
102600000	248
102605000	249
102610000	250
102615000	251
102620000	252
102625000	253
102630000	254
102635000	255
102640000	256
102645000	257
102650000	258
102655000	259
102660000	260
102665000	261
102670000	262
102675000	263
102680000	264
102685000	265
102690000	266
102695000	267
102700000	268
102705000	269
102710000	270
102715000	271
102720000	272
102725000	273
102730000	274
102735000	275
102740000	276
102745000	277
102750000	278
102755000	279
102760000	280
102765000	281
102770000	282
102775000	283
102780000	284
102785000	285
102790000	286
102795000	287
102800000	288
102805000	289
102810000	290
102815000	291
102820000	292
102825000	293
102830000	294
102835000	295
102840000	296
102845000	297
102850000	298
102855000	299
102860000	300
102865000	301
102870000	302
102875000	303
102880000	304
102885000	305
102890000	306
102895000	307
102900000	308
102905000	309
102910000	310
102915000	311
102920000	312
102925000	313
102930000	314
102935000	315
102940000	316
102945000	317
102950000	318
102955000	319
102960000	320
102965000	321
102970000	322
102975000	323
102980000	324
102985000	325
102990000	326
102995000	327
103000000	328
103005000	329
103010000	330
103015000	331
103020000	332
103025000	333
103030000	334
103035000	335
103040000	336
103045000	337
103050000	338
103055000	339
103060000	340
103065000	341
103070000	342
103075000	343
103080000	344
103085000	345
103090000	346
103095000	347
103100000	348
103105000	349
103110000	350
103115000	351
103120000	352
103125000	353
103130000	354
103135000	355
103140000	356
103145000	357
103150000	358
103155000	359
103160000	360
103165000	361
103170000	362
103175000	363
103180000	364
103185000	365
103190000	366
103195000	367
103200000	368
103205000	369
103210000	370
103215000	371
103220000	372
103225000	373
103230000	374
103235000	375
103240000	376
103245000	377
103250000	378
103255000	379
103260000	380
103265000	381
103270000	382
103275000	383
103280000	384
103285000	385
103290000	386
103295000	387
103300000	388
103305000	389
103310000	390
103315000	391
103320000	392
103325000	393
103330000	394
103335000	395
103340000	396
103345000	397
103350000	398
103355000	399
103360000	400
103365000	401
103370000	402
103375000	403
103380000	404
103385000	405
103390000	406
103395000	407
103400000	408
103405000	409
103410000	410
103415000	411
103420000	412
103425000	413
103430000	414
103435000	415
103440000	416
103445000	417
103450000	418
103455000	419
103460000	420
103465000	421
103470000	422
103475000	423
103480000	424
103485000	425
103490000	426
103495000	427
103500000	428
103505000	429
103510000	430
103515000	431
103520000	432
103525000	433
103530000	434
103535000	435
103540000	436
103545000	437
103550000	438
103555000	439
103560000	440
103565000	441
103570000	442
103575000	443
103580000	444
103585000	445
103590000	446
103595000	447
103600000	448
103605000	449
103610000	450
103615000	451
103620000	452
103625000	453
103630000	454
103635000	455
103640000	456
103645000	457
103650000	458
103655000	459
103660000	460
103665000	461
103670000	462
103675000	463
103680000	464
103685000	465
103690000	466
103695000	467
103700000	468
103705000	469
103710000	470
103715000	471
103720000	472
103725000	473
103730000	474
103735000	475
103740000	476
103745000	477
103750000	478
103755000	479
103760000	480
103765000	481
103770000	482
103775000	483
103780000	484
103785000	485
103910000	486
103915000	487
103920000	488
103925000	489
104005000	490
104010000	491
104015000	492
104020000	493
104025000	494
104030000	495
104035000	496
104040000	497
104045000	498
104050000	499
104055000	500
104060000	501
104065000	502
104070000	503
104075000	504
104080000	505
104085000	506
104090000	507
104095000	508
104100000	509
104105000	510
104110000	511
104115000	512
104120000	513
104125000	514
104130000	515
104135000	516
104140000	517
104150000	518
104155000	519
104160000	520
104175000	521
104210000	522
104220000	523
104255000	524
104260000	525
104275000	526
104300000	527
104305000	528
104310000	529
104315000	530
104320000	531
104325000	532
104330000	533
104335000	534
104340000	535
104345000	536
104350000	537
104355000	538
104360000	539
104365000	540
104370000	541
104375000	542
104380000	543
104385000	544
104390000	545
104395000	546
104400000	547
104405000	548
104410000	549
104415000	550
104420000	551
104425000	552
104430000	553
104435000	554
104440000	555
104445000	556
104450000	557
104455000	558
104460000	559
104465000	560
104470000	561
104475000	562
104480000	563
104485000	564
104490000	565
104495000	566
104500000	567
104505000	568
104510000	569
104515000	570
104520000	571
104525000	572
104530000	573
104535000	574
104540000	575
104545000	576
104550000	577
104555000	578
104560000	579
104565000	580
104570000	581
104575000	582
104580000	583
104585000	584
104590000	585
104595000	586
104600000	587
104605000	588
104610000	589
104615000	590
104620000	591
104625000	592
104630000	593
104635000	594
104640000	595
104645000	596
104650000	597
104655000	598
104660000	599
104665000	600
104670000	601
104675000	602
104680000	603
104685000	604
104690000	605
104695000	606
104700000	607
104705000	608
104710000	609
104715000	610
104720000	611
104725000	612
104730000	613
104735000	614
104740000	615
104745000	616
104750000	617
104755000	618
104760000	619
104765000	620
104770000	621
104775000	622
104780000	623
104785000	624
104790000	625
104795000	626
104800000	627
104805000	628
104810000	629
104815000	630
104820000	631
104825000	632
104830000	633
104835000	634
104840000	635
104845000	636
104850000	637
104855000	638
104860000	639
104865000	640
104870000	641
104875000	642
104880000	643
104885000	644
104890000	645
104895000	646
104900000	647
104905000	648
104910000	649
104915000	650
104920000	651
104925000	652
104930000	653
104935000	654
104940000	655
104945000	656
104950000	657
104955000	658
104960000	659
104965000	660
104970000	661
104975000	662
104980000	663
104985000	664
104990000	665
104995000	666
105000000	667
105005000	668
105010000	669
105015000	670
105020000	671
105025000	672
105030000	673
105035000	674
105040000	675
105045000	676
105050000	677
105055000	678
105060000	679
105065000	680
105070000	681
105075000	682
105080000	683
105085000	684
105090000	685
105095000	686
105100000	687
105105000	688
105110000	689
105115000	690
105120000	691
105125000	692
105130000	693
105135000	694
105140000	695
105145000	696
105150000	697
105155000	698
105160000	699
105165000	700
105170000	701
105175000	702
105180000	703
105185000	704
105190000	705
105195000	706
105200000	707
105205000	708
105210000	709
105215000	710
105220000	711
105225000	712
105230000	713
