30010000	0
30015000	1
30020000	2
30025000	3
30030000	4
30035000	5
30040000	6
30045000	7
30050000	8
30055000	9
30060000	10
30065000	11
30070000	12
30075000	13
30080000	14
30085000	15
30090000	16
30095000	17
30100000	18
30105000	19
30110000	20
30115000	21
30120000	22
30125000	23
30130000	24
30135000	25
30140000	26
30145000	27
30150000	28
30155000	29
30160000	30
30165000	31
30170000	32
30175000	33
30180000	34
30185000	35
30190000	36
30195000	37
30200000	38
30205000	39
30210000	40
30215000	41
30220000	42
30225000	43
30230000	44
30235000	45
30240000	46
30245000	47
30250000	48
30255000	49
30260000	50
30265000	51
30270000	52
30275000	53
30280000	54
30285000	55
30290000	56
30295000	57
30300000	58
30305000	59
30310000	60
30315000	61
30320000	62
30325000	63
30330000	64
30335000	65
30340000	66
30345000	67
30350000	68
30355000	69
30360000	70
30365000	71
30370000	72
