27175000	0
27180000	1
27185000	2
27190000	3
27195000	4
27200000	5
27205000	6
27210000	7
27215000	8
27220000	9
27225000	10
27230000	11
27235000	12
27240000	13
27245000	14
27250000	15
27255000	16
27260000	17
27265000	18
27270000	19
27275000	20
27280000	21
27285000	22
27290000	23
27295000	24
27300000	25
27305000	26
27310000	27
27315000	28
27320000	29
27325000	30
27330000	31
27335000	32
27340000	33
27345000	34
27350000	35
27355000	36
27360000	37
27365000	38
27370000	39
27375000	40
27380000	41
27385000	42
27390000	43
27395000	44
27400000	45
27405000	46
27410000	47
27415000	48
27420000	49
27425000	50
27430000	51
27435000	52
27440000	53
27445000	54
27450000	55
27455000	56
27460000	57
27465000	58
27470000	59
27475000	60
27480000	61
27485000	62
27490000	63
27495000	64
27500000	65
27505000	66
27510000	67
27515000	68
27520000	69
27525000	70
27530000	71
27535000	72
27540000	73
27545000	74
