42840000	0
42845000	1
42850000	2
42855000	3
42860000	4
42865000	5
42870000	6
42875000	7
42880000	8
42885000	9
42890000	10
42895000	11
42900000	12
42905000	13
42910000	14
42915000	15
42920000	16
42925000	17
42930000	18
42935000	19
42940000	20
42945000	21
42950000	22
42955000	23
43005000	24
43010000	25
43015000	26
43020000	27
43025000	28
43030000	29
43035000	30
43040000	31
43045000	32
43050000	33
43055000	34
43060000	35
43065000	36
43070000	37
43075000	38
43080000	39
43085000	40
43090000	41
43095000	42
43100000	43
43105000	44
43110000	45
43115000	46
43120000	47
43125000	48
43130000	49
43135000	50
43140000	51
43145000	52
43150000	53
43155000	54
43160000	55
43165000	56
43170000	57
43175000	58
43180000	59
43185000	60
43190000	61
43195000	62
43200000	63
43205000	64
43210000	65
43215000	66
43220000	67
43225000	68
43230000	69
