80325000	0
80330000	1
80335000	2
80340000	3
80345000	4
80350000	5
80355000	6
80360000	7
80365000	8
80370000	9
80375000	10
80380000	11
80385000	12
80390000	13
80395000	14
80400000	15
80405000	16
80410000	17
80415000	18
80420000	19
80425000	20
80430000	21
80435000	22
80440000	23
80445000	24
80450000	25
80455000	26
80460000	27
80465000	28
80470000	29
80475000	30
80480000	31
80485000	32
80490000	33
80495000	34
80500000	35
80505000	36
80510000	37
80515000	38
80520000	39
80525000	40
80530000	41
80535000	42
80540000	43
80545000	44
80550000	45
80555000	46
80560000	47
80565000	48
80570000	49
80575000	50
80580000	51
80585000	52
80590000	53
80595000	54
80600000	55
80605000	56
80610000	57
80615000	58
80620000	59
80625000	60
80630000	61
80635000	62
80640000	63
80645000	64
80650000	65
80655000	66
80660000	67
80665000	68
80670000	69
80675000	70
80680000	71
80685000	72
80690000	73
80695000	74
80700000	75
80705000	76
80710000	77
80715000	78
80720000	79
80725000	80
80730000	81
80735000	82
80740000	83
80745000	84
80750000	85
80755000	86
80760000	87
80765000	88
80770000	89
80775000	90
80780000	91
80785000	92
80790000	93
80795000	94
80800000	95
80805000	96
80810000	97
80815000	98
80820000	99
80825000	100
80830000	101
80835000	102
80840000	103
80845000	104
80850000	105
80855000	106
80860000	107
80865000	108
80870000	109
80875000	110
80880000	111
80885000	112
80890000	113
80895000	114
80900000	115
80905000	116
80910000	117
80915000	118
80920000	119
80925000	120
80930000	121
80935000	122
80940000	123
80945000	124
80950000	125
80955000	126
80960000	127
80965000	128
80970000	129
80975000	130
80980000	131
80985000	132
80990000	133
80995000	134
81000000	135
81005000	136
81010000	137
81015000	138
81020000	139
81025000	140
81030000	141
81035000	142
81040000	143
81045000	144
81050000	145
81055000	146
81060000	147
81065000	148
81070000	149
81075000	150
81080000	151
81085000	152
81090000	153
