164340000	0
164345000	1
164350000	2
164355000	3
164360000	4
164365000	5
164370000	6
164375000	7
164380000	8
164385000	9
164390000	10
164395000	11
164400000	12
164405000	13
164410000	14
164415000	15
164420000	16
164425000	17
164430000	18
164435000	19
164440000	20
164445000	21
164450000	22
164455000	23
164460000	24
164465000	25
164470000	26
164475000	27
164480000	28
164485000	29
164490000	30
164495000	31
164500000	32
164505000	33
164510000	34
164515000	35
164520000	36
164525000	37
164530000	38
164535000	39
164540000	40
164545000	41
164550000	42
164555000	43
164560000	44
164565000	45
164570000	46
164575000	47
164580000	48
164585000	49
164590000	50
164595000	51
164600000	52
164605000	53
164610000	54
164615000	55
164620000	56
164625000	57
164630000	58
164635000	59
164640000	60
164645000	61
164650000	62
164655000	63
164660000	64
164665000	65
164670000	66
164675000	67
164680000	68
164685000	69
164690000	70
164695000	71
164700000	72
164705000	73
164710000	74
164715000	75
164720000	76
164725000	77
164730000	78
164735000	79
164740000	80
164745000	81
164750000	82
164755000	83
164760000	84
164765000	85
164770000	86
164775000	87
164780000	88
164785000	89
164790000	90
164795000	91
164800000	92
164805000	93
164810000	94
164815000	95
164820000	96
164825000	97
164830000	98
164835000	99
164840000	100
164845000	101
164850000	102
164855000	103
164860000	104
164865000	105
164870000	106
164875000	107
164880000	108
164885000	109
164890000	110
164895000	111
164900000	112
164905000	113
164910000	114
164915000	115
164920000	116
164925000	117
164930000	118
164935000	119
164940000	120
164945000	121
164950000	122
164955000	123
164960000	124
164965000	125
164970000	126
164975000	127
164980000	128
164985000	129
164990000	130
164995000	131
165000000	132
165005000	133
165010000	134
165015000	135
165020000	136
165025000	137
165030000	138
165035000	139
165040000	140
165045000	141
165050000	142
165055000	143
165060000	144
165065000	145
165070000	146
165075000	147
165080000	148
165085000	149
165090000	150
165095000	151
165100000	152
165105000	153
165110000	154
165115000	155
165120000	156
165125000	157
165130000	158
165135000	159
165140000	160
165145000	161
165150000	162
165155000	163
165160000	164
165165000	165
165170000	166
165175000	167
165180000	168
165185000	169
165190000	170
165195000	171
165200000	172
165205000	173
165210000	174
165215000	175
165220000	176
165225000	177
165230000	178
165235000	179
165240000	180
165245000	181
165250000	182
165255000	183
165260000	184
165265000	185
165270000	186
165275000	187
165280000	188
165285000	189
165290000	190
165295000	191
165300000	192
165305000	193
165310000	194
165315000	195
165320000	196
165325000	197
165330000	198
165335000	199
165340000	200
165345000	201
165350000	202
165355000	203
165360000	204
165365000	205
165370000	206
165375000	207
165380000	208
165385000	209
165390000	210
165395000	211
165400000	212
165405000	213
165410000	214
165415000	215
165420000	216
165425000	217
165430000	218
165435000	219
165440000	220
165445000	221
165450000	222
165455000	223
165460000	224
165465000	225
165470000	226
165475000	227
165480000	228
165485000	229
165490000	230
165495000	231
165500000	232
165505000	233
165510000	234
165515000	235
165520000	236
165525000	237
165530000	238
165535000	239
165540000	240
165545000	241
165550000	242
165555000	243
165560000	244
165565000	245
165570000	246
165575000	247
165580000	248
165585000	249
165590000	250
165595000	251
165600000	252
165605000	253
165610000	254
165615000	255
165620000	256
165625000	257
165630000	258
165635000	259
165640000	260
165645000	261
165650000	262
165655000	263
165660000	264
165665000	265
165670000	266
165675000	267
165680000	268
165685000	269
165690000	270
165695000	271
165700000	272
165705000	273
165710000	274
165715000	275
165720000	276
165725000	277
165730000	278
165735000	279
165740000	280
165745000	281
165750000	282
165755000	283
165760000	284
165765000	285
165770000	286
165775000	287
165780000	288
165785000	289
165790000	290
165795000	291
165800000	292
165805000	293
165810000	294
165815000	295
165820000	296
165825000	297
165830000	298
165835000	299
165840000	300
165845000	301
165850000	302
165855000	303
165860000	304
165865000	305
165870000	306
165875000	307
165880000	308
165885000	309
165890000	310
165895000	311
165900000	312
165905000	313
165910000	314
165915000	315
165920000	316
165925000	317
165930000	318
165935000	319
165940000	320
165945000	321
165950000	322
165955000	323
165960000	324
165965000	325
165970000	326
165975000	327
165980000	328
165985000	329
165990000	330
165995000	331
166000000	332
166005000	333
166010000	334
166015000	335
166020000	336
166025000	337
166030000	338
166035000	339
166040000	340
166045000	341
166050000	342
166055000	343
166060000	344
166065000	345
166070000	346
166075000	347
166080000	348
166085000	349
166090000	350
166095000	351
166100000	352
166105000	353
166110000	354
166115000	355
166120000	356
166125000	357
166130000	358
166135000	359
166140000	360
166145000	361
166150000	362
166155000	363
166160000	364
166165000	365
166170000	366
166175000	367
166180000	368
166185000	369
166190000	370
166195000	371
166200000	372
166205000	373
166210000	374
166215000	375
166220000	376
166225000	377
166230000	378
166235000	379
166240000	380
166245000	381
166250000	382
166255000	383
166260000	384
166265000	385
166270000	386
166275000	387
166280000	388
166285000	389
166290000	390
166295000	391
166300000	392
166305000	393
166310000	394
166315000	395
166320000	396
166325000	397
166330000	398
166335000	399
166340000	400
166345000	401
166350000	402
166355000	403
166360000	404
166365000	405
166370000	406
166375000	407
166380000	408
166385000	409
166390000	410
166395000	411
166400000	412
166405000	413
166410000	414
166415000	415
166420000	416
166425000	417
166430000	418
166435000	419
166440000	420
166445000	421
166450000	422
166455000	423
166460000	424
166465000	425
166470000	426
166475000	427
166480000	428
166485000	429
166490000	430
166495000	431
166500000	432
166505000	433
166510000	434
166515000	435
166520000	436
166525000	437
166530000	438
166535000	439
166540000	440
166545000	441
166550000	442
166555000	443
166560000	444
166565000	445
166570000	446
166575000	447
166580000	448
166585000	449
166590000	450
166595000	451
166600000	452
166605000	453
166610000	454
166615000	455
166620000	456
166625000	457
166630000	458
166635000	459
166640000	460
166645000	461
166650000	462
166655000	463
166660000	464
166665000	465
166670000	466
166675000	467
166680000	468
166685000	469
166690000	470
166695000	471
166700000	472
166705000	473
166710000	474
166715000	475
166720000	476
166725000	477
166730000	478
166735000	479
166740000	480
166745000	481
166750000	482
166755000	483
166760000	484
166765000	485
166770000	486
166775000	487
166780000	488
166785000	489
166790000	490
166795000	491
166800000	492
166805000	493
166810000	494
166815000	495
166820000	496
166825000	497
166830000	498
166835000	499
166840000	500
166845000	501
166850000	502
166855000	503
166860000	504
166865000	505
166870000	506
166875000	507
166880000	508
166885000	509
166890000	510
166895000	511
166900000	512
166905000	513
166910000	514
166915000	515
166920000	516
166925000	517
166930000	518
166935000	519
166940000	520
166945000	521
166950000	522
166955000	523
166960000	524
166965000	525
166970000	526
166975000	527
166980000	528
166985000	529
166990000	530
166995000	531
167000000	532
167005000	533
167010000	534
167015000	535
167020000	536
167025000	537
167030000	538
167035000	539
167040000	540
167045000	541
167050000	542
167055000	543
167060000	544
167065000	545
167070000	546
167075000	547
167080000	548
167085000	549
167090000	550
167095000	551
167100000	552
167105000	553
167110000	554
167115000	555
167120000	556
167125000	557
167130000	558
167135000	559
167140000	560
167145000	561
167150000	562
167155000	563
167160000	564
167165000	565
167170000	566
167175000	567
167180000	568
167185000	569
167190000	570
167195000	571
167200000	572
167205000	573
167210000	574
167215000	575
167220000	576
167225000	577
167230000	578
167235000	579
167240000	580
167245000	581
167250000	582
167255000	583
167260000	584
167265000	585
167270000	586
167275000	587
167280000	588
167285000	589
167290000	590
167295000	591
167300000	592
167305000	593
167310000	594
167315000	595
167320000	596
167325000	597
167330000	598
167335000	599
167340000	600
167345000	601
167350000	602
167355000	603
167360000	604
167365000	605
167370000	606
167375000	607
167380000	608
167385000	609
167390000	610
167395000	611
167400000	612
167405000	613
167410000	614
167415000	615
167420000	616
167425000	617
167430000	618
167435000	619
167440000	620
167445000	621
167450000	622
167455000	623
167460000	624
167465000	625
167470000	626
167475000	627
167480000	628
167485000	629
167490000	630
167495000	631
167500000	632
167505000	633
167510000	634
167515000	635
167520000	636
167525000	637
167530000	638
