22885000	0
22890000	1
22895000	2
22900000	3
22905000	4
22910000	5
22915000	6
22920000	7
22925000	8
22930000	9
22935000	10
22940000	11
22945000	12
22950000	13
22955000	14
22960000	15
22965000	16
22970000	17
22975000	18
22980000	19
22985000	20
22990000	21
22995000	22
23000000	23
23005000	24
23010000	25
23015000	26
23020000	27
23025000	28
23030000	29
23035000	30
23040000	31
23045000	32
23050000	33
23055000	34
23060000	35
23065000	36
23070000	37
23075000	38
23080000	39
23085000	40
23090000	41
23095000	42
23100000	43
23105000	44
23110000	45
23115000	46
23120000	47
23125000	48
23130000	49
23135000	50
23140000	51
23145000	52
23150000	53
23155000	54
23160000	55
23165000	56
23170000	57
23175000	58
23180000	59
23185000	60
23190000	61
23195000	62
23200000	63
23205000	64
23210000	65
23215000	66
23220000	67
23225000	68
23230000	69
23235000	70
23240000	71
23245000	72
23250000	73
23255000	74
23260000	75
23265000	76
23270000	77
23275000	78
23280000	79
23285000	80
23290000	81
23295000	82
23300000	83
23305000	84
23310000	85
