38840000	0
38845000	1
38850000	2
38855000	3
38860000	4
38865000	5
38870000	6
38875000	7
38880000	8
38885000	9
38890000	10
38895000	11
38900000	12
38905000	13
38910000	14
38915000	15
38920000	16
38925000	17
38930000	18
38935000	19
38940000	20
38945000	21
38950000	22
38955000	23
38960000	24
38965000	25
38970000	26
38975000	27
38980000	28
38985000	29
38990000	30
38995000	31
39000000	32
39005000	33
39010000	34
39015000	35
39020000	36
39025000	37
39030000	38
39035000	39
39040000	40
39045000	41
39050000	42
39055000	43
39060000	44
39065000	45
39070000	46
39075000	47
39080000	48
39085000	49
39090000	50
39095000	51
39100000	52
39105000	53
39110000	54
39115000	55
39120000	56
39125000	57
39130000	58
39135000	59
39140000	60
39145000	61
39150000	62
39155000	63
39160000	64
39165000	65
39170000	66
39175000	67
39180000	68
39185000	69
39190000	70
39195000	71
39200000	72
39205000	73
39210000	74
39215000	75
39220000	76
39225000	77
39230000	78
39235000	79
39240000	80
39245000	81
39250000	82
39255000	83
39260000	84
39265000	85
39270000	86
39275000	87
39280000	88
39285000	89
39290000	90
39295000	91
39300000	92
39305000	93
39310000	94
39315000	95
39320000	96
39325000	97
39330000	98
39335000	99
39340000	100
39345000	101
39350000	102
39355000	103
39360000	104
39365000	105
39370000	106
39375000	107
39380000	108
39385000	109
39390000	110
39395000	111
39400000	112
39405000	113
39410000	114
39415000	115
39420000	116
39425000	117
39430000	118
39435000	119
39440000	120
39445000	121
39450000	122
39455000	123
39460000	124
39465000	125
39470000	126
39475000	127
39480000	128
39485000	129
39490000	130
39495000	131
39500000	132
39505000	133
39510000	134
39515000	135
39520000	136
39525000	137
39530000	138
39535000	139
39540000	140
39545000	141
39550000	142
39555000	143
39560000	144
39565000	145
39570000	146
