109610000	0
109615000	1
109620000	2
109625000	3
109630000	4
109635000	5
109640000	6
109645000	7
109650000	8
109655000	9
109660000	10
109665000	11
109670000	12
109675000	13
109680000	14
109685000	15
109690000	16
109695000	17
109700000	18
109705000	19
109710000	20
109715000	21
109720000	22
109725000	23
109730000	24
109735000	25
109740000	26
109745000	27
109750000	28
109755000	29
109760000	30
109765000	31
109770000	32
109775000	33
109780000	34
109785000	35
109790000	36
109795000	37
109800000	38
109805000	39
109810000	40
109815000	41
109820000	42
109825000	43
109830000	44
109835000	45
109840000	46
109845000	47
109850000	48
109855000	49
109860000	50
109865000	51
109870000	52
109875000	53
109880000	54
109885000	55
109890000	56
109895000	57
109900000	58
109905000	59
109910000	60
109915000	61
109920000	62
109925000	63
109930000	64
109935000	65
109940000	66
109945000	67
109950000	68
109955000	69
109960000	70
109965000	71
109970000	72
109975000	73
109980000	74
109985000	75
109990000	76
109995000	77
110000000	78
110005000	79
110010000	80
110015000	81
110020000	82
110025000	83
110030000	84
110035000	85
110040000	86
110045000	87
110050000	88
110055000	89
110060000	90
