47460000	0
47465000	1
47470000	2
47475000	3
47480000	4
47485000	5
47490000	6
47495000	7
47500000	8
47505000	9
47510000	10
47515000	11
47520000	12
47525000	13
47530000	14
47535000	15
47540000	16
47545000	17
47550000	18
47555000	19
47560000	20
47565000	21
47570000	22
47575000	23
47580000	24
47585000	25
47590000	26
47595000	27
47600000	28
47605000	29
47610000	30
47615000	31
47620000	32
47625000	33
47630000	34
47635000	35
47640000	36
47645000	37
47650000	38
47655000	39
47660000	40
47665000	41
47670000	42
47675000	43
47680000	44
47685000	45
47690000	46
47695000	47
47700000	48
47705000	49
47710000	50
47715000	51
47720000	52
47725000	53
47730000	54
47735000	55
47740000	56
47745000	57
47750000	58
47755000	59
47760000	60
47765000	61
47770000	62
47775000	63
47780000	64
47785000	65
47790000	66
47795000	67
47800000	68
47805000	69
47810000	70
47815000	71
47820000	72
47825000	73
47830000	74
47835000	75
47840000	76
47845000	77
47850000	78
47855000	79
47860000	80
47865000	81
47870000	82
47875000	83
47880000	84
47885000	85
47890000	86
47895000	87
47900000	88
47905000	89
47910000	90
47915000	91
47920000	92
47925000	93
47930000	94
47935000	95
47940000	96
47945000	97
47950000	98
47955000	99
47960000	100
47965000	101
47970000	102
47975000	103
47980000	104
47985000	105
47990000	106
47995000	107
48000000	108
48005000	109
48010000	110
48015000	111
48020000	112
48025000	113
48030000	114
48035000	115
48040000	116
48045000	117
48050000	118
48055000	119
48060000	120
48065000	121
48070000	122
48075000	123
48080000	124
48085000	125
48090000	126
48095000	127
48100000	128
48105000	129
48110000	130
48115000	131
48120000	132
48125000	133
48130000	134
48135000	135
48140000	136
48145000	137
48150000	138
48155000	139
48160000	140
48165000	141
48170000	142
48175000	143
48180000	144
48185000	145
48190000	146
48195000	147
48200000	148
48205000	149
48210000	150
48215000	151
48220000	152
48225000	153
48230000	154
48235000	155
48240000	156
48245000	157
48250000	158
48255000	159
48260000	160
48265000	161
48270000	162
48275000	163
48280000	164
48285000	165
48290000	166
48295000	167
48300000	168
48305000	169
48310000	170
48315000	171
48320000	172
48325000	173
48330000	174
48335000	175
48340000	176
48345000	177
48350000	178
48355000	179
48360000	180
48365000	181
48370000	182
48375000	183
