63345000	0
63350000	1
63355000	2
63360000	3
63365000	4
63370000	5
63375000	6
63380000	7
63385000	8
63390000	9
63395000	10
63400000	11
63405000	12
63410000	13
63415000	14
63420000	15
63425000	16
63430000	17
63435000	18
63440000	19
63445000	20
63450000	21
63455000	22
63460000	23
63465000	24
63470000	25
63475000	26
63480000	27
63485000	28
63490000	29
63495000	30
63500000	31
63505000	32
63510000	33
63515000	34
63520000	35
63525000	36
63530000	37
63535000	38
63540000	39
63545000	40
63550000	41
63555000	42
63560000	43
63565000	44
63570000	45
63575000	46
63580000	47
63585000	48
63590000	49
63595000	50
63600000	51
63605000	52
63610000	53
63615000	54
63620000	55
63625000	56
63630000	57
63635000	58
63640000	59
63645000	60
63650000	61
63655000	62
63660000	63
63665000	64
63670000	65
63675000	66
63680000	67
63685000	68
63690000	69
63695000	70
63700000	71
63705000	72
63710000	73
63715000	74
63720000	75
63725000	76
63730000	77
63735000	78
63740000	79
63745000	80
63750000	81
63755000	82
63760000	83
63765000	84
63770000	85
63775000	86
