605000	0
610000	1
615000	2
620000	3
625000	4
630000	5
635000	6
640000	7
645000	8
650000	9
655000	10
660000	11
665000	12
670000	13
675000	14
680000	15
685000	16
690000	17
695000	18
700000	19
705000	20
710000	21
715000	22
720000	23
725000	24
730000	25
735000	26
740000	27
745000	28
750000	29
755000	30
760000	31
765000	32
770000	33
775000	34
780000	35
785000	36
790000	37
795000	38
800000	39
805000	40
810000	41
815000	42
820000	43
825000	44
830000	45
835000	46
840000	47
845000	48
850000	49
855000	50
860000	51
865000	52
870000	53
875000	54
880000	55
885000	56
890000	57
895000	58
900000	59
905000	60
910000	61
915000	62
920000	63
925000	64
930000	65
935000	66
940000	67
945000	68
950000	69
955000	70
960000	71
965000	72
970000	73
975000	74
980000	75
985000	76
990000	77
995000	78
