37360000	0
37365000	1
37370000	2
37375000	3
37380000	4
37385000	5
37390000	6
37395000	7
37400000	8
37405000	9
37410000	10
37415000	11
37420000	12
37425000	13
37430000	14
37435000	15
37440000	16
37445000	17
37450000	18
37455000	19
37460000	20
37465000	21
37470000	22
37475000	23
37480000	24
37485000	25
37490000	26
37495000	27
37500000	28
37505000	29
37510000	30
37515000	31
37520000	32
37525000	33
37530000	34
37535000	35
37540000	36
37545000	37
37550000	38
37555000	39
37560000	40
37565000	41
37570000	42
37575000	43
37580000	44
37585000	45
37590000	46
37595000	47
37600000	48
37605000	49
37610000	50
37615000	51
37620000	52
37625000	53
37630000	54
37635000	55
37640000	56
37645000	57
37650000	58
37655000	59
37660000	60
37665000	61
37670000	62
37675000	63
37680000	64
37685000	65
37690000	66
