57825000	0
57830000	1
57835000	2
57840000	3
57845000	4
57850000	5
57855000	6
57860000	7
57865000	8
57870000	9
57875000	10
57880000	11
57885000	12
57890000	13
57895000	14
57900000	15
57905000	16
57910000	17
57915000	18
57920000	19
57925000	20
57930000	21
57935000	22
57940000	23
57945000	24
57950000	25
57955000	26
57960000	27
57965000	28
57970000	29
57975000	30
57980000	31
57985000	32
57990000	33
57995000	34
58000000	35
58005000	36
58010000	37
58015000	38
58020000	39
58025000	40
58030000	41
58035000	42
58040000	43
58045000	44
58050000	45
58055000	46
58060000	47
58065000	48
58070000	49
58075000	50
58080000	51
58085000	52
58090000	53
58095000	54
58110000	55
58115000	56
58120000	57
58125000	58
58130000	59
58135000	60
58140000	61
58145000	62
58150000	63
58155000	64
58160000	65
58165000	66
58170000	67
58175000	68
58180000	69
58185000	70
58200000	71
58205000	72
