36225000	0
36230000	1
36235000	2
36240000	3
36245000	4
36250000	5
36275000	6
36295000	7
36300000	8
36305000	9
36310000	10
36315000	11
36345000	12
36350000	13
36355000	14
36360000	15
36365000	16
36370000	17
36375000	18
36380000	19
36385000	20
36390000	21
36395000	22
36400000	23
36405000	24
36410000	25
36415000	26
36420000	27
36425000	28
36430000	29
36435000	30
36440000	31
36445000	32
36450000	33
36455000	34
36460000	35
36465000	36
36470000	37
36475000	38
36480000	39
36485000	40
36490000	41
36495000	42
36500000	43
36505000	44
36510000	45
36515000	46
36520000	47
36525000	48
36530000	49
36535000	50
36540000	51
36545000	52
36550000	53
36555000	54
36560000	55
36565000	56
36570000	57
36575000	58
36580000	59
36585000	60
36590000	61
36595000	62
36600000	63
36605000	64
36610000	65
36615000	66
36620000	67
36625000	68
36630000	69
36635000	70
36640000	71
36645000	72
36650000	73
36655000	74
36660000	75
36665000	76
36670000	77
36675000	78
36680000	79
36685000	80
36690000	81
