20915000	0
20920000	1
20925000	2
20930000	3
20935000	4
20940000	5
20945000	6
20950000	7
20955000	8
20960000	9
20965000	10
20970000	11
20975000	12
20980000	13
20985000	14
20990000	15
20995000	16
21000000	17
21005000	18
21010000	19
21015000	20
21020000	21
21025000	22
21030000	23
21035000	24
21040000	25
21045000	26
21050000	27
21055000	28
21060000	29
21065000	30
21070000	31
21075000	32
21080000	33
21085000	34
21090000	35
21095000	36
21100000	37
21105000	38
21110000	39
21115000	40
21120000	41
21125000	42
21130000	43
21135000	44
21140000	45
21145000	46
21150000	47
21155000	48
21160000	49
21165000	50
21170000	51
21175000	52
21180000	53
21185000	54
21190000	55
21195000	56
21200000	57
21205000	58
21210000	59
21215000	60
21220000	61
21225000	62
21230000	63
21235000	64
21240000	65
21245000	66
21250000	67
21255000	68
21260000	69
21265000	70
21270000	71
21275000	72
21280000	73
21285000	74
21290000	75
21295000	76
21300000	77
21305000	78
21310000	79
21315000	80
21320000	81
21325000	82
21330000	83
21335000	84
21340000	85
21345000	86
21350000	87
21355000	88
21360000	89
21365000	90
21370000	91
21375000	92
21380000	93
21385000	94
21390000	95
21395000	96
21400000	97
21405000	98
21410000	99
21415000	100
21420000	101
21425000	102
21430000	103
21435000	104
21440000	105
21445000	106
21450000	107
