77400000	0
77405000	1
77410000	2
77415000	3
77420000	4
77425000	5
77430000	6
77435000	7
77440000	8
77445000	9
77450000	10
77455000	11
77460000	12
77525000	13
77530000	14
77535000	15
77540000	16
77545000	17
77630000	18
77635000	19
77640000	20
77645000	21
77650000	22
77655000	23
77660000	24
77665000	25
77670000	26
77675000	27
77680000	28
77685000	29
77690000	30
77695000	31
77700000	32
77705000	33
77710000	34
77715000	35
77720000	36
77725000	37
77730000	38
77735000	39
77740000	40
77745000	41
77750000	42
77755000	43
77760000	44
77765000	45
77770000	46
77775000	47
77780000	48
77785000	49
77790000	50
77795000	51
77800000	52
77805000	53
77810000	54
77815000	55
77820000	56
77825000	57
77830000	58
77835000	59
77840000	60
77845000	61
77850000	62
77855000	63
77860000	64
77865000	65
77870000	66
77875000	67
77880000	68
77885000	69
77890000	70
77895000	71
77900000	72
77905000	73
77910000	74
77915000	75
77920000	76
77925000	77
77930000	78
77935000	79
77940000	80
77945000	81
77950000	82
77955000	83
77960000	84
77965000	85
77970000	86
77975000	87
77980000	88
77985000	89
77990000	90
77995000	91
78000000	92
78005000	93
78010000	94
78015000	95
78020000	96
78025000	97
78030000	98
78035000	99
78040000	100
78045000	101
78050000	102
78055000	103
