56295000	0
56300000	1
56305000	2
56310000	3
56315000	4
56320000	5
56325000	6
56330000	7
56335000	8
56340000	9
56345000	10
56350000	11
56355000	12
56360000	13
56365000	14
56370000	15
56375000	16
56380000	17
56385000	18
56390000	19
56395000	20
56400000	21
56405000	22
56410000	23
56415000	24
56420000	25
56425000	26
56430000	27
56435000	28
56440000	29
56445000	30
56450000	31
56455000	32
56460000	33
56465000	34
56470000	35
56475000	36
56480000	37
56485000	38
56490000	39
56495000	40
56500000	41
56505000	42
56510000	43
56515000	44
56520000	45
56525000	46
56530000	47
56535000	48
56540000	49
56545000	50
56550000	51
56555000	52
56560000	53
56565000	54
56570000	55
56575000	56
56580000	57
56585000	58
56590000	59
56595000	60
56600000	61
56605000	62
56610000	63
56615000	64
56620000	65
56625000	66
56630000	67
56635000	68
56640000	69
56645000	70
56650000	71
56655000	72
56660000	73
56665000	74
56670000	75
56675000	76
56680000	77
56685000	78
56690000	79
56695000	80
56700000	81
56705000	82
56710000	83
56715000	84
56720000	85
56725000	86
56730000	87
56735000	88
56740000	89
56745000	90
56750000	91
56755000	92
56760000	93
56765000	94
56770000	95
56775000	96
56780000	97
56785000	98
56790000	99
56795000	100
56800000	101
56805000	102
56810000	103
56815000	104
56820000	105
56825000	106
56830000	107
56835000	108
56840000	109
56845000	110
56850000	111
56855000	112
56860000	113
56865000	114
56870000	115
56875000	116
56880000	117
56885000	118
56890000	119
56895000	120
56900000	121
56905000	122
56910000	123
56915000	124
56920000	125
56925000	126
56930000	127
56935000	128
56940000	129
56945000	130
56950000	131
56955000	132
56960000	133
56965000	134
56970000	135
56975000	136
56980000	137
56985000	138
56990000	139
56995000	140
57000000	141
57005000	142
57010000	143
57015000	144
57020000	145
57025000	146
57030000	147
57035000	148
57040000	149
57045000	150
57050000	151
57055000	152
57060000	153
57065000	154
57070000	155
57075000	156
57080000	157
57085000	158
57090000	159
57095000	160
57100000	161
57105000	162
57110000	163
57115000	164
57120000	165
57125000	166
