94095000	0
94100000	1
94105000	2
94110000	3
94115000	4
94120000	5
94125000	6
94130000	7
94135000	8
94140000	9
94145000	10
94150000	11
94155000	12
94160000	13
94165000	14
94170000	15
94175000	16
94180000	17
94185000	18
94190000	19
94195000	20
94200000	21
94205000	22
94210000	23
94215000	24
94220000	25
94225000	26
94230000	27
94235000	28
94240000	29
94245000	30
94250000	31
94255000	32
94260000	33
94265000	34
94270000	35
94275000	36
94280000	37
94285000	38
94290000	39
94295000	40
94300000	41
94305000	42
94310000	43
94315000	44
94320000	45
94325000	46
94330000	47
94335000	48
94340000	49
94345000	50
94350000	51
94355000	52
94360000	53
94365000	54
94370000	55
94375000	56
94380000	57
94385000	58
94390000	59
94395000	60
94400000	61
94405000	62
94410000	63
94415000	64
94420000	65
94425000	66
94430000	67
94435000	68
94440000	69
94445000	70
94450000	71
94455000	72
94460000	73
94465000	74
94470000	75
94475000	76
94480000	77
94485000	78
94490000	79
94495000	80
94500000	81
94505000	82
94510000	83
94515000	84
94520000	85
94525000	86
94530000	87
94535000	88
94540000	89
94545000	90
94550000	91
94555000	92
94560000	93
94565000	94
94570000	95
94575000	96
94580000	97
94585000	98
94590000	99
94595000	100
94600000	101
94605000	102
94610000	103
94615000	104
94620000	105
94625000	106
94630000	107
94635000	108
94640000	109
