75575000	0
75580000	1
75585000	2
75590000	3
75595000	4
75600000	5
75605000	6
75610000	7
75615000	8
75620000	9
75625000	10
75630000	11
75635000	12
75640000	13
75645000	14
75650000	15
75655000	16
75660000	17
75665000	18
75670000	19
75675000	20
75680000	21
75685000	22
75690000	23
75695000	24
75700000	25
75705000	26
75710000	27
75715000	28
75720000	29
75725000	30
75730000	31
75735000	32
75740000	33
75745000	34
75750000	35
75755000	36
75760000	37
75765000	38
75770000	39
75775000	40
75780000	41
75785000	42
75790000	43
75795000	44
75800000	45
75805000	46
75810000	47
75815000	48
75820000	49
75825000	50
75830000	51
75835000	52
75840000	53
75845000	54
75850000	55
75855000	56
75860000	57
75865000	58
75870000	59
75875000	60
75880000	61
75885000	62
75890000	63
75895000	64
75900000	65
75905000	66
75910000	67
75915000	68
75920000	69
75925000	70
75930000	71
75935000	72
75940000	73
75945000	74
75950000	75
75955000	76
75960000	77
75965000	78
75970000	79
75975000	80
75980000	81
75985000	82
75990000	83
75995000	84
