108765000	0
108770000	1
108775000	2
108780000	3
108785000	4
108790000	5
108795000	6
108800000	7
108805000	8
108810000	9
108815000	10
108820000	11
108825000	12
108830000	13
108835000	14
108840000	15
108845000	16
108850000	17
108855000	18
108860000	19
108865000	20
108870000	21
108875000	22
108880000	23
108885000	24
108890000	25
108895000	26
108900000	27
108905000	28
108910000	29
108915000	30
108920000	31
108925000	32
108930000	33
108935000	34
108940000	35
108945000	36
108950000	37
108955000	38
108960000	39
108965000	40
108970000	41
108975000	42
108980000	43
108985000	44
108990000	45
108995000	46
109000000	47
109005000	48
109010000	49
109015000	50
109020000	51
109025000	52
109030000	53
109035000	54
109040000	55
109045000	56
109050000	57
109055000	58
109060000	59
109065000	60
109070000	61
109075000	62
109080000	63
109085000	64
109090000	65
109095000	66
109100000	67
109105000	68
109110000	69
109115000	70
109120000	71
109125000	72
109130000	73
109135000	74
109140000	75
109145000	76
109150000	77
109155000	78
109160000	79
109165000	80
109170000	81
109175000	82
109180000	83
109185000	84
109190000	85
109195000	86
109200000	87
109205000	88
109210000	89
109215000	90
109220000	91
109225000	92
109230000	93
109235000	94
109240000	95
109245000	96
109250000	97
109255000	98
109260000	99
109265000	100
109270000	101
109275000	102
109280000	103
109285000	104
109290000	105
109295000	106
109300000	107
109305000	108
109310000	109
109315000	110
109320000	111
109325000	112
109330000	113
109335000	114
109340000	115
109345000	116
109350000	117
109355000	118
109360000	119
109365000	120
109370000	121
109375000	122
109380000	123
109385000	124
109390000	125
109395000	126
109400000	127
109405000	128
109410000	129
109415000	130
109420000	131
109425000	132
109430000	133
109435000	134
109440000	135
109445000	136
109450000	137
109455000	138
109460000	139
109465000	140
109470000	141
109475000	142
109480000	143
109485000	144
109490000	145
109495000	146
109500000	147
109505000	148
109510000	149
109515000	150
109520000	151
109525000	152
109530000	153
109535000	154
109540000	155
109545000	156
109550000	157
109555000	158
109560000	159
109565000	160
109570000	161
109575000	162
109580000	163
109585000	164
109590000	165
109595000	166
109600000	167
