77810000	0
77815000	1
77820000	2
77825000	3
77830000	4
77835000	5
77840000	6
77845000	7
77850000	8
77855000	9
77860000	10
77865000	11
77870000	12
77875000	13
77880000	14
77885000	15
77890000	16
77895000	17
77900000	18
77905000	19
77910000	20
77915000	21
77920000	22
77925000	23
77930000	24
77935000	25
77940000	26
77945000	27
77950000	28
77955000	29
77960000	30
77965000	31
77970000	32
77975000	33
77980000	34
77985000	35
77990000	36
77995000	37
78000000	38
78005000	39
78010000	40
78015000	41
78020000	42
78025000	43
78030000	44
78035000	45
78040000	46
78045000	47
78050000	48
78055000	49
78060000	50
78065000	51
78070000	52
78075000	53
78080000	54
78085000	55
78090000	56
78095000	57
78100000	58
78105000	59
78110000	60
78115000	61
78120000	62
78125000	63
78130000	64
78135000	65
78140000	66
78145000	67
78150000	68
78155000	69
78160000	70
78165000	71
78170000	72
78175000	73
78180000	74
78185000	75
78190000	76
78195000	77
78200000	78
78205000	79
78210000	80
78215000	81
78220000	82
78225000	83
78230000	84
78235000	85
78240000	86
78245000	87
78250000	88
78255000	89
78260000	90
78265000	91
78270000	92
78275000	93
78280000	94
78285000	95
78290000	96
78295000	97
78300000	98
78305000	99
78310000	100
78315000	101
78320000	102
78325000	103
78330000	104
78335000	105
78340000	106
78345000	107
78350000	108
78355000	109
78360000	110
78365000	111
78370000	112
78375000	113
78380000	114
78385000	115
78390000	116
78395000	117
78400000	118
78405000	119
78410000	120
78415000	121
78420000	122
78425000	123
78430000	124
78435000	125
78440000	126
78445000	127
78450000	128
78455000	129
78460000	130
78465000	131
78470000	132
78475000	133
78480000	134
78485000	135
78490000	136
78495000	137
78500000	138
78505000	139
78510000	140
78515000	141
78520000	142
78525000	143
78530000	144
78535000	145
78540000	146
78545000	147
78550000	148
78555000	149
78560000	150
78565000	151
78570000	152
78575000	153
78580000	154
78585000	155
78590000	156
78595000	157
78600000	158
78605000	159
78610000	160
78615000	161
78620000	162
78625000	163
78630000	164
78635000	165
78640000	166
78645000	167
78650000	168
78655000	169
78660000	170
78665000	171
78670000	172
78675000	173
78680000	174
78685000	175
78690000	176
78695000	177
78700000	178
78705000	179
78710000	180
78715000	181
78720000	182
78725000	183
78730000	184
78735000	185
78740000	186
78745000	187
78750000	188
78755000	189
78760000	190
78765000	191
78770000	192
78775000	193
78780000	194
78785000	195
78790000	196
78795000	197
78800000	198
78805000	199
78810000	200
78815000	201
78820000	202
78825000	203
78830000	204
78835000	205
78840000	206
78845000	207
78850000	208
78855000	209
78860000	210
78865000	211
78870000	212
78875000	213
78880000	214
78885000	215
78890000	216
78895000	217
78900000	218
