45760000	0
45765000	1
45770000	2
45775000	3
45780000	4
45785000	5
45790000	6
45795000	7
45800000	8
45805000	9
45810000	10
45815000	11
45820000	12
45825000	13
45830000	14
45835000	15
45840000	16
45845000	17
45850000	18
45855000	19
45860000	20
45865000	21
45870000	22
45875000	23
45880000	24
45885000	25
45890000	26
45895000	27
45900000	28
45905000	29
45910000	30
45915000	31
45920000	32
45925000	33
45930000	34
45935000	35
45940000	36
45945000	37
45950000	38
45955000	39
45960000	40
45965000	41
45970000	42
45975000	43
45980000	44
45985000	45
45990000	46
45995000	47
46000000	48
46005000	49
46010000	50
46015000	51
46020000	52
46025000	53
46030000	54
46035000	55
46040000	56
46045000	57
46050000	58
46055000	59
46060000	60
46065000	61
46070000	62
46075000	63
46080000	64
46085000	65
46090000	66
46095000	67
46100000	68
46105000	69
46110000	70
46115000	71
46120000	72
46125000	73
46130000	74
46135000	75
46140000	76
46145000	77
46150000	78
46155000	79
46160000	80
46165000	81
46170000	82
46195000	83
46200000	84
46205000	85
46210000	86
46215000	87
46220000	88
46225000	89
46230000	90
46235000	91
46240000	92
46245000	93
46255000	94
46260000	95
46265000	96
46275000	97
46280000	98
46525000	99
46530000	100
46580000	101
46910000	102
46930000	103
46940000	104
46945000	105
46950000	106
46955000	107
46960000	108
46965000	109
46970000	110
46975000	111
46980000	112
46985000	113
46990000	114
46995000	115
47000000	116
47005000	117
47010000	118
47015000	119
47020000	120
47025000	121
47030000	122
47035000	123
47040000	124
47045000	125
47050000	126
47055000	127
47060000	128
47065000	129
47070000	130
47075000	131
47080000	132
47085000	133
47090000	134
47095000	135
47100000	136
47105000	137
47110000	138
47115000	139
47120000	140
47125000	141
47130000	142
47135000	143
47140000	144
47145000	145
47150000	146
47155000	147
47160000	148
47255000	149
47260000	150
47335000	151
47340000	152
47345000	153
47350000	154
47355000	155
47360000	156
47370000	157
47375000	158
47380000	159
47385000	160
47390000	161
47395000	162
47410000	163
47420000	164
47535000	165
47540000	166
47545000	167
47550000	168
47555000	169
47560000	170
47565000	171
47570000	172
47575000	173
47585000	174
47590000	175
47595000	176
47600000	177
47605000	178
47610000	179
47615000	180
47620000	181
47625000	182
47630000	183
47635000	184
47640000	185
47645000	186
47650000	187
47655000	188
47660000	189
47665000	190
47670000	191
47675000	192
47680000	193
47685000	194
47690000	195
47695000	196
47700000	197
47725000	198
47750000	199
47950000	200
47960000	201
47965000	202
47985000	203
47990000	204
47995000	205
48005000	206
48185000	207
