123500000	0
123505000	1
123510000	2
123515000	3
123520000	4
123525000	5
123530000	6
123535000	7
123540000	8
123545000	9
123550000	10
123555000	11
123560000	12
123565000	13
123570000	14
123575000	15
123580000	16
123585000	17
123590000	18
123595000	19
123600000	20
123605000	21
123610000	22
123615000	23
123620000	24
123625000	25
123630000	26
123635000	27
123640000	28
123645000	29
123650000	30
123655000	31
123660000	32
123665000	33
123670000	34
123675000	35
123680000	36
123685000	37
123690000	38
123695000	39
123700000	40
123705000	41
123710000	42
123715000	43
123720000	44
123725000	45
123730000	46
123735000	47
123740000	48
123745000	49
123750000	50
123755000	51
123760000	52
123765000	53
123770000	54
123775000	55
123780000	56
123785000	57
123790000	58
123795000	59
123800000	60
123805000	61
123810000	62
123815000	63
123820000	64
123825000	65
123830000	66
123835000	67
123840000	68
123845000	69
123850000	70
123855000	71
123860000	72
123865000	73
123870000	74
123875000	75
123880000	76
123885000	77
123890000	78
123895000	79
123900000	80
123905000	81
123910000	82
123915000	83
123920000	84
123925000	85
123930000	86
123935000	87
123940000	88
123945000	89
123950000	90
123955000	91
123960000	92
123965000	93
123970000	94
123975000	95
123980000	96
123985000	97
123990000	98
123995000	99
124000000	100
124005000	101
