3820000	0
3825000	1
3830000	2
3835000	3
3840000	4
3845000	5
3850000	6
3855000	7
3860000	8
3865000	9
3870000	10
3875000	11
3880000	12
3885000	13
3890000	14
3895000	15
3900000	16
3905000	17
3910000	18
3915000	19
3920000	20
3925000	21
3930000	22
3935000	23
3940000	24
3945000	25
3950000	26
3955000	27
3960000	28
3965000	29
3970000	30
3975000	31
3980000	32
3985000	33
3990000	34
3995000	35
4000000	36
4005000	37
4010000	38
4015000	39
4020000	40
4025000	41
4030000	42
4035000	43
4040000	44
4045000	45
4050000	46
4055000	47
4060000	48
4065000	49
4070000	50
4075000	51
4080000	52
4085000	53
4090000	54
4095000	55
4100000	56
4105000	57
4110000	58
4115000	59
4120000	60
4125000	61
4130000	62
4135000	63
4140000	64
4145000	65
4150000	66
4155000	67
4160000	68
4165000	69
4170000	70
4175000	71
4180000	72
4185000	73
4190000	74
4195000	75
4200000	76
4205000	77
4210000	78
4215000	79
4220000	80
4225000	81
4230000	82
4235000	83
4240000	84
4245000	85
4250000	86
4255000	87
4260000	88
4265000	89
4270000	90
4275000	91
4280000	92
4285000	93
4290000	94
4295000	95
4300000	96
4305000	97
4310000	98
4315000	99
4320000	100
4325000	101
4330000	102
4335000	103
4340000	104
4345000	105
4350000	106
4355000	107
4360000	108
4365000	109
4370000	110
4375000	111
4380000	112
4385000	113
4390000	114
4395000	115
4400000	116
4405000	117
4410000	118
4415000	119
4420000	120
4425000	121
4430000	122
4435000	123
4440000	124
4445000	125
4450000	126
4455000	127
4460000	128
4465000	129
4470000	130
4475000	131
4480000	132
4485000	133
4490000	134
4495000	135
4500000	136
4505000	137
4510000	138
4515000	139
4520000	140
4525000	141
4530000	142
4535000	143
4540000	144
4545000	145
4550000	146
4555000	147
4560000	148
4565000	149
4570000	150
4575000	151
4580000	152
4585000	153
4590000	154
4595000	155
4600000	156
4605000	157
4610000	158
4615000	159
4620000	160
4625000	161
4630000	162
4635000	163
4640000	164
4645000	165
4650000	166
4655000	167
4660000	168
4665000	169
4670000	170
4675000	171
4680000	172
4685000	173
4690000	174
4695000	175
4700000	176
4705000	177
4710000	178
4715000	179
4720000	180
4725000	181
4730000	182
4735000	183
4740000	184
4745000	185
4750000	186
4755000	187
4760000	188
4765000	189
4770000	190
4775000	191
4780000	192
4785000	193
4790000	194
4795000	195
4800000	196
4805000	197
4810000	198
4815000	199
4820000	200
4825000	201
4830000	202
4835000	203
4840000	204
4845000	205
4850000	206
