135075000	0
135080000	1
135085000	2
135090000	3
135095000	4
135100000	5
135105000	6
135110000	7
135115000	8
135120000	9
135125000	10
135130000	11
135135000	12
135140000	13
135145000	14
135150000	15
135155000	16
135160000	17
135165000	18
135170000	19
135175000	20
135180000	21
135185000	22
135190000	23
135195000	24
135200000	25
135205000	26
135210000	27
135215000	28
135220000	29
135225000	30
135230000	31
135235000	32
135240000	33
135245000	34
135250000	35
135255000	36
135260000	37
135265000	38
135270000	39
135275000	40
135280000	41
135285000	42
135295000	43
135300000	44
135305000	45
135310000	46
135315000	47
135320000	48
135325000	49
135330000	50
135335000	51
135340000	52
135345000	53
135350000	54
135355000	55
135360000	56
135365000	57
135370000	58
135375000	59
135380000	60
135385000	61
135390000	62
135395000	63
135400000	64
135405000	65
135410000	66
135415000	67
135420000	68
135425000	69
135430000	70
135435000	71
135445000	72
135450000	73
135455000	74
135465000	75
135470000	76
135475000	77
135495000	78
135510000	79
