177605000	0
177610000	1
177615000	2
177620000	3
177625000	4
177630000	5
177635000	6
177640000	7
177645000	8
177650000	9
177655000	10
177660000	11
177665000	12
177670000	13
177675000	14
177680000	15
177685000	16
177690000	17
177695000	18
177700000	19
177705000	20
177710000	21
177715000	22
177720000	23
177725000	24
177730000	25
177735000	26
177740000	27
177745000	28
177750000	29
177755000	30
177760000	31
177765000	32
177770000	33
177775000	34
177780000	35
177785000	36
177790000	37
177795000	38
177800000	39
177805000	40
177810000	41
177815000	42
177820000	43
177825000	44
177830000	45
177835000	46
177840000	47
177845000	48
177850000	49
177855000	50
177860000	51
177865000	52
177870000	53
177875000	54
177880000	55
177885000	56
177890000	57
177895000	58
177900000	59
177905000	60
177910000	61
177915000	62
177920000	63
177925000	64
177930000	65
177935000	66
177940000	67
177945000	68
177950000	69
177955000	70
177960000	71
177965000	72
177970000	73
177975000	74
177980000	75
177985000	76
177990000	77
177995000	78
178000000	79
178005000	80
178010000	81
178015000	82
178020000	83
178025000	84
178030000	85
178035000	86
178040000	87
178045000	88
178050000	89
178055000	90
178060000	91
178065000	92
178070000	93
178075000	94
178080000	95
178085000	96
178090000	97
178095000	98
178100000	99
178105000	100
178110000	101
178115000	102
178120000	103
178125000	104
178130000	105
178135000	106
178140000	107
178145000	108
178150000	109
178155000	110
178160000	111
178165000	112
178170000	113
178175000	114
178180000	115
178185000	116
178190000	117
178195000	118
178200000	119
178205000	120
178210000	121
178215000	122
178220000	123
178225000	124
178230000	125
178235000	126
178240000	127
178245000	128
178250000	129
178255000	130
178260000	131
178265000	132
178270000	133
178275000	134
178280000	135
178285000	136
178290000	137
178295000	138
178300000	139
178305000	140
178310000	141
178315000	142
178320000	143
178325000	144
178330000	145
178335000	146
178340000	147
178345000	148
178350000	149
178355000	150
178360000	151
178365000	152
178370000	153
178375000	154
178380000	155
178385000	156
178390000	157
178395000	158
178400000	159
178405000	160
178410000	161
178415000	162
178420000	163
178425000	164
178430000	165
178435000	166
178440000	167
178445000	168
178450000	169
178455000	170
178460000	171
178465000	172
178470000	173
178475000	174
178480000	175
178485000	176
178490000	177
178495000	178
178500000	179
178505000	180
178510000	181
178515000	182
178520000	183
178525000	184
178530000	185
178535000	186
178540000	187
178545000	188
178550000	189
178555000	190
178560000	191
178565000	192
178570000	193
178575000	194
178580000	195
178585000	196
178590000	197
178595000	198
178600000	199
178605000	200
178610000	201
178615000	202
178620000	203
178625000	204
178630000	205
178635000	206
178640000	207
178645000	208
178650000	209
178655000	210
178660000	211
178665000	212
178670000	213
178675000	214
178680000	215
178685000	216
178690000	217
178695000	218
178700000	219
178705000	220
178710000	221
178715000	222
178720000	223
178725000	224
178730000	225
178735000	226
178740000	227
178745000	228
178750000	229
178755000	230
178760000	231
178765000	232
178770000	233
178775000	234
178780000	235
178785000	236
178790000	237
178795000	238
178800000	239
178805000	240
178810000	241
178815000	242
178820000	243
178825000	244
178830000	245
178835000	246
178840000	247
178845000	248
178850000	249
178855000	250
178860000	251
178865000	252
178870000	253
178875000	254
178880000	255
178885000	256
178890000	257
178895000	258
178900000	259
178905000	260
178910000	261
178915000	262
178920000	263
