30345000	0
30350000	1
30355000	2
30360000	3
30365000	4
30370000	5
30375000	6
30380000	7
30385000	8
30390000	9
30395000	10
30400000	11
30405000	12
30410000	13
30415000	14
30420000	15
30425000	16
30430000	17
30435000	18
30440000	19
30445000	20
30450000	21
30455000	22
30460000	23
30465000	24
30470000	25
30475000	26
30480000	27
30485000	28
30490000	29
30495000	30
30500000	31
30505000	32
30510000	33
30515000	34
30520000	35
30525000	36
30530000	37
30535000	38
30540000	39
30545000	40
30550000	41
30555000	42
30560000	43
30565000	44
30570000	45
30575000	46
30580000	47
30585000	48
30590000	49
30595000	50
30600000	51
30605000	52
30610000	53
30615000	54
30620000	55
30625000	56
30630000	57
30635000	58
30640000	59
30645000	60
30650000	61
30655000	62
30660000	63
30665000	64
30670000	65
30675000	66
30680000	67
30685000	68
30690000	69
30695000	70
30700000	71
30705000	72
30710000	73
30715000	74
30720000	75
30725000	76
30730000	77
30735000	78
30740000	79
30745000	80
30750000	81
30755000	82
30760000	83
30765000	84
30770000	85
30775000	86
30780000	87
30785000	88
30790000	89
30795000	90
30800000	91
30805000	92
30810000	93
30815000	94
30820000	95
30825000	96
30830000	97
30835000	98
30840000	99
30845000	100
