100970000	0
100975000	1
100980000	2
100985000	3
100990000	4
100995000	5
101000000	6
101005000	7
101010000	8
101015000	9
101020000	10
101025000	11
101030000	12
101035000	13
101040000	14
101045000	15
101050000	16
101055000	17
101060000	18
101065000	19
101070000	20
101075000	21
101080000	22
101085000	23
101090000	24
101095000	25
101100000	26
101105000	27
101110000	28
101115000	29
101120000	30
101125000	31
101130000	32
101135000	33
101140000	34
101145000	35
101150000	36
101155000	37
101160000	38
101165000	39
101170000	40
101175000	41
101180000	42
101185000	43
101190000	44
101195000	45
101200000	46
101205000	47
101210000	48
101215000	49
101220000	50
101225000	51
101230000	52
101235000	53
101240000	54
101245000	55
101250000	56
101255000	57
101260000	58
101265000	59
101270000	60
101275000	61
101280000	62
101285000	63
