38476000	0
38477000	1
38478000	2
38479000	3
38480000	4
38481000	5
38482000	6
38483000	7
38484000	8
38485000	9
38486000	10
38487000	11
38488000	12
38489000	13
38490000	14
38491000	15
38492000	16
38493000	17
38494000	18
38495000	19
38496000	20
38497000	21
38498000	22
38499000	23
38500000	24
38501000	25
38502000	26
38503000	27
38504000	28
38505000	29
38506000	30
38507000	31
38508000	32
38509000	33
38510000	34
38511000	35
38512000	36
38513000	37
38514000	38
38515000	39
38516000	40
38517000	41
38518000	42
38519000	43
38520000	44
38521000	45
38522000	46
38523000	47
38524000	48
38525000	49
38526000	50
38527000	51
38528000	52
38529000	53
38530000	54
38531000	55
38532000	56
38533000	57
38534000	58
38535000	59
38536000	60
38537000	61
38538000	62
38539000	63
38540000	64
38541000	65
38542000	66
38543000	67
38544000	68
38545000	69
38546000	70
38547000	71
38548000	72
38549000	73
38550000	74
38551000	75
38552000	76
38553000	77
38554000	78
38555000	79
38556000	80
38557000	81
38558000	82
38559000	83
38560000	84
38561000	85
38562000	86
38563000	87
38564000	88
38565000	89
38566000	90
38567000	91
38568000	92
38569000	93
38570000	94
38571000	95
38572000	96
38573000	97
38574000	98
38575000	99
38576000	100
38577000	101
38578000	102
38579000	103
38580000	104
38581000	105
38582000	106
38583000	107
38584000	108
38585000	109
38586000	110
38587000	111
38588000	112
38589000	113
38590000	114
38591000	115
38592000	116
38593000	117
38594000	118
38595000	119
38596000	120
38597000	121
38598000	122
38599000	123
38600000	124
38601000	125
38602000	126
38603000	127
38604000	128
38605000	129
38606000	130
38607000	131
38608000	132
38609000	133
38610000	134
38611000	135
38612000	136
38613000	137
38614000	138
38615000	139
38616000	140
38617000	141
38618000	142
38619000	143
38620000	144
38621000	145
38622000	146
38623000	147
38624000	148
38625000	149
38626000	150
38627000	151
38628000	152
38629000	153
38630000	154
38631000	155
38632000	156
38633000	157
38634000	158
38635000	159
38636000	160
38637000	161
38638000	162
38639000	163
38640000	164
38641000	165
38642000	166
38643000	167
38644000	168
38645000	169
38646000	170
38647000	171
38648000	172
38649000	173
38650000	174
38651000	175
38652000	176
38653000	177
38654000	178
38655000	179
38656000	180
38657000	181
38658000	182
38659000	183
38660000	184
38661000	185
38662000	186
38663000	187
38664000	188
38665000	189
38666000	190
38667000	191
38668000	192
38669000	193
38670000	194
38671000	195
38672000	196
38673000	197
38674000	198
38675000	199
38676000	200
38677000	201
38678000	202
38679000	203
38680000	204
38681000	205
38682000	206
38683000	207
38684000	208
38685000	209
38686000	210
38687000	211
38688000	212
38689000	213
38690000	214
38691000	215
38692000	216
38693000	217
38694000	218
38695000	219
38696000	220
38697000	221
38698000	222
38699000	223
38700000	224
38701000	225
38702000	226
38703000	227
38704000	228
38705000	229
38706000	230
38707000	231
38708000	232
38709000	233
38710000	234
38711000	235
38712000	236
38713000	237
38714000	238
38715000	239
38716000	240
38717000	241
38718000	242
38719000	243
38720000	244
38721000	245
38722000	246
38723000	247
38724000	248
38725000	249
38726000	250
38727000	251
38728000	252
38729000	253
38730000	254
38731000	255
38732000	256
38733000	257
38734000	258
38735000	259
38736000	260
38737000	261
38738000	262
38739000	263
38740000	264
38741000	265
38742000	266
38743000	267
38744000	268
38745000	269
38746000	270
38747000	271
38748000	272
38749000	273
38750000	274
38751000	275
38752000	276
38753000	277
38754000	278
38755000	279
38756000	280
38757000	281
38758000	282
38759000	283
38760000	284
38761000	285
38762000	286
38763000	287
38764000	288
38765000	289
38766000	290
38767000	291
38768000	292
38769000	293
38770000	294
38771000	295
38772000	296
38773000	297
38774000	298
38775000	299
38776000	300
38777000	301
38778000	302
38779000	303
38780000	304
38781000	305
38782000	306
38783000	307
38784000	308
38785000	309
38786000	310
38787000	311
38788000	312
38789000	313
38790000	314
38791000	315
38792000	316
38793000	317
38794000	318
38795000	319
38796000	320
38797000	321
38798000	322
38799000	323
38800000	324
38801000	325
38802000	326
38803000	327
38804000	328
38805000	329
38806000	330
38807000	331
38808000	332
38809000	333
38810000	334
38811000	335
38812000	336
38813000	337
38814000	338
38815000	339
38816000	340
38817000	341
38818000	342
38819000	343
38820000	344
38821000	345
38822000	346
38823000	347
38824000	348
38825000	349
38826000	350
38827000	351
38828000	352
38829000	353
38830000	354
38831000	355
38832000	356
38833000	357
38834000	358
38835000	359
38836000	360
38837000	361
38838000	362
38839000	363
38840000	364
38841000	365
38842000	366
38843000	367
38844000	368
38845000	369
38846000	370
38847000	371
38848000	372
38849000	373
38850000	374
38851000	375
38852000	376
38853000	377
38854000	378
38855000	379
38856000	380
38857000	381
38858000	382
38859000	383
38860000	384
38861000	385
38862000	386
38863000	387
38864000	388
38865000	389
38866000	390
38867000	391
38868000	392
38869000	393
38870000	394
38871000	395
38872000	396
38873000	397
38874000	398
38875000	399
38876000	400
38877000	401
38878000	402
38879000	403
38880000	404
38881000	405
38882000	406
38883000	407
38884000	408
38885000	409
38886000	410
38887000	411
38888000	412
38889000	413
38890000	414
38891000	415
38892000	416
38893000	417
38894000	418
38895000	419
38896000	420
38897000	421
38898000	422
38899000	423
38900000	424
38901000	425
38902000	426
38903000	427
38904000	428
38905000	429
38906000	430
38907000	431
38908000	432
38909000	433
38910000	434
38911000	435
38912000	436
38913000	437
38914000	438
38915000	439
38916000	440
38917000	441
38918000	442
38919000	443
38920000	444
38921000	445
38922000	446
38923000	447
38924000	448
38925000	449
38926000	450
38927000	451
38928000	452
38929000	453
38930000	454
38931000	455
38932000	456
38933000	457
38934000	458
38935000	459
38936000	460
38937000	461
38938000	462
38939000	463
38940000	464
38941000	465
38942000	466
38943000	467
38944000	468
38945000	469
38946000	470
38947000	471
38948000	472
38949000	473
38950000	474
38951000	475
38952000	476
38953000	477
38954000	478
38955000	479
38956000	480
38957000	481
38958000	482
38959000	483
38960000	484
38961000	485
38962000	486
38963000	487
38964000	488
38965000	489
38966000	490
38967000	491
38968000	492
38969000	493
38970000	494
38971000	495
38972000	496
38973000	497
38974000	498
38975000	499
38976000	500
38977000	501
38978000	502
38979000	503
38980000	504
38981000	505
38982000	506
38983000	507
38984000	508
38985000	509
38986000	510
38987000	511
38988000	512
38989000	513
38990000	514
38991000	515
38992000	516
38993000	517
38994000	518
38995000	519
38996000	520
38997000	521
38998000	522
38999000	523
39000000	524
39001000	525
39002000	526
39003000	527
39004000	528
39005000	529
39006000	530
39007000	531
39008000	532
39009000	533
39010000	534
39011000	535
39012000	536
39013000	537
39014000	538
39015000	539
39016000	540
39017000	541
39018000	542
39019000	543
39020000	544
39021000	545
39022000	546
39023000	547
39024000	548
39025000	549
39026000	550
39027000	551
39028000	552
39029000	553
39030000	554
39031000	555
39032000	556
39033000	557
39034000	558
39035000	559
39036000	560
39037000	561
39038000	562
39039000	563
39040000	564
39041000	565
39042000	566
39043000	567
39044000	568
39045000	569
39046000	570
39047000	571
39048000	572
39049000	573
39050000	574
39051000	575
39052000	576
39053000	577
39054000	578
39055000	579
39056000	580
39057000	581
39058000	582
39059000	583
39060000	584
39061000	585
39062000	586
39063000	587
39064000	588
39065000	589
39066000	590
39067000	591
39068000	592
39069000	593
39070000	594
39071000	595
39072000	596
39073000	597
39074000	598
39075000	599
39076000	600
39077000	601
39078000	602
39079000	603
39080000	604
39081000	605
39082000	606
39083000	607
39084000	608
39085000	609
39086000	610
39087000	611
39088000	612
39089000	613
39090000	614
39091000	615
39092000	616
39093000	617
39094000	618
39095000	619
39096000	620
39097000	621
39098000	622
39099000	623
39100000	624
39101000	625
39102000	626
39103000	627
39104000	628
39105000	629
39106000	630
39107000	631
39108000	632
39109000	633
39110000	634
39111000	635
39112000	636
39113000	637
39114000	638
39115000	639
39116000	640
39117000	641
39118000	642
39119000	643
39120000	644
39121000	645
39122000	646
39123000	647
39124000	648
39125000	649
39126000	650
39127000	651
39128000	652
39129000	653
39130000	654
39131000	655
39132000	656
39133000	657
39134000	658
39135000	659
39136000	660
39137000	661
39138000	662
39139000	663
39140000	664
39141000	665
39142000	666
39143000	667
39144000	668
39145000	669
39146000	670
39147000	671
39148000	672
39149000	673
39150000	674
39151000	675
39152000	676
39153000	677
39154000	678
39155000	679
39156000	680
39157000	681
39158000	682
39159000	683
39160000	684
39161000	685
39162000	686
39163000	687
39164000	688
39165000	689
39166000	690
39167000	691
39168000	692
39169000	693
39170000	694
39171000	695
39172000	696
39173000	697
39174000	698
39175000	699
39176000	700
39177000	701
39178000	702
39179000	703
39180000	704
39181000	705
39182000	706
39183000	707
39184000	708
39185000	709
39186000	710
39187000	711
39188000	712
39189000	713
39190000	714
39191000	715
39192000	716
39193000	717
39194000	718
39195000	719
39196000	720
39197000	721
39198000	722
39199000	723
39200000	724
39201000	725
39202000	726
39203000	727
39204000	728
39205000	729
39206000	730
39207000	731
39208000	732
39209000	733
39210000	734
39211000	735
39212000	736
39213000	737
39214000	738
39215000	739
39216000	740
39217000	741
39218000	742
39219000	743
39220000	744
39221000	745
39222000	746
39223000	747
39224000	748
39225000	749
39226000	750
39227000	751
39228000	752
39229000	753
39230000	754
39231000	755
39232000	756
39233000	757
39234000	758
39235000	759
39236000	760
39237000	761
39238000	762
39239000	763
39240000	764
39241000	765
39242000	766
39243000	767
39244000	768
39245000	769
39246000	770
39247000	771
39248000	772
39249000	773
39250000	774
39251000	775
39252000	776
39253000	777
39254000	778
39255000	779
39256000	780
39257000	781
39258000	782
39259000	783
39260000	784
39261000	785
39262000	786
39263000	787
39264000	788
39265000	789
39266000	790
39267000	791
39268000	792
39269000	793
39270000	794
39271000	795
39272000	796
39273000	797
39274000	798
39275000	799
39276000	800
39277000	801
39278000	802
39279000	803
39280000	804
39281000	805
39282000	806
39283000	807
39284000	808
39285000	809
39286000	810
39287000	811
39288000	812
39289000	813
39290000	814
39291000	815
39292000	816
39293000	817
39294000	818
39295000	819
39296000	820
39297000	821
39298000	822
39299000	823
39300000	824
39301000	825
39302000	826
39303000	827
39304000	828
39305000	829
39306000	830
39307000	831
39308000	832
39309000	833
39310000	834
