63520000	0
63525000	1
63530000	2
63535000	3
63540000	4
63545000	5
63550000	6
63555000	7
63560000	8
63565000	9
63570000	10
63575000	11
63580000	12
63585000	13
63590000	14
63595000	15
63600000	16
63605000	17
63610000	18
63615000	19
63620000	20
63625000	21
63630000	22
63635000	23
63640000	24
63645000	25
63650000	26
63655000	27
63660000	28
63665000	29
63670000	30
63675000	31
63680000	32
63685000	33
63690000	34
63695000	35
63700000	36
63705000	37
63710000	38
63715000	39
63720000	40
63725000	41
63730000	42
63735000	43
63740000	44
63745000	45
63750000	46
63755000	47
63760000	48
63765000	49
63770000	50
63775000	51
63780000	52
63785000	53
63790000	54
63795000	55
63800000	56
63805000	57
63810000	58
63815000	59
63820000	60
63825000	61
63830000	62
63835000	63
63840000	64
63845000	65
63850000	66
63855000	67
63860000	68
63865000	69
63870000	70
63875000	71
63880000	72
63885000	73
63890000	74
63895000	75
63900000	76
63905000	77
63910000	78
