121295000	0
121300000	1
121305000	2
121310000	3
121315000	4
121320000	5
121325000	6
121330000	7
121335000	8
121340000	9
121345000	10
121350000	11
121355000	12
121360000	13
121365000	14
121370000	15
121375000	16
121380000	17
121385000	18
121390000	19
121395000	20
121400000	21
121405000	22
121410000	23
121415000	24
121420000	25
121425000	26
121430000	27
121435000	28
121440000	29
121445000	30
121450000	31
121455000	32
121460000	33
121465000	34
121470000	35
121475000	36
121480000	37
121485000	38
121490000	39
121495000	40
121500000	41
121505000	42
121510000	43
121515000	44
121520000	45
121525000	46
121530000	47
121535000	48
121540000	49
121545000	50
121550000	51
121555000	52
121560000	53
121565000	54
121570000	55
121575000	56
121580000	57
121585000	58
121590000	59
121595000	60
121600000	61
121605000	62
121610000	63
121615000	64
121620000	65
121625000	66
121630000	67
121635000	68
121640000	69
121645000	70
121650000	71
121655000	72
121660000	73
121665000	74
121670000	75
121675000	76
121680000	77
121685000	78
121690000	79
121695000	80
121700000	81
121705000	82
121710000	83
121715000	84
121720000	85
121725000	86
121730000	87
121735000	88
121740000	89
121745000	90
121750000	91
121755000	92
121760000	93
121765000	94
121770000	95
121775000	96
