620000	0
625000	1
630000	2
635000	3
640000	4
645000	5
650000	6
655000	7
660000	8
665000	9
670000	10
675000	11
680000	12
685000	13
690000	14
695000	15
700000	16
705000	17
710000	18
715000	19
720000	20
725000	21
730000	22
735000	23
740000	24
745000	25
750000	26
755000	27
760000	28
765000	29
770000	30
775000	31
780000	32
785000	33
790000	34
795000	35
800000	36
805000	37
810000	38
815000	39
820000	40
825000	41
830000	42
835000	43
840000	44
845000	45
850000	46
855000	47
860000	48
865000	49
870000	50
875000	51
880000	52
885000	53
890000	54
895000	55
900000	56
905000	57
910000	58
915000	59
920000	60
925000	61
930000	62
935000	63
940000	64
945000	65
950000	66
955000	67
960000	68
965000	69
970000	70
975000	71
980000	72
985000	73
990000	74
995000	75
1000000	76
1005000	77
1010000	78
1015000	79
1020000	80
1025000	81
1030000	82
1035000	83
1040000	84
1045000	85
1050000	86
1055000	87
1060000	88
1065000	89
1070000	90
1075000	91
1080000	92
1085000	93
1090000	94
1095000	95
1100000	96
1105000	97
1110000	98
1115000	99
1120000	100
1125000	101
1130000	102
1135000	103
1140000	104
1145000	105
1150000	106
1155000	107
1160000	108
1165000	109
1170000	110
1175000	111
1180000	112
1185000	113
1190000	114
1195000	115
1200000	116
1205000	117
1210000	118
1215000	119
1220000	120
1225000	121
1230000	122
1235000	123
1240000	124
1245000	125
1250000	126
1255000	127
1260000	128
1265000	129
1270000	130
1275000	131
1280000	132
1285000	133
1290000	134
1295000	135
1300000	136
1305000	137
1310000	138
1315000	139
1320000	140
1325000	141
1330000	142
1335000	143
1340000	144
1345000	145
1350000	146
1355000	147
1360000	148
1365000	149
1370000	150
1375000	151
1380000	152
1385000	153
1390000	154
1395000	155
1400000	156
1405000	157
1410000	158
1415000	159
1420000	160
1425000	161
1430000	162
1435000	163
1440000	164
1445000	165
1450000	166
1455000	167
1460000	168
1465000	169
1470000	170
1475000	171
1480000	172
1485000	173
1490000	174
1495000	175
1500000	176
1505000	177
1510000	178
1515000	179
1520000	180
1525000	181
1530000	182
1535000	183
1540000	184
1545000	185
1550000	186
1555000	187
1560000	188
1565000	189
1570000	190
1575000	191
1580000	192
1585000	193
1590000	194
1595000	195
1600000	196
1605000	197
1610000	198
1615000	199
1620000	200
1625000	201
1630000	202
1635000	203
1640000	204
1645000	205
1650000	206
1655000	207
1660000	208
1665000	209
1670000	210
1675000	211
1680000	212
1685000	213
1690000	214
1695000	215
1700000	216
1705000	217
1710000	218
1715000	219
1720000	220
1725000	221
1730000	222
1735000	223
1740000	224
1745000	225
1750000	226
1755000	227
1760000	228
1765000	229
1770000	230
1775000	231
1780000	232
1785000	233
1790000	234
1795000	235
1800000	236
1805000	237
1810000	238
1815000	239
1820000	240
1825000	241
1830000	242
1835000	243
1840000	244
1845000	245
1850000	246
1855000	247
1860000	248
1865000	249
1870000	250
1875000	251
1880000	252
1885000	253
1890000	254
1895000	255
1900000	256
1905000	257
1910000	258
1915000	259
1920000	260
1925000	261
1930000	262
1935000	263
1940000	264
1945000	265
1950000	266
1955000	267
1960000	268
1965000	269
1970000	270
1975000	271
1980000	272
1985000	273
1990000	274
1995000	275
2000000	276
2005000	277
2010000	278
2015000	279
2020000	280
2025000	281
2030000	282
2035000	283
2040000	284
2045000	285
2050000	286
2055000	287
2060000	288
2065000	289
2070000	290
2075000	291
2080000	292
2085000	293
2090000	294
2095000	295
2100000	296
2105000	297
2110000	298
2115000	299
2120000	300
2125000	301
2130000	302
2135000	303
2140000	304
2145000	305
2150000	306
2155000	307
2160000	308
2165000	309
2170000	310
2175000	311
2180000	312
2185000	313
2190000	314
2195000	315
2200000	316
2205000	317
2210000	318
2215000	319
2220000	320
2225000	321
2230000	322
2235000	323
2240000	324
2245000	325
2250000	326
2255000	327
2260000	328
2265000	329
2270000	330
2275000	331
2280000	332
2285000	333
2290000	334
2295000	335
2300000	336
