110670000	0
110675000	1
110680000	2
110685000	3
110690000	4
110695000	5
110700000	6
110705000	7
110710000	8
110715000	9
110720000	10
110725000	11
110730000	12
110735000	13
110740000	14
110745000	15
110750000	16
110755000	17
110760000	18
110765000	19
110770000	20
110775000	21
110780000	22
110785000	23
110790000	24
110795000	25
110800000	26
110805000	27
110810000	28
110815000	29
110820000	30
110825000	31
110830000	32
110835000	33
110840000	34
110845000	35
110850000	36
110855000	37
110860000	38
110865000	39
110870000	40
110875000	41
110880000	42
110885000	43
110890000	44
110895000	45
110900000	46
110905000	47
110910000	48
110915000	49
110920000	50
110925000	51
110930000	52
110935000	53
110940000	54
110945000	55
110950000	56
110955000	57
110960000	58
110965000	59
110970000	60
110975000	61
110980000	62
110985000	63
110990000	64
110995000	65
111000000	66
111005000	67
111010000	68
111015000	69
111020000	70
111025000	71
111030000	72
111035000	73
111040000	74
111045000	75
111050000	76
