123850000	0
123855000	1
123860000	2
123865000	3
123870000	4
123875000	5
123880000	6
123885000	7
123890000	8
123895000	9
123900000	10
123905000	11
123910000	12
123915000	13
123920000	14
123925000	15
123930000	16
123935000	17
123940000	18
123945000	19
123950000	20
123955000	21
123960000	22
123965000	23
123970000	24
123975000	25
123980000	26
123985000	27
123990000	28
123995000	29
124000000	30
124005000	31
124010000	32
124015000	33
124020000	34
124025000	35
124030000	36
124035000	37
124040000	38
124045000	39
124050000	40
124055000	41
124060000	42
