70640000	0
70645000	1
70650000	2
70655000	3
70660000	4
70665000	5
70670000	6
70675000	7
70680000	8
70685000	9
70690000	10
70695000	11
70700000	12
70705000	13
70710000	14
70715000	15
70720000	16
70725000	17
70730000	18
70735000	19
70740000	20
70745000	21
70750000	22
70755000	23
70760000	24
70765000	25
70770000	26
70775000	27
70780000	28
70785000	29
70790000	30
70795000	31
70800000	32
70805000	33
70810000	34
70815000	35
70820000	36
70825000	37
70830000	38
70835000	39
70840000	40
70845000	41
70850000	42
70855000	43
70860000	44
70865000	45
70870000	46
70875000	47
70880000	48
70885000	49
70890000	50
70895000	51
70900000	52
70905000	53
70910000	54
70915000	55
70920000	56
70925000	57
70930000	58
70935000	59
70940000	60
70945000	61
70950000	62
70955000	63
70960000	64
70965000	65
70970000	66
70975000	67
70980000	68
70985000	69
70990000	70
70995000	71
71000000	72
71005000	73
71010000	74
71015000	75
71020000	76
71025000	77
71030000	78
71035000	79
71040000	80
71045000	81
71050000	82
71055000	83
71060000	84
71065000	85
71070000	86
71075000	87
71080000	88
71085000	89
71090000	90
71095000	91
71100000	92
71105000	93
71110000	94
71115000	95
71120000	96
71125000	97
71130000	98
71135000	99
71140000	100
71145000	101
