40350000	0
40355000	1
40360000	2
40365000	3
40370000	4
40375000	5
40380000	6
40385000	7
40390000	8
40395000	9
40400000	10
40405000	11
40410000	12
40415000	13
40420000	14
40425000	15
40430000	16
40435000	17
40440000	18
40445000	19
40450000	20
40455000	21
40460000	22
40465000	23
40470000	24
40475000	25
40480000	26
40485000	27
40490000	28
40495000	29
40500000	30
40505000	31
40510000	32
40515000	33
40520000	34
40525000	35
40530000	36
40535000	37
40540000	38
40545000	39
40550000	40
40555000	41
40560000	42
40565000	43
40570000	44
40575000	45
40580000	46
40585000	47
40590000	48
40595000	49
40600000	50
40605000	51
40610000	52
40615000	53
40620000	54
40625000	55
40630000	56
40635000	57
40640000	58
40645000	59
40650000	60
40655000	61
40660000	62
40665000	63
40670000	64
40675000	65
40680000	66
40685000	67
40690000	68
40695000	69
40700000	70
40705000	71
40710000	72
40715000	73
40720000	74
40725000	75
40730000	76
40735000	77
40740000	78
40745000	79
40750000	80
40755000	81
40760000	82
40765000	83
40770000	84
40775000	85
40780000	86
40785000	87
40790000	88
40795000	89
40800000	90
40805000	91
40810000	92
40815000	93
40820000	94
40825000	95
40830000	96
40835000	97
40840000	98
40845000	99
40850000	100
40855000	101
40860000	102
40865000	103
40870000	104
40875000	105
40880000	106
40885000	107
