1030000	0
1035000	1
1040000	2
1045000	3
1050000	4
1055000	5
1060000	6
1065000	7
1070000	8
1075000	9
1080000	10
1085000	11
1090000	12
1095000	13
1100000	14
1105000	15
1110000	16
1115000	17
1120000	18
1125000	19
1130000	20
1135000	21
1140000	22
1145000	23
1150000	24
1155000	25
1160000	26
1165000	27
1170000	28
1175000	29
1180000	30
1185000	31
1190000	32
1195000	33
1200000	34
1205000	35
1210000	36
1215000	37
1220000	38
1225000	39
1230000	40
1235000	41
1240000	42
1245000	43
1250000	44
1255000	45
1260000	46
1265000	47
1270000	48
1275000	49
1280000	50
1285000	51
1290000	52
1295000	53
1300000	54
1305000	55
1310000	56
1315000	57
1320000	58
1325000	59
1330000	60
1335000	61
1340000	62
1345000	63
1350000	64
1355000	65
1360000	66
1365000	67
1370000	68
1375000	69
1380000	70
1385000	71
1390000	72
1395000	73
1400000	74
1405000	75
1410000	76
1415000	77
1420000	78
1425000	79
1430000	80
1435000	81
1440000	82
1445000	83
1450000	84
