133410000	0
133415000	1
133420000	2
133425000	3
133430000	4
133435000	5
133440000	6
133445000	7
133450000	8
133455000	9
133460000	10
133465000	11
133470000	12
133475000	13
133480000	14
133485000	15
133490000	16
133495000	17
133500000	18
133505000	19
133510000	20
133515000	21
133520000	22
133525000	23
133530000	24
133535000	25
133540000	26
133545000	27
133550000	28
133555000	29
133560000	30
133565000	31
133570000	32
133575000	33
133580000	34
133585000	35
133590000	36
133595000	37
133600000	38
133605000	39
133610000	40
133615000	41
133620000	42
133625000	43
133630000	44
133635000	45
133640000	46
133645000	47
133650000	48
133655000	49
133660000	50
133665000	51
133670000	52
133675000	53
133680000	54
133685000	55
133690000	56
133695000	57
133700000	58
133705000	59
133710000	60
133715000	61
133720000	62
133725000	63
133730000	64
133735000	65
133740000	66
133745000	67
133750000	68
133755000	69
133760000	70
133765000	71
133770000	72
133775000	73
133780000	74
133785000	75
133790000	76
133795000	77
133800000	78
133805000	79
133810000	80
133815000	81
133820000	82
133825000	83
133830000	84
133835000	85
133840000	86
133845000	87
133850000	88
133855000	89
133860000	90
133865000	91
133870000	92
133875000	93
133880000	94
133885000	95
133890000	96
133895000	97
133900000	98
133905000	99
133910000	100
133915000	101
133920000	102
133925000	103
133930000	104
