65615000	0
65620000	1
65625000	2
65630000	3
65635000	4
65640000	5
65645000	6
65650000	7
65655000	8
65660000	9
65665000	10
65670000	11
65675000	12
65680000	13
65685000	14
65690000	15
65695000	16
65700000	17
65705000	18
65710000	19
65715000	20
65720000	21
65725000	22
65730000	23
65735000	24
65740000	25
65745000	26
65750000	27
65755000	28
65760000	29
65765000	30
65770000	31
65775000	32
65780000	33
65785000	34
65790000	35
65795000	36
65800000	37
65805000	38
65810000	39
65815000	40
65820000	41
65825000	42
65830000	43
65835000	44
65840000	45
65845000	46
65850000	47
65855000	48
65860000	49
65865000	50
65870000	51
65875000	52
65880000	53
65885000	54
65890000	55
65895000	56
65900000	57
65905000	58
65910000	59
65915000	60
65920000	61
65925000	62
65930000	63
65935000	64
65940000	65
65945000	66
65950000	67
65955000	68
65960000	69
65965000	70
65970000	71
65975000	72
65980000	73
65985000	74
65990000	75
65995000	76
66000000	77
66005000	78
66010000	79
66015000	80
66020000	81
66025000	82
66030000	83
66035000	84
66040000	85
66045000	86
66050000	87
66055000	88
66060000	89
66065000	90
66070000	91
66075000	92
66080000	93
66085000	94
66090000	95
66095000	96
66100000	97
66105000	98
66110000	99
66115000	100
66120000	101
66125000	102
66130000	103
66135000	104
66140000	105
66145000	106
66150000	107
66155000	108
66160000	109
66165000	110
66170000	111
66175000	112
66180000	113
66185000	114
66190000	115
66195000	116
66200000	117
66205000	118
66210000	119
66215000	120
66220000	121
66225000	122
66230000	123
66235000	124
66240000	125
66245000	126
66250000	127
66255000	128
66260000	129
66265000	130
66270000	131
66275000	132
66280000	133
66285000	134
66290000	135
66295000	136
66300000	137
