41650000	0
41655000	1
41660000	2
41665000	3
41670000	4
41675000	5
41680000	6
41685000	7
41690000	8
41695000	9
41700000	10
41705000	11
41710000	12
41715000	13
41720000	14
41725000	15
41730000	16
41735000	17
41740000	18
41745000	19
41750000	20
41755000	21
41760000	22
41765000	23
41770000	24
41775000	25
41780000	26
41785000	27
41790000	28
41795000	29
41800000	30
41805000	31
41810000	32
41815000	33
41820000	34
41825000	35
41830000	36
41835000	37
41840000	38
41845000	39
41850000	40
41855000	41
41860000	42
41865000	43
41870000	44
41875000	45
41880000	46
41885000	47
41890000	48
41895000	49
41900000	50
41905000	51
41910000	52
41915000	53
41920000	54
41925000	55
41930000	56
41935000	57
41940000	58
41945000	59
41950000	60
41955000	61
41960000	62
41965000	63
41970000	64
41975000	65
41980000	66
41985000	67
41990000	68
41995000	69
42000000	70
42005000	71
42010000	72
42015000	73
42020000	74
42025000	75
42030000	76
42035000	77
42040000	78
42045000	79
42050000	80
42055000	81
42060000	82
42065000	83
42070000	84
42075000	85
42080000	86
42085000	87
42090000	88
42095000	89
42100000	90
42105000	91
42110000	92
42115000	93
42120000	94
42125000	95
42130000	96
42135000	97
42140000	98
42145000	99
42150000	100
42155000	101
42160000	102
42165000	103
42170000	104
42175000	105
42180000	106
42185000	107
42190000	108
42195000	109
42200000	110
42205000	111
42210000	112
42215000	113
42220000	114
42225000	115
42230000	116
42235000	117
42240000	118
42245000	119
42250000	120
42255000	121
42260000	122
42265000	123
42270000	124
42275000	125
42280000	126
42285000	127
42290000	128
42295000	129
42300000	130
42305000	131
42310000	132
42315000	133
42320000	134
42325000	135
42330000	136
42335000	137
42340000	138
42345000	139
42350000	140
42355000	141
42360000	142
42365000	143
42370000	144
42375000	145
42380000	146
42385000	147
42390000	148
42395000	149
42400000	150
42405000	151
42410000	152
42415000	153
42420000	154
42425000	155
42430000	156
42435000	157
42440000	158
42445000	159
42450000	160
42455000	161
42460000	162
42465000	163
42470000	164
42475000	165
42480000	166
42485000	167
42490000	168
42495000	169
42500000	170
42505000	171
42510000	172
42515000	173
42520000	174
42525000	175
42530000	176
42535000	177
42540000	178
42545000	179
42550000	180
42555000	181
42560000	182
42565000	183
42570000	184
42575000	185
42580000	186
