63640000	0
63645000	1
63650000	2
63655000	3
63660000	4
63665000	5
63670000	6
63675000	7
63680000	8
63685000	9
63690000	10
63695000	11
63700000	12
63705000	13
63710000	14
63715000	15
63720000	16
63725000	17
63730000	18
63735000	19
63740000	20
63745000	21
63750000	22
63755000	23
63760000	24
63765000	25
63770000	26
63775000	27
63780000	28
63785000	29
63790000	30
63795000	31
63800000	32
63805000	33
63810000	34
63815000	35
63820000	36
63825000	37
63830000	38
63835000	39
63840000	40
63845000	41
63850000	42
63855000	43
63860000	44
63865000	45
63870000	46
63875000	47
63880000	48
63885000	49
63890000	50
63895000	51
63900000	52
63905000	53
63910000	54
63915000	55
63920000	56
63925000	57
63930000	58
63935000	59
63940000	60
63945000	61
63950000	62
63955000	63
63960000	64
63965000	65
63970000	66
63975000	67
63980000	68
63985000	69
63990000	70
63995000	71
64000000	72
64005000	73
64010000	74
64015000	75
64020000	76
64025000	77
64030000	78
