145285000	0
145290000	1
145295000	2
145300000	3
145305000	4
145310000	5
145315000	6
145320000	7
145325000	8
145330000	9
145335000	10
145340000	11
145345000	12
145350000	13
145355000	14
145360000	15
145365000	16
145370000	17
145375000	18
145380000	19
145385000	20
145390000	21
145395000	22
145400000	23
145405000	24
145410000	25
145415000	26
145420000	27
145425000	28
145430000	29
145435000	30
145440000	31
145445000	32
145450000	33
145455000	34
145460000	35
145465000	36
145470000	37
145475000	38
145480000	39
145485000	40
145490000	41
145495000	42
145500000	43
145505000	44
145510000	45
145515000	46
145520000	47
145525000	48
145530000	49
145535000	50
145540000	51
145545000	52
145550000	53
145555000	54
145560000	55
145565000	56
145570000	57
145575000	58
145580000	59
145585000	60
145590000	61
145595000	62
145600000	63
145605000	64
145610000	65
145615000	66
145620000	67
145625000	68
145630000	69
145635000	70
145640000	71
145645000	72
145650000	73
145655000	74
145660000	75
145665000	76
145670000	77
145675000	78
145680000	79
145685000	80
145690000	81
145695000	82
145700000	83
145705000	84
145710000	85
145715000	86
145720000	87
145725000	88
145730000	89
145735000	90
145740000	91
145745000	92
145750000	93
145755000	94
145760000	95
145765000	96
145770000	97
145775000	98
145780000	99
145785000	100
145790000	101
145795000	102
145800000	103
145805000	104
145810000	105
145815000	106
145820000	107
145825000	108
145830000	109
145835000	110
145840000	111
145845000	112
145850000	113
145855000	114
145860000	115
145865000	116
145870000	117
145875000	118
145880000	119
145885000	120
145890000	121
145895000	122
145900000	123
145905000	124
145910000	125
145915000	126
145920000	127
145925000	128
145930000	129
145935000	130
145940000	131
145945000	132
145950000	133
145955000	134
145960000	135
145965000	136
145970000	137
145975000	138
145980000	139
145985000	140
145990000	141
145995000	142
146000000	143
146005000	144
146010000	145
146015000	146
146020000	147
146025000	148
146030000	149
146035000	150
146040000	151
146045000	152
146050000	153
146055000	154
146060000	155
146065000	156
146070000	157
146075000	158
146080000	159
146085000	160
146090000	161
146095000	162
146100000	163
146105000	164
146110000	165
146115000	166
146120000	167
146125000	168
146130000	169
146135000	170
146140000	171
146145000	172
146150000	173
146155000	174
146160000	175
146165000	176
146170000	177
146175000	178
146180000	179
146185000	180
146190000	181
146195000	182
146200000	183
146205000	184
146210000	185
146215000	186
146220000	187
146225000	188
146230000	189
146235000	190
146240000	191
146245000	192
146250000	193
146255000	194
146260000	195
146265000	196
146270000	197
146275000	198
146280000	199
146285000	200
146290000	201
146295000	202
146300000	203
146305000	204
146310000	205
146315000	206
146320000	207
146325000	208
146330000	209
146335000	210
146340000	211
146345000	212
146350000	213
146355000	214
146360000	215
146365000	216
146370000	217
146375000	218
146380000	219
146385000	220
146390000	221
146395000	222
146400000	223
146405000	224
146410000	225
146415000	226
146420000	227
146425000	228
146430000	229
146435000	230
146440000	231
146445000	232
146450000	233
146455000	234
146460000	235
146465000	236
146470000	237
146475000	238
146480000	239
146485000	240
146490000	241
146495000	242
146500000	243
146505000	244
146510000	245
146515000	246
146520000	247
146525000	248
146530000	249
146535000	250
146540000	251
146545000	252
146550000	253
146555000	254
146560000	255
146565000	256
146570000	257
146575000	258
146580000	259
146585000	260
146590000	261
146595000	262
146600000	263
146605000	264
146610000	265
146615000	266
146620000	267
146625000	268
