171785000	0
171790000	1
171795000	2
171800000	3
171805000	4
171810000	5
171815000	6
171820000	7
171825000	8
171830000	9
171835000	10
171840000	11
171845000	12
171850000	13
171855000	14
171860000	15
171865000	16
171870000	17
171875000	18
171880000	19
171885000	20
171890000	21
171895000	22
171900000	23
171905000	24
171910000	25
171915000	26
171920000	27
171925000	28
171930000	29
171940000	30
171945000	31
171950000	32
171955000	33
171960000	34
171965000	35
171970000	36
171975000	37
171980000	38
171985000	39
171990000	40
171995000	41
172000000	42
172005000	43
172010000	44
172015000	45
172020000	46
172025000	47
172030000	48
172035000	49
172040000	50
172045000	51
172050000	52
172055000	53
172060000	54
172065000	55
172070000	56
172075000	57
172080000	58
172085000	59
172090000	60
172095000	61
172100000	62
172105000	63
172110000	64
172115000	65
172120000	66
172125000	67
172130000	68
172135000	69
172140000	70
172145000	71
172150000	72
172155000	73
172160000	74
172165000	75
172170000	76
172175000	77
172180000	78
172185000	79
172190000	80
172195000	81
172200000	82
172205000	83
172210000	84
172215000	85
172220000	86
172225000	87
172230000	88
172235000	89
172240000	90
172245000	91
172250000	92
172255000	93
172260000	94
172265000	95
172270000	96
172275000	97
172280000	98
172285000	99
172290000	100
172295000	101
172300000	102
172305000	103
172310000	104
