115301000	0
115302000	1
115303000	2
115304000	3
115305000	4
115306000	5
115307000	6
115308000	7
115309000	8
115310000	9
115311000	10
115312000	11
115313000	12
115314000	13
115315000	14
115316000	15
115317000	16
115318000	17
115319000	18
115320000	19
115321000	20
115322000	21
115323000	22
115324000	23
115325000	24
115326000	25
115327000	26
115328000	27
115329000	28
115330000	29
115331000	30
115332000	31
115333000	32
115334000	33
115335000	34
115336000	35
115337000	36
115338000	37
115339000	38
115340000	39
115341000	40
115342000	41
115343000	42
115344000	43
115345000	44
115346000	45
115347000	46
115348000	47
115349000	48
115350000	49
115351000	50
115352000	51
115353000	52
115354000	53
115355000	54
115356000	55
115357000	56
115358000	57
115359000	58
115360000	59
115361000	60
115362000	61
115363000	62
115364000	63
115365000	64
115366000	65
115367000	66
115368000	67
115369000	68
115370000	69
115371000	70
115372000	71
115373000	72
115374000	73
115375000	74
115376000	75
115377000	76
115378000	77
115379000	78
115380000	79
115381000	80
115382000	81
115383000	82
115384000	83
115385000	84
115386000	85
115387000	86
115388000	87
115389000	88
115390000	89
115391000	90
115392000	91
115393000	92
115394000	93
115395000	94
115396000	95
115397000	96
115398000	97
115399000	98
115400000	99
115401000	100
115402000	101
115403000	102
115404000	103
115405000	104
115406000	105
115407000	106
115408000	107
115409000	108
115410000	109
115411000	110
115412000	111
115413000	112
115414000	113
115415000	114
115416000	115
115417000	116
115418000	117
115419000	118
115420000	119
115421000	120
115422000	121
115423000	122
115424000	123
115425000	124
115426000	125
115427000	126
115428000	127
115429000	128
115430000	129
115431000	130
115432000	131
115433000	132
115434000	133
115435000	134
115436000	135
115437000	136
115438000	137
115439000	138
115440000	139
115441000	140
115442000	141
115443000	142
115444000	143
115445000	144
115446000	145
115447000	146
115448000	147
115449000	148
115450000	149
115451000	150
115452000	151
115453000	152
115454000	153
115455000	154
115456000	155
115457000	156
115458000	157
115459000	158
115460000	159
115461000	160
115462000	161
115463000	162
115464000	163
115465000	164
115466000	165
115467000	166
115468000	167
115469000	168
115470000	169
115471000	170
115472000	171
115473000	172
115474000	173
115475000	174
115476000	175
115477000	176
115478000	177
115479000	178
115480000	179
115481000	180
115482000	181
115483000	182
115484000	183
115485000	184
115486000	185
115487000	186
115488000	187
115489000	188
115490000	189
115491000	190
115492000	191
115493000	192
115494000	193
115495000	194
115496000	195
115497000	196
115498000	197
115499000	198
115500000	199
115501000	200
115502000	201
115503000	202
115504000	203
