9940000	0
9945000	1
9950000	2
9955000	3
9960000	4
9965000	5
9970000	6
9975000	7
9980000	8
9985000	9
9990000	10
9995000	11
10000000	12
10005000	13
10010000	14
10015000	15
10020000	16
10025000	17
10030000	18
10035000	19
10040000	20
10045000	21
10050000	22
10055000	23
10060000	24
10065000	25
10070000	26
10075000	27
10080000	28
10085000	29
10090000	30
10095000	31
10100000	32
10105000	33
10110000	34
10115000	35
10120000	36
10125000	37
10130000	38
10135000	39
10140000	40
10145000	41
10150000	42
10155000	43
10160000	44
10165000	45
10170000	46
10175000	47
10180000	48
10185000	49
10190000	50
10195000	51
10200000	52
10205000	53
10210000	54
10215000	55
10220000	56
10225000	57
10230000	58
10235000	59
10240000	60
10245000	61
10250000	62
10255000	63
10260000	64
10265000	65
10270000	66
10275000	67
10280000	68
10285000	69
10290000	70
10295000	71
10300000	72
10305000	73
10310000	74
10315000	75
10320000	76
10325000	77
10330000	78
10335000	79
10340000	80
10345000	81
10350000	82
10355000	83
10360000	84
10365000	85
10370000	86
10375000	87
10380000	88
10385000	89
10390000	90
10395000	91
10400000	92
10405000	93
10410000	94
10415000	95
10420000	96
10425000	97
10430000	98
10435000	99
10440000	100
10445000	101
10450000	102
10455000	103
10460000	104
10465000	105
10470000	106
10475000	107
10480000	108
10485000	109
10490000	110
10495000	111
10500000	112
10505000	113
10510000	114
10515000	115
10520000	116
10525000	117
10530000	118
10535000	119
10540000	120
10545000	121
10550000	122
10555000	123
10560000	124
10565000	125
10570000	126
10575000	127
10580000	128
10585000	129
10590000	130
10595000	131
10600000	132
10605000	133
10610000	134
10615000	135
10620000	136
10625000	137
10630000	138
10635000	139
10640000	140
10645000	141
10650000	142
10655000	143
10660000	144
10665000	145
10670000	146
10675000	147
10680000	148
10685000	149
10690000	150
10695000	151
10700000	152
10705000	153
10710000	154
10715000	155
10720000	156
10725000	157
10730000	158
10735000	159
10740000	160
10745000	161
10750000	162
10755000	163
10760000	164
10765000	165
10770000	166
10775000	167
10780000	168
10785000	169
10790000	170
10795000	171
10800000	172
10805000	173
10810000	174
10815000	175
10820000	176
