174735000	0
174740000	1
174745000	2
174750000	3
174755000	4
174760000	5
174765000	6
174770000	7
174775000	8
174780000	9
174785000	10
174790000	11
174795000	12
174800000	13
174805000	14
174810000	15
174815000	16
174820000	17
174825000	18
174830000	19
174835000	20
174840000	21
174845000	22
174850000	23
174855000	24
174860000	25
174865000	26
174870000	27
174875000	28
174880000	29
174885000	30
174890000	31
174895000	32
174900000	33
174905000	34
174910000	35
174915000	36
174920000	37
174925000	38
174930000	39
174935000	40
174940000	41
174945000	42
174950000	43
174955000	44
174960000	45
174965000	46
174970000	47
174975000	48
174980000	49
174985000	50
