86486000	0
86487000	1
86488000	2
86489000	3
86490000	4
86491000	5
86492000	6
86493000	7
86494000	8
86495000	9
86496000	10
86497000	11
86498000	12
86499000	13
86500000	14
86501000	15
86502000	16
86503000	17
86504000	18
86505000	19
86506000	20
86507000	21
86508000	22
86509000	23
86510000	24
86511000	25
86512000	26
86513000	27
86514000	28
86515000	29
86516000	30
86517000	31
86518000	32
86519000	33
86520000	34
86521000	35
86522000	36
86523000	37
86524000	38
86525000	39
86526000	40
86527000	41
86528000	42
86529000	43
86530000	44
86531000	45
86532000	46
86533000	47
86534000	48
86535000	49
86536000	50
86537000	51
86538000	52
86539000	53
86540000	54
86541000	55
86542000	56
86543000	57
86544000	58
86545000	59
86546000	60
86547000	61
86548000	62
86549000	63
86550000	64
86551000	65
86552000	66
86553000	67
86554000	68
86555000	69
86556000	70
86557000	71
86558000	72
86559000	73
86560000	74
86561000	75
86562000	76
86563000	77
86564000	78
86565000	79
86566000	80
86567000	81
86568000	82
86569000	83
86570000	84
86571000	85
86572000	86
86573000	87
86574000	88
86575000	89
86576000	90
86577000	91
86578000	92
86579000	93
86580000	94
86581000	95
86582000	96
86583000	97
86584000	98
86585000	99
86586000	100
86587000	101
86588000	102
86589000	103
86590000	104
86591000	105
86592000	106
86593000	107
86594000	108
86595000	109
86596000	110
86597000	111
86598000	112
86599000	113
86600000	114
86601000	115
86602000	116
86603000	117
86604000	118
86605000	119
86606000	120
86607000	121
86608000	122
86609000	123
86610000	124
86611000	125
86612000	126
86613000	127
86614000	128
86615000	129
86616000	130
86617000	131
86618000	132
86619000	133
86620000	134
86621000	135
86622000	136
86623000	137
86624000	138
86625000	139
86626000	140
86627000	141
86628000	142
86629000	143
86630000	144
86631000	145
86632000	146
86633000	147
86634000	148
86635000	149
86636000	150
86637000	151
86638000	152
86639000	153
86640000	154
86641000	155
86642000	156
86643000	157
86644000	158
86645000	159
86646000	160
86647000	161
86648000	162
86649000	163
86650000	164
86651000	165
86652000	166
86653000	167
86654000	168
86655000	169
86656000	170
86657000	171
86658000	172
86659000	173
86660000	174
86661000	175
86662000	176
86663000	177
86664000	178
86665000	179
86666000	180
86667000	181
86668000	182
86669000	183
86670000	184
86671000	185
86672000	186
86673000	187
86674000	188
86675000	189
86676000	190
86677000	191
86678000	192
86679000	193
86680000	194
86681000	195
86682000	196
86683000	197
86684000	198
86685000	199
86686000	200
86687000	201
86688000	202
86689000	203
86690000	204
86691000	205
86692000	206
86693000	207
86694000	208
86695000	209
86696000	210
86697000	211
86698000	212
86699000	213
86700000	214
86701000	215
86702000	216
86703000	217
86704000	218
86705000	219
86706000	220
86707000	221
86708000	222
86709000	223
86711000	224
86712000	225
86713000	226
86714000	227
86715000	228
86716000	229
86717000	230
86718000	231
86719000	232
86720000	233
86721000	234
86722000	235
86723000	236
86724000	237
86725000	238
86726000	239
86727000	240
86728000	241
86729000	242
86730000	243
86731000	244
86732000	245
86733000	246
86734000	247
86735000	248
86736000	249
86737000	250
86738000	251
86739000	252
86740000	253
86741000	254
86742000	255
86743000	256
86744000	257
86745000	258
86746000	259
86747000	260
86748000	261
86749000	262
86750000	263
86751000	264
86752000	265
86753000	266
86754000	267
86755000	268
86756000	269
86757000	270
86758000	271
86759000	272
86760000	273
86761000	274
86762000	275
86763000	276
86764000	277
86765000	278
86766000	279
86767000	280
86768000	281
86769000	282
86770000	283
86771000	284
86772000	285
86773000	286
86774000	287
86775000	288
86776000	289
86777000	290
86778000	291
86779000	292
86780000	293
86781000	294
86782000	295
86783000	296
86784000	297
86785000	298
86786000	299
86787000	300
86788000	301
86789000	302
86790000	303
86791000	304
86792000	305
86793000	306
86794000	307
86795000	308
86796000	309
86797000	310
86798000	311
86799000	312
86800000	313
86801000	314
86802000	315
86803000	316
86804000	317
86805000	318
86806000	319
86807000	320
86808000	321
86809000	322
86810000	323
86811000	324
86812000	325
86813000	326
86814000	327
86815000	328
86816000	329
86817000	330
86818000	331
86819000	332
86820000	333
86821000	334
86822000	335
86823000	336
86824000	337
86825000	338
86826000	339
86827000	340
86828000	341
86829000	342
