102330000	0
102335000	1
102340000	2
102345000	3
102350000	4
102355000	5
102360000	6
102365000	7
102370000	8
102375000	9
102380000	10
102385000	11
102390000	12
102395000	13
102400000	14
102405000	15
102410000	16
102415000	17
102420000	18
102425000	19
102430000	20
102435000	21
102440000	22
102445000	23
102450000	24
102455000	25
102460000	26
102465000	27
102470000	28
102475000	29
102480000	30
102485000	31
102490000	32
102495000	33
102500000	34
102505000	35
102510000	36
102515000	37
102520000	38
102525000	39
102530000	40
102535000	41
102540000	42
102545000	43
102550000	44
102555000	45
102560000	46
102565000	47
102570000	48
102575000	49
102580000	50
102585000	51
102590000	52
102595000	53
102600000	54
102605000	55
102610000	56
102615000	57
102620000	58
102625000	59
102630000	60
102635000	61
102640000	62
102645000	63
