94975000	0
94976000	1
94977000	2
94978000	3
94979000	4
94980000	5
94981000	6
94982000	7
94983000	8
94984000	9
94985000	10
94986000	11
94987000	12
94988000	13
94989000	14
94990000	15
94991000	16
94992000	17
94993000	18
94994000	19
94995000	20
94996000	21
94997000	22
94998000	23
94999000	24
95000000	25
95001000	26
95002000	27
95003000	28
95004000	29
95005000	30
95006000	31
95007000	32
95008000	33
95009000	34
95010000	35
95011000	36
95012000	37
95013000	38
95014000	39
95015000	40
95016000	41
95017000	42
95018000	43
95019000	44
95020000	45
95021000	46
95022000	47
95023000	48
95024000	49
95025000	50
95026000	51
95027000	52
95028000	53
95029000	54
95030000	55
95031000	56
95032000	57
95033000	58
95034000	59
95035000	60
95036000	61
95037000	62
95038000	63
95039000	64
95040000	65
95041000	66
95042000	67
95043000	68
95044000	69
95045000	70
95046000	71
95047000	72
95048000	73
95049000	74
95050000	75
95051000	76
95052000	77
95053000	78
95054000	79
95055000	80
95056000	81
95057000	82
95058000	83
95059000	84
95060000	85
95061000	86
95062000	87
95063000	88
95064000	89
95065000	90
95066000	91
95067000	92
95068000	93
95069000	94
95070000	95
95071000	96
95072000	97
95073000	98
95074000	99
95075000	100
95076000	101
95077000	102
95078000	103
95079000	104
95080000	105
95081000	106
95082000	107
95083000	108
95084000	109
95085000	110
95086000	111
95087000	112
95088000	113
95089000	114
95090000	115
95091000	116
95092000	117
95093000	118
95094000	119
95095000	120
95096000	121
95097000	122
95098000	123
95099000	124
95100000	125
95101000	126
95102000	127
95103000	128
95104000	129
95105000	130
95106000	131
95107000	132
95108000	133
95109000	134
95110000	135
95111000	136
95112000	137
95113000	138
95114000	139
95115000	140
95116000	141
95117000	142
95118000	143
95119000	144
95120000	145
95121000	146
95122000	147
95123000	148
95124000	149
95125000	150
95126000	151
95127000	152
95128000	153
95129000	154
95130000	155
95131000	156
95132000	157
95133000	158
95134000	159
95135000	160
95136000	161
95137000	162
95138000	163
95139000	164
95140000	165
95141000	166
95142000	167
95143000	168
95144000	169
95145000	170
95146000	171
95147000	172
95148000	173
95149000	174
95150000	175
95151000	176
95152000	177
95153000	178
95154000	179
95155000	180
95156000	181
95157000	182
95158000	183
95159000	184
95160000	185
95161000	186
95162000	187
95163000	188
95164000	189
95165000	190
95166000	191
95167000	192
95168000	193
95169000	194
95170000	195
95171000	196
95172000	197
95173000	198
95174000	199
95175000	200
95176000	201
95177000	202
95178000	203
95179000	204
95180000	205
95181000	206
95182000	207
95183000	208
95184000	209
95185000	210
95186000	211
95187000	212
95188000	213
95189000	214
95190000	215
95191000	216
95192000	217
95193000	218
95194000	219
95195000	220
95196000	221
95197000	222
95198000	223
95199000	224
95200000	225
95201000	226
95202000	227
95203000	228
95204000	229
95205000	230
95206000	231
95207000	232
95208000	233
95209000	234
95210000	235
95211000	236
95212000	237
95213000	238
95214000	239
95215000	240
95216000	241
95217000	242
95218000	243
95219000	244
95220000	245
95221000	246
95222000	247
95223000	248
95224000	249
95225000	250
95226000	251
95227000	252
95228000	253
95229000	254
95230000	255
95231000	256
95232000	257
95233000	258
95234000	259
95235000	260
95236000	261
95237000	262
95238000	263
95239000	264
95240000	265
95241000	266
95242000	267
95243000	268
95244000	269
95245000	270
95246000	271
95247000	272
95248000	273
95249000	274
95250000	275
95251000	276
95252000	277
95253000	278
95254000	279
95255000	280
95256000	281
95257000	282
95258000	283
95259000	284
95260000	285
95261000	286
95262000	287
95263000	288
95264000	289
95265000	290
95266000	291
95267000	292
95268000	293
95269000	294
95270000	295
95271000	296
95272000	297
95273000	298
95274000	299
95275000	300
95276000	301
95277000	302
95278000	303
95279000	304
95280000	305
