24120000	0
24121000	1
24122000	2
24123000	3
24124000	4
24125000	5
24126000	6
24127000	7
24128000	8
24129000	9
24130000	10
24131000	11
24132000	12
24133000	13
24134000	14
24135000	15
24136000	16
24137000	17
24138000	18
24139000	19
24140000	20
24141000	21
24142000	22
24143000	23
24144000	24
24145000	25
24146000	26
24147000	27
24148000	28
24149000	29
24150000	30
24151000	31
24152000	32
24153000	33
24154000	34
24155000	35
24156000	36
24157000	37
24158000	38
24159000	39
24160000	40
24161000	41
24162000	42
24163000	43
24164000	44
24165000	45
24166000	46
24167000	47
24168000	48
24169000	49
24170000	50
24171000	51
24172000	52
24173000	53
24174000	54
24175000	55
24176000	56
24177000	57
24178000	58
24179000	59
24180000	60
24181000	61
24182000	62
24183000	63
24184000	64
24185000	65
24186000	66
24187000	67
24188000	68
24189000	69
24190000	70
24191000	71
24192000	72
24193000	73
24194000	74
24195000	75
24196000	76
24197000	77
24198000	78
24199000	79
24200000	80
24201000	81
24202000	82
24203000	83
24204000	84
24205000	85
24206000	86
24207000	87
24208000	88
24209000	89
24210000	90
