63315000	0
63320000	1
63325000	2
63330000	3
63335000	4
63340000	5
63345000	6
63350000	7
63355000	8
63360000	9
63365000	10
63370000	11
63375000	12
63380000	13
63385000	14
63390000	15
63395000	16
63400000	17
63405000	18
63410000	19
63415000	20
63420000	21
63425000	22
63430000	23
63435000	24
63440000	25
63445000	26
63450000	27
63455000	28
63460000	29
63465000	30
63470000	31
63475000	32
63480000	33
63485000	34
63490000	35
63495000	36
63500000	37
63505000	38
63510000	39
63515000	40
63520000	41
63525000	42
63530000	43
63535000	44
63540000	45
63545000	46
63550000	47
63555000	48
63560000	49
63565000	50
63570000	51
63575000	52
63580000	53
63585000	54
63590000	55
63595000	56
63600000	57
63605000	58
63610000	59
63615000	60
63620000	61
63625000	62
63630000	63
63635000	64
63640000	65
63645000	66
63650000	67
63655000	68
63660000	69
63665000	70
63670000	71
63675000	72
63680000	73
63685000	74
63690000	75
63695000	76
63700000	77
63705000	78
63710000	79
63715000	80
63720000	81
63725000	82
63730000	83
63735000	84
63740000	85
63745000	86
63750000	87
63755000	88
63760000	89
63765000	90
63770000	91
63775000	92
63780000	93
63785000	94
63790000	95
63795000	96
63800000	97
63805000	98
63810000	99
63815000	100
