210295000	0
210300000	1
210305000	2
210310000	3
210315000	4
210320000	5
210325000	6
210330000	7
210335000	8
210340000	9
210345000	10
210350000	11
210355000	12
210360000	13
210365000	14
210370000	15
210375000	16
210380000	17
210385000	18
210390000	19
210395000	20
210400000	21
210405000	22
210410000	23
210415000	24
210420000	25
210425000	26
210430000	27
210435000	28
210440000	29
210445000	30
210450000	31
210455000	32
210460000	33
210465000	34
210470000	35
210475000	36
210480000	37
210485000	38
210490000	39
210495000	40
210500000	41
210505000	42
210510000	43
210515000	44
210520000	45
210525000	46
210530000	47
210535000	48
210540000	49
210545000	50
210550000	51
210555000	52
210560000	53
210565000	54
210570000	55
210575000	56
210580000	57
210585000	58
210590000	59
210595000	60
210600000	61
210605000	62
210610000	63
210615000	64
210620000	65
