75635000	0
75640000	1
75645000	2
75650000	3
75655000	4
75660000	5
75665000	6
75670000	7
75675000	8
75680000	9
75685000	10
75690000	11
75695000	12
75700000	13
75705000	14
75710000	15
75715000	16
75720000	17
75725000	18
75730000	19
75735000	20
75740000	21
75745000	22
75750000	23
75755000	24
75760000	25
75765000	26
75770000	27
75775000	28
75780000	29
75785000	30
75790000	31
75795000	32
75800000	33
75805000	34
75810000	35
75815000	36
75820000	37
75825000	38
75830000	39
75835000	40
75840000	41
75845000	42
75850000	43
75855000	44
75860000	45
75865000	46
75870000	47
75875000	48
75880000	49
75885000	50
75890000	51
75895000	52
75900000	53
75905000	54
75910000	55
75915000	56
75920000	57
75925000	58
75930000	59
75935000	60
75940000	61
75945000	62
75950000	63
75955000	64
75960000	65
75965000	66
75970000	67
75975000	68
75980000	69
75985000	70
75990000	71
75995000	72
76000000	73
76005000	74
76010000	75
76015000	76
76020000	77
76025000	78
76030000	79
76035000	80
76040000	81
76045000	82
76050000	83
76055000	84
76060000	85
76065000	86
76070000	87
76075000	88
76080000	89
76085000	90
76090000	91
76095000	92
76100000	93
76105000	94
76110000	95
76115000	96
76120000	97
76125000	98
76130000	99
76135000	100
76140000	101
76145000	102
76150000	103
76155000	104
76160000	105
76165000	106
76170000	107
76175000	108
76180000	109
76185000	110
76190000	111
76195000	112
76200000	113
76205000	114
76210000	115
76215000	116
76220000	117
76225000	118
76230000	119
76235000	120
76240000	121
76245000	122
76250000	123
76255000	124
76260000	125
76265000	126
76270000	127
76275000	128
76280000	129
76285000	130
76290000	131
76295000	132
76300000	133
76305000	134
76310000	135
76315000	136
76320000	137
76325000	138
76330000	139
76335000	140
76340000	141
76345000	142
76350000	143
76355000	144
76360000	145
76365000	146
76370000	147
76375000	148
76380000	149
76385000	150
76390000	151
76395000	152
76400000	153
76405000	154
76410000	155
76415000	156
76420000	157
76425000	158
76430000	159
76435000	160
76440000	161
76445000	162
76450000	163
76455000	164
76460000	165
76465000	166
76470000	167
