44850000	0
44855000	1
44860000	2
44865000	3
44870000	4
44875000	5
44880000	6
44885000	7
44890000	8
44895000	9
44900000	10
44905000	11
44910000	12
44915000	13
44920000	14
44925000	15
44930000	16
44935000	17
44940000	18
44945000	19
44950000	20
44955000	21
44960000	22
44965000	23
44970000	24
44975000	25
44980000	26
44985000	27
44990000	28
44995000	29
45000000	30
45005000	31
45010000	32
45015000	33
45020000	34
45025000	35
45030000	36
45035000	37
45040000	38
45045000	39
45050000	40
45055000	41
45060000	42
45065000	43
45070000	44
45075000	45
45080000	46
45085000	47
45090000	48
45095000	49
45100000	50
45105000	51
45110000	52
45115000	53
45120000	54
45125000	55
45130000	56
45135000	57
45140000	58
45145000	59
45150000	60
45155000	61
45160000	62
45165000	63
45170000	64
45175000	65
45180000	66
45185000	67
45190000	68
45195000	69
45200000	70
45205000	71
45210000	72
45215000	73
45220000	74
45225000	75
45230000	76
45235000	77
45240000	78
45245000	79
45250000	80
45255000	81
45260000	82
45265000	83
45270000	84
45275000	85
45280000	86
45285000	87
45290000	88
45295000	89
45300000	90
45305000	91
45310000	92
45315000	93
45320000	94
45325000	95
45330000	96
45335000	97
45340000	98
45345000	99
45350000	100
45355000	101
45360000	102
45365000	103
45370000	104
45375000	105
45380000	106
45385000	107
45390000	108
45395000	109
45400000	110
45405000	111
45410000	112
45415000	113
45420000	114
45425000	115
45430000	116
45435000	117
45440000	118
45445000	119
45450000	120
45455000	121
45460000	122
45465000	123
45470000	124
45475000	125
45480000	126
45485000	127
45490000	128
45495000	129
45500000	130
45505000	131
45510000	132
45515000	133
45520000	134
45525000	135
45530000	136
45535000	137
45540000	138
45545000	139
45550000	140
45555000	141
45560000	142
45565000	143
45570000	144
45575000	145
45580000	146
45585000	147
45590000	148
45595000	149
45600000	150
45605000	151
45610000	152
45615000	153
45620000	154
45625000	155
45630000	156
45635000	157
45640000	158
45645000	159
45650000	160
45655000	161
45660000	162
45665000	163
45670000	164
45675000	165
45680000	166
45685000	167
45690000	168
45695000	169
45700000	170
45705000	171
45710000	172
45715000	173
45720000	174
45725000	175
45730000	176
45735000	177
45740000	178
45745000	179
45750000	180
45755000	181
45760000	182
45765000	183
45770000	184
45775000	185
45780000	186
45785000	187
45790000	188
45795000	189
45800000	190
45805000	191
45810000	192
45815000	193
45820000	194
45825000	195
45830000	196
45835000	197
45840000	198
45845000	199
45850000	200
45855000	201
45860000	202
45865000	203
45870000	204
45875000	205
45880000	206
45885000	207
45890000	208
45895000	209
45900000	210
45905000	211
45910000	212
45915000	213
45920000	214
45925000	215
45930000	216
45935000	217
