90125000	0
90130000	1
90135000	2
90140000	3
90145000	4
90150000	5
90155000	6
90160000	7
90165000	8
90170000	9
90175000	10
90180000	11
90185000	12
90190000	13
90195000	14
90200000	15
90205000	16
90210000	17
90215000	18
90220000	19
90225000	20
90230000	21
90235000	22
90240000	23
90245000	24
90250000	25
90255000	26
90260000	27
90265000	28
90270000	29
90275000	30
90280000	31
90285000	32
90290000	33
90295000	34
90300000	35
90305000	36
90310000	37
90315000	38
90320000	39
90325000	40
90330000	41
90335000	42
90340000	43
90345000	44
90350000	45
90355000	46
90360000	47
90365000	48
90370000	49
90375000	50
90380000	51
90385000	52
90390000	53
90395000	54
90400000	55
90405000	56
90410000	57
90415000	58
90420000	59
90425000	60
90430000	61
90435000	62
90440000	63
90445000	64
90450000	65
90455000	66
90460000	67
90465000	68
90470000	69
90475000	70
90480000	71
90485000	72
90490000	73
90495000	74
90500000	75
90505000	76
90510000	77
90515000	78
90520000	79
90525000	80
90530000	81
90535000	82
90540000	83
90545000	84
90550000	85
90555000	86
90560000	87
90565000	88
90570000	89
90575000	90
90580000	91
90585000	92
90590000	93
90595000	94
90600000	95
90605000	96
90610000	97
90615000	98
90620000	99
90625000	100
90630000	101
90635000	102
90640000	103
90645000	104
90650000	105
90655000	106
90660000	107
90665000	108
