71740000	0
71745000	1
71750000	2
71755000	3
71760000	4
71765000	5
71770000	6
71775000	7
71780000	8
71785000	9
71790000	10
71795000	11
71800000	12
71805000	13
71810000	14
71815000	15
71820000	16
71825000	17
71830000	18
71835000	19
71840000	20
71845000	21
71850000	22
71855000	23
71860000	24
71865000	25
71870000	26
71875000	27
71880000	28
71885000	29
71890000	30
71895000	31
71900000	32
71905000	33
71910000	34
71915000	35
71920000	36
71925000	37
71930000	38
71935000	39
71940000	40
71945000	41
71950000	42
71955000	43
71960000	44
71965000	45
71970000	46
71975000	47
71980000	48
71985000	49
71990000	50
71995000	51
72000000	52
72005000	53
72010000	54
72015000	55
72020000	56
72025000	57
72030000	58
72035000	59
72040000	60
72045000	61
72050000	62
72055000	63
72060000	64
72065000	65
72070000	66
72075000	67
72080000	68
72085000	69
72090000	70
72095000	71
72100000	72
72105000	73
72110000	74
72115000	75
72120000	76
72125000	77
72130000	78
72135000	79
72140000	80
72145000	81
72150000	82
72155000	83
72160000	84
72165000	85
72170000	86
72175000	87
72180000	88
72185000	89
72190000	90
72195000	91
72200000	92
72205000	93
72210000	94
72215000	95
72220000	96
72225000	97
72230000	98
72235000	99
72240000	100
72245000	101
72250000	102
72255000	103
72260000	104
72265000	105
72270000	106
72275000	107
72280000	108
72285000	109
72290000	110
72295000	111
72300000	112
72305000	113
72310000	114
72315000	115
72320000	116
72325000	117
72330000	118
72335000	119
72340000	120
72345000	121
72350000	122
72355000	123
72360000	124
72365000	125
72370000	126
72375000	127
72380000	128
72385000	129
72390000	130
72395000	131
72400000	132
72405000	133
72410000	134
72415000	135
72420000	136
72425000	137
72430000	138
72435000	139
72440000	140
72445000	141
72450000	142
72455000	143
72460000	144
72465000	145
72470000	146
72475000	147
72480000	148
