44655000	0
44660000	1
44665000	2
44670000	3
44675000	4
44680000	5
44685000	6
44690000	7
44695000	8
44700000	9
44705000	10
44710000	11
44715000	12
44720000	13
44725000	14
44730000	15
44735000	16
44740000	17
44745000	18
44750000	19
44755000	20
44760000	21
44765000	22
44770000	23
44775000	24
44780000	25
44785000	26
44790000	27
44795000	28
44800000	29
44805000	30
44810000	31
44815000	32
44820000	33
44825000	34
44830000	35
44835000	36
44840000	37
44845000	38
44850000	39
44855000	40
44860000	41
44865000	42
44870000	43
44875000	44
44880000	45
44885000	46
44890000	47
44895000	48
44900000	49
44905000	50
44910000	51
44915000	52
44920000	53
44925000	54
44930000	55
44935000	56
44940000	57
44945000	58
44950000	59
44955000	60
44960000	61
44965000	62
44970000	63
44975000	64
44980000	65
44985000	66
44990000	67
44995000	68
45000000	69
45005000	70
45010000	71
45015000	72
45020000	73
45025000	74
45030000	75
45035000	76
45040000	77
45045000	78
45050000	79
45055000	80
45060000	81
45065000	82
45070000	83
45075000	84
45080000	85
45085000	86
45090000	87
45095000	88
45100000	89
45105000	90
45110000	91
45115000	92
45120000	93
45125000	94
45130000	95
45135000	96
45140000	97
45145000	98
45150000	99
45155000	100
45160000	101
45165000	102
45170000	103
45175000	104
45180000	105
45185000	106
45190000	107
45195000	108
45200000	109
45205000	110
45210000	111
45215000	112
45220000	113
45225000	114
45230000	115
45235000	116
45240000	117
45245000	118
45250000	119
45255000	120
45260000	121
45265000	122
45270000	123
45275000	124
45280000	125
45285000	126
45290000	127
45295000	128
45300000	129
45305000	130
45310000	131
45315000	132
45320000	133
45325000	134
45330000	135
45335000	136
45340000	137
45345000	138
45350000	139
45355000	140
45360000	141
45365000	142
45370000	143
45375000	144
45380000	145
45385000	146
45390000	147
45395000	148
45400000	149
45405000	150
45410000	151
45415000	152
