38730000	0
38735000	1
38740000	2
38745000	3
38750000	4
38755000	5
38760000	6
38765000	7
38770000	8
38775000	9
38780000	10
38785000	11
38790000	12
38795000	13
38800000	14
38805000	15
38810000	16
38815000	17
38820000	18
38825000	19
38830000	20
38835000	21
38840000	22
38845000	23
38850000	24
38855000	25
38860000	26
38865000	27
38870000	28
38875000	29
38880000	30
38885000	31
38890000	32
38895000	33
38900000	34
38905000	35
38910000	36
38915000	37
38920000	38
38925000	39
38930000	40
38935000	41
38940000	42
38945000	43
38950000	44
38955000	45
38960000	46
38965000	47
38970000	48
38975000	49
38980000	50
38985000	51
38990000	52
38995000	53
39000000	54
39005000	55
39010000	56
39015000	57
39020000	58
39025000	59
39030000	60
39035000	61
39040000	62
39045000	63
39050000	64
39055000	65
39060000	66
39065000	67
39070000	68
39075000	69
39080000	70
39085000	71
39090000	72
39095000	73
39100000	74
39105000	75
39110000	76
39115000	77
39120000	78
39125000	79
39130000	80
39135000	81
39140000	82
39145000	83
39150000	84
39155000	85
39160000	86
39165000	87
39170000	88
39175000	89
39180000	90
39185000	91
39190000	92
39195000	93
39200000	94
39205000	95
39210000	96
39215000	97
39220000	98
39225000	99
39230000	100
39235000	101
39240000	102
39245000	103
39250000	104
39255000	105
39260000	106
39265000	107
39270000	108
39275000	109
39280000	110
39285000	111
39290000	112
39295000	113
39300000	114
39305000	115
39310000	116
39315000	117
39320000	118
39325000	119
39330000	120
39335000	121
39340000	122
39345000	123
39350000	124
39355000	125
39360000	126
39365000	127
39370000	128
39375000	129
39380000	130
39385000	131
39390000	132
39395000	133
39400000	134
39405000	135
39410000	136
39415000	137
