22140000	0
22145000	1
22150000	2
22155000	3
22160000	4
22165000	5
22170000	6
22175000	7
22180000	8
22185000	9
22190000	10
22195000	11
22200000	12
22205000	13
22210000	14
22215000	15
22220000	16
22225000	17
22230000	18
22235000	19
22240000	20
22245000	21
22250000	22
22255000	23
22260000	24
22265000	25
22270000	26
22275000	27
22280000	28
22285000	29
22290000	30
22295000	31
22300000	32
22305000	33
22310000	34
22315000	35
22320000	36
22325000	37
22330000	38
22335000	39
22340000	40
22345000	41
22350000	42
22355000	43
22360000	44
22365000	45
22370000	46
22375000	47
22380000	48
22385000	49
22390000	50
22395000	51
22400000	52
22405000	53
22410000	54
22415000	55
22420000	56
22425000	57
22430000	58
22435000	59
22440000	60
22445000	61
22450000	62
22455000	63
22460000	64
22465000	65
22470000	66
22475000	67
22480000	68
22485000	69
22490000	70
22495000	71
22500000	72
22505000	73
22510000	74
22515000	75
22520000	76
22525000	77
22530000	78
22535000	79
22540000	80
22545000	81
22550000	82
22555000	83
22560000	84
22565000	85
22570000	86
22575000	87
22580000	88
