32275000	0
32280000	1
32285000	2
32290000	3
32295000	4
32300000	5
32305000	6
32310000	7
32315000	8
32320000	9
32325000	10
32330000	11
32335000	12
32340000	13
32345000	14
32350000	15
32355000	16
32360000	17
32365000	18
32370000	19
32375000	20
32380000	21
32385000	22
32390000	23
32395000	24
32400000	25
32405000	26
32410000	27
32415000	28
32420000	29
32425000	30
32430000	31
32435000	32
32440000	33
32445000	34
32450000	35
32455000	36
32460000	37
32465000	38
32470000	39
32475000	40
32480000	41
32485000	42
32490000	43
32495000	44
32500000	45
32505000	46
32510000	47
32515000	48
32520000	49
32525000	50
32530000	51
32535000	52
32540000	53
32545000	54
32550000	55
32555000	56
32560000	57
32565000	58
