68351000	0
68352000	1
68353000	2
68354000	3
68355000	4
68356000	5
68357000	6
68358000	7
68359000	8
68360000	9
68361000	10
68362000	11
68363000	12
68364000	13
68365000	14
68366000	15
68367000	16
68368000	17
68369000	18
68370000	19
68371000	20
68372000	21
68373000	22
68374000	23
68375000	24
68376000	25
68377000	26
68378000	27
68379000	28
68380000	29
68381000	30
68382000	31
68383000	32
68384000	33
68385000	34
68386000	35
68387000	36
68388000	37
68389000	38
68390000	39
68391000	40
68392000	41
68393000	42
68394000	43
68395000	44
68396000	45
68397000	46
68398000	47
68399000	48
68400000	49
68401000	50
68402000	51
68403000	52
68404000	53
68405000	54
68406000	55
68407000	56
68408000	57
68409000	58
68410000	59
68411000	60
68412000	61
68413000	62
68414000	63
68415000	64
68416000	65
68417000	66
68418000	67
68419000	68
68420000	69
68421000	70
68422000	71
68423000	72
68424000	73
68425000	74
68426000	75
68427000	76
68428000	77
68429000	78
68430000	79
68431000	80
68432000	81
68433000	82
68434000	83
68435000	84
68436000	85
68437000	86
68438000	87
68439000	88
68440000	89
68441000	90
68442000	91
68443000	92
68444000	93
68445000	94
68446000	95
68447000	96
68448000	97
68449000	98
68450000	99
68451000	100
68452000	101
68453000	102
68454000	103
68455000	104
68456000	105
68457000	106
68458000	107
68459000	108
68460000	109
68461000	110
68462000	111
68463000	112
68464000	113
68465000	114
68466000	115
68467000	116
68468000	117
68469000	118
68470000	119
68471000	120
68472000	121
68473000	122
68474000	123
68475000	124
68476000	125
68477000	126
68478000	127
68479000	128
68480000	129
68481000	130
68482000	131
68483000	132
68484000	133
68485000	134
68486000	135
68487000	136
68488000	137
68489000	138
68490000	139
68491000	140
68492000	141
68493000	142
68494000	143
68495000	144
68496000	145
68497000	146
68498000	147
68499000	148
68500000	149
68501000	150
68502000	151
68503000	152
68504000	153
68505000	154
68506000	155
68507000	156
68508000	157
68509000	158
68510000	159
68511000	160
68512000	161
68513000	162
68514000	163
68515000	164
68516000	165
68517000	166
68518000	167
68519000	168
68520000	169
68521000	170
68522000	171
68523000	172
68524000	173
68525000	174
68526000	175
68527000	176
68528000	177
68529000	178
68530000	179
68531000	180
68532000	181
68533000	182
68534000	183
68535000	184
68536000	185
68537000	186
68538000	187
68539000	188
68540000	189
68541000	190
68542000	191
68543000	192
68544000	193
68545000	194
68546000	195
68547000	196
68548000	197
68549000	198
68550000	199
68551000	200
68552000	201
68553000	202
68554000	203
68555000	204
68556000	205
68557000	206
68558000	207
68559000	208
68560000	209
68561000	210
68562000	211
68563000	212
68564000	213
68565000	214
68566000	215
68567000	216
68568000	217
68569000	218
68570000	219
68571000	220
68572000	221
68573000	222
68574000	223
68575000	224
68576000	225
68577000	226
68578000	227
68579000	228
68580000	229
68581000	230
68582000	231
68583000	232
68584000	233
68585000	234
68586000	235
68587000	236
68588000	237
68589000	238
68590000	239
68591000	240
68592000	241
68593000	242
68594000	243
68595000	244
68596000	245
68597000	246
68598000	247
68599000	248
68600000	249
68601000	250
68602000	251
68603000	252
68604000	253
68605000	254
68606000	255
68607000	256
68608000	257
68609000	258
68610000	259
68611000	260
68612000	261
68613000	262
68614000	263
68615000	264
68616000	265
68617000	266
68618000	267
68619000	268
68620000	269
68621000	270
68622000	271
68623000	272
68624000	273
68625000	274
68626000	275
68627000	276
68628000	277
68629000	278
68630000	279
68631000	280
68632000	281
68633000	282
68634000	283
68635000	284
68636000	285
68637000	286
68638000	287
68639000	288
68640000	289
68641000	290
68642000	291
68643000	292
68644000	293
68645000	294
68646000	295
68647000	296
68648000	297
68649000	298
68650000	299
68651000	300
68652000	301
68653000	302
68654000	303
68655000	304
68656000	305
68657000	306
68658000	307
68659000	308
68660000	309
68661000	310
68662000	311
68663000	312
68664000	313
68665000	314
68666000	315
68667000	316
68668000	317
68669000	318
68670000	319
68671000	320
68672000	321
68673000	322
68674000	323
68675000	324
68676000	325
68677000	326
68678000	327
68679000	328
68680000	329
68681000	330
68682000	331
68683000	332
68684000	333
68685000	334
68686000	335
68687000	336
68688000	337
68689000	338
68690000	339
68691000	340
68692000	341
68693000	342
68694000	343
68695000	344
68696000	345
68697000	346
68698000	347
68699000	348
68700000	349
68701000	350
68702000	351
68703000	352
68704000	353
68705000	354
68706000	355
68707000	356
68708000	357
68709000	358
68710000	359
68711000	360
68712000	361
68713000	362
68714000	363
68715000	364
68716000	365
68717000	366
68718000	367
68719000	368
68720000	369
68721000	370
68722000	371
68723000	372
68724000	373
68725000	374
68726000	375
68727000	376
68728000	377
68729000	378
68730000	379
68731000	380
68732000	381
68733000	382
68734000	383
68735000	384
68736000	385
68737000	386
68738000	387
68739000	388
68740000	389
68741000	390
68742000	391
68743000	392
68744000	393
68745000	394
68746000	395
68747000	396
68748000	397
68749000	398
68750000	399
68751000	400
68752000	401
68753000	402
68754000	403
68755000	404
68756000	405
68757000	406
68758000	407
68759000	408
68760000	409
68761000	410
68762000	411
68763000	412
68764000	413
68765000	414
68766000	415
68767000	416
68768000	417
68769000	418
68770000	419
68771000	420
68772000	421
68773000	422
68774000	423
68775000	424
68776000	425
68777000	426
68778000	427
68779000	428
68780000	429
68781000	430
68782000	431
68783000	432
68784000	433
68785000	434
68786000	435
68787000	436
68788000	437
68789000	438
68790000	439
68791000	440
68792000	441
68793000	442
68794000	443
68795000	444
68796000	445
68797000	446
68798000	447
68799000	448
68800000	449
68801000	450
68802000	451
68803000	452
68804000	453
68805000	454
68806000	455
68807000	456
68808000	457
68809000	458
68810000	459
68811000	460
68812000	461
68813000	462
68814000	463
68815000	464
68816000	465
68817000	466
68818000	467
68819000	468
68820000	469
68821000	470
68822000	471
68823000	472
68824000	473
68825000	474
68826000	475
68827000	476
68828000	477
68829000	478
68830000	479
68831000	480
68832000	481
68833000	482
68834000	483
68835000	484
68836000	485
68837000	486
68838000	487
68839000	488
68840000	489
68841000	490
68842000	491
68843000	492
68844000	493
68845000	494
68846000	495
68847000	496
68848000	497
68849000	498
68850000	499
68851000	500
68852000	501
68853000	502
68854000	503
68855000	504
68856000	505
68857000	506
68858000	507
68859000	508
68860000	509
