123340000	0
123345000	1
123350000	2
123355000	3
123360000	4
123365000	5
123370000	6
123375000	7
123380000	8
123385000	9
123390000	10
123395000	11
123400000	12
123405000	13
123410000	14
123415000	15
123420000	16
123425000	17
123430000	18
123435000	19
123440000	20
123445000	21
123450000	22
123455000	23
123460000	24
123465000	25
123470000	26
123475000	27
123480000	28
123485000	29
123490000	30
123495000	31
123500000	32
123505000	33
123510000	34
123515000	35
123520000	36
123525000	37
123530000	38
123535000	39
123540000	40
123545000	41
123550000	42
123555000	43
123560000	44
123565000	45
123570000	46
123575000	47
123580000	48
123585000	49
123590000	50
123595000	51
123600000	52
123605000	53
123610000	54
123615000	55
123620000	56
123625000	57
123630000	58
