42875000	0
42880000	1
42885000	2
42890000	3
42895000	4
42900000	5
42905000	6
42910000	7
42915000	8
42920000	9
42925000	10
42930000	11
42935000	12
42940000	13
42945000	14
42950000	15
42955000	16
42960000	17
42965000	18
42970000	19
42975000	20
42980000	21
42985000	22
42990000	23
42995000	24
43000000	25
43005000	26
43010000	27
43015000	28
43020000	29
43025000	30
43030000	31
43035000	32
43040000	33
43045000	34
43050000	35
43055000	36
43060000	37
43065000	38
43070000	39
43075000	40
43080000	41
43085000	42
43090000	43
43095000	44
43100000	45
43105000	46
43110000	47
43115000	48
43120000	49
43125000	50
43130000	51
43135000	52
43140000	53
43145000	54
43150000	55
43155000	56
43160000	57
43165000	58
43170000	59
43175000	60
43180000	61
43185000	62
43190000	63
43195000	64
43200000	65
43205000	66
43210000	67
43215000	68
43220000	69
43225000	70
43230000	71
43235000	72
43240000	73
43245000	74
43250000	75
43255000	76
43260000	77
43265000	78
43270000	79
43275000	80
43280000	81
43285000	82
43290000	83
43295000	84
43300000	85
43305000	86
43310000	87
43315000	88
43320000	89
43325000	90
43330000	91
43335000	92
43340000	93
43345000	94
43350000	95
43355000	96
43360000	97
43365000	98
43370000	99
43375000	100
43380000	101
43385000	102
43390000	103
43395000	104
43400000	105
43405000	106
43410000	107
43415000	108
43420000	109
43425000	110
43430000	111
43435000	112
43440000	113
43445000	114
43450000	115
43455000	116
43460000	117
43465000	118
43470000	119
43475000	120
43480000	121
43485000	122
43490000	123
43495000	124
43500000	125
43505000	126
43510000	127
43515000	128
43520000	129
43525000	130
43530000	131
43535000	132
43540000	133
43545000	134
43550000	135
43555000	136
43560000	137
43565000	138
43570000	139
43575000	140
43580000	141
43585000	142
43590000	143
43595000	144
43600000	145
43605000	146
43610000	147
43615000	148
43620000	149
43625000	150
43630000	151
43635000	152
43640000	153
43645000	154
43650000	155
43655000	156
43660000	157
43665000	158
43670000	159
43675000	160
43680000	161
43685000	162
43690000	163
43695000	164
43700000	165
43705000	166
43710000	167
43715000	168
43720000	169
43725000	170
43730000	171
43735000	172
43740000	173
43745000	174
43750000	175
43755000	176
43760000	177
43765000	178
43770000	179
43775000	180
43780000	181
43785000	182
43790000	183
43795000	184
43800000	185
43805000	186
43810000	187
43815000	188
43820000	189
43825000	190
43830000	191
43835000	192
43840000	193
43845000	194
43850000	195
43855000	196
43860000	197
43870000	198
43875000	199
43880000	200
