83450000	0
83455000	1
83460000	2
83465000	3
83470000	4
83475000	5
83480000	6
83485000	7
83490000	8
83495000	9
83500000	10
83505000	11
83510000	12
83515000	13
83520000	14
83525000	15
83530000	16
83535000	17
83540000	18
83545000	19
83550000	20
83555000	21
83560000	22
83565000	23
83570000	24
83575000	25
83580000	26
83585000	27
83590000	28
83595000	29
83600000	30
83605000	31
83610000	32
83615000	33
83620000	34
83625000	35
83630000	36
83635000	37
83640000	38
83645000	39
83650000	40
83655000	41
83660000	42
83665000	43
83670000	44
83675000	45
83680000	46
83685000	47
83690000	48
83695000	49
83700000	50
83705000	51
83710000	52
83715000	53
83720000	54
83725000	55
83730000	56
83735000	57
83740000	58
83745000	59
83750000	60
83755000	61
83760000	62
83765000	63
83770000	64
83775000	65
83780000	66
83785000	67
83790000	68
83795000	69
83800000	70
83805000	71
83810000	72
83815000	73
83820000	74
83825000	75
83830000	76
83835000	77
83840000	78
83845000	79
83850000	80
83855000	81
83860000	82
83865000	83
83870000	84
83875000	85
83880000	86
83885000	87
83890000	88
83895000	89
83900000	90
83905000	91
83910000	92
83915000	93
83920000	94
83925000	95
83930000	96
83935000	97
83940000	98
83945000	99
83950000	100
83955000	101
83960000	102
83965000	103
83970000	104
83975000	105
83980000	106
83985000	107
83990000	108
83995000	109
84000000	110
84005000	111
84010000	112
84015000	113
84020000	114
84025000	115
84030000	116
84035000	117
84040000	118
84045000	119
84050000	120
84055000	121
84060000	122
84065000	123
84070000	124
84075000	125
84080000	126
84085000	127
84090000	128
84095000	129
84100000	130
84105000	131
84110000	132
84115000	133
84120000	134
84125000	135
84130000	136
84135000	137
84140000	138
84145000	139
84150000	140
84155000	141
84160000	142
84165000	143
84170000	144
84175000	145
84180000	146
84185000	147
84190000	148
84195000	149
84200000	150
84205000	151
84210000	152
84215000	153
84220000	154
84225000	155
84230000	156
84235000	157
84240000	158
84245000	159
84250000	160
84255000	161
84260000	162
84265000	163
84270000	164
84275000	165
84280000	166
84285000	167
84290000	168
84295000	169
84300000	170
84305000	171
84310000	172
84315000	173
84320000	174
84325000	175
84330000	176
84335000	177
84340000	178
84345000	179
84350000	180
84355000	181
84360000	182
84365000	183
84370000	184
84375000	185
84380000	186
84385000	187
84390000	188
84395000	189
84400000	190
84405000	191
84410000	192
84415000	193
84420000	194
84425000	195
84430000	196
84435000	197
84440000	198
84445000	199
84450000	200
84455000	201
84460000	202
84465000	203
84470000	204
84475000	205
84480000	206
84485000	207
84490000	208
84495000	209
84500000	210
84505000	211
84510000	212
84515000	213
84520000	214
84525000	215
84530000	216
84535000	217
84540000	218
84545000	219
84550000	220
84555000	221
84560000	222
84565000	223
84570000	224
84575000	225
84580000	226
84585000	227
84590000	228
84595000	229
84600000	230
84605000	231
84610000	232
84615000	233
84620000	234
84625000	235
84630000	236
84635000	237
84640000	238
84645000	239
84650000	240
84655000	241
84660000	242
84665000	243
84670000	244
84675000	245
84680000	246
84685000	247
84690000	248
84695000	249
84700000	250
84705000	251
84710000	252
84715000	253
84720000	254
84725000	255
84730000	256
84735000	257
84740000	258
84745000	259
84750000	260
84755000	261
84760000	262
84765000	263
84770000	264
84775000	265
84780000	266
84785000	267
84790000	268
84795000	269
84800000	270
84805000	271
84810000	272
84815000	273
84820000	274
84825000	275
84830000	276
84835000	277
84840000	278
84845000	279
84850000	280
84855000	281
84860000	282
84865000	283
84870000	284
84875000	285
84880000	286
84885000	287
84890000	288
84895000	289
84900000	290
84905000	291
84910000	292
84915000	293
84920000	294
84925000	295
84930000	296
84935000	297
84940000	298
84945000	299
84950000	300
84955000	301
84960000	302
84965000	303
84970000	304
84975000	305
84980000	306
84985000	307
84990000	308
84995000	309
85000000	310
85005000	311
85010000	312
85015000	313
85020000	314
85025000	315
85030000	316
85035000	317
85040000	318
85045000	319
85050000	320
85055000	321
85060000	322
85065000	323
85070000	324
85075000	325
85080000	326
85085000	327
85090000	328
85095000	329
85100000	330
85105000	331
85110000	332
85115000	333
85120000	334
85125000	335
85130000	336
85135000	337
85140000	338
85145000	339
85150000	340
85155000	341
85160000	342
85165000	343
85170000	344
85175000	345
85180000	346
85185000	347
85190000	348
85195000	349
85200000	350
85205000	351
85210000	352
85215000	353
85220000	354
85225000	355
85230000	356
85235000	357
85240000	358
85245000	359
85250000	360
85255000	361
85260000	362
85265000	363
85270000	364
85275000	365
85280000	366
85285000	367
85290000	368
85295000	369
85300000	370
85305000	371
85310000	372
85315000	373
85320000	374
85325000	375
85330000	376
85335000	377
85340000	378
85345000	379
85350000	380
85355000	381
85360000	382
85365000	383
85370000	384
85375000	385
85380000	386
85385000	387
85390000	388
85395000	389
85400000	390
85405000	391
85410000	392
85415000	393
85420000	394
85425000	395
85430000	396
85435000	397
85440000	398
85445000	399
