123120000	0
123125000	1
123130000	2
123135000	3
123140000	4
123145000	5
123150000	6
123155000	7
123160000	8
123165000	9
123170000	10
123175000	11
123180000	12
123185000	13
123190000	14
123195000	15
123200000	16
123205000	17
123210000	18
123215000	19
123220000	20
123225000	21
123230000	22
123235000	23
123240000	24
123245000	25
123250000	26
123255000	27
123260000	28
123265000	29
123270000	30
123275000	31
123280000	32
123285000	33
123290000	34
123295000	35
123300000	36
123305000	37
123310000	38
123315000	39
123320000	40
123325000	41
123330000	42
123335000	43
123340000	44
123345000	45
123350000	46
123355000	47
123360000	48
123365000	49
123370000	50
123375000	51
123380000	52
123385000	53
123390000	54
123395000	55
123400000	56
123405000	57
123410000	58
123415000	59
123420000	60
123425000	61
123430000	62
123435000	63
123440000	64
123445000	65
123450000	66
123455000	67
123460000	68
123465000	69
123470000	70
123475000	71
