4955000	0
4960000	1
4965000	2
4970000	3
4975000	4
4980000	5
4985000	6
4990000	7
4995000	8
5000000	9
5005000	10
5010000	11
5015000	12
5020000	13
5025000	14
5030000	15
5035000	16
5040000	17
5045000	18
5050000	19
5055000	20
5060000	21
5065000	22
5070000	23
5075000	24
5080000	25
5085000	26
5090000	27
5095000	28
5100000	29
5105000	30
5110000	31
5115000	32
5120000	33
5125000	34
5130000	35
5135000	36
5140000	37
5145000	38
5150000	39
5155000	40
5160000	41
5165000	42
5170000	43
5175000	44
5180000	45
5185000	46
5190000	47
5195000	48
5200000	49
5205000	50
5210000	51
5215000	52
5220000	53
5225000	54
5230000	55
5235000	56
5240000	57
5245000	58
5250000	59
5255000	60
5260000	61
5265000	62
5270000	63
5275000	64
5280000	65
5285000	66
5290000	67
5295000	68
5300000	69
5305000	70
5310000	71
5315000	72
5320000	73
5325000	74
5330000	75
5335000	76
5340000	77
5345000	78
5350000	79
5355000	80
5360000	81
5365000	82
5370000	83
5375000	84
5380000	85
5385000	86
5390000	87
5400000	88
5405000	89
5410000	90
5415000	91
5420000	92
5425000	93
5430000	94
5435000	95
5440000	96
5445000	97
5450000	98
5455000	99
5460000	100
5465000	101
5470000	102
5475000	103
5480000	104
5485000	105
5490000	106
5495000	107
5500000	108
5505000	109
5510000	110
5515000	111
5520000	112
5525000	113
5530000	114
5535000	115
5540000	116
5545000	117
5550000	118
5555000	119
5560000	120
5565000	121
5570000	122
5575000	123
5580000	124
5585000	125
5590000	126
5595000	127
5600000	128
5605000	129
5610000	130
5615000	131
5620000	132
5625000	133
5630000	134
5635000	135
5640000	136
5645000	137
5650000	138
5655000	139
5660000	140
5665000	141
5670000	142
5675000	143
5680000	144
5685000	145
5690000	146
5695000	147
5700000	148
5705000	149
5710000	150
5715000	151
5720000	152
5725000	153
5730000	154
5735000	155
5740000	156
5745000	157
5750000	158
5755000	159
5760000	160
5765000	161
5770000	162
5775000	163
5780000	164
5785000	165
5790000	166
5795000	167
5800000	168
5805000	169
5810000	170
5815000	171
5820000	172
5825000	173
5830000	174
5835000	175
5840000	176
5845000	177
5850000	178
5855000	179
5860000	180
5865000	181
5870000	182
5875000	183
5880000	184
5885000	185
5890000	186
5895000	187
5900000	188
5905000	189
5910000	190
5915000	191
5920000	192
5925000	193
5930000	194
5935000	195
5940000	196
5945000	197
5950000	198
5955000	199
5960000	200
5965000	201
5970000	202
5975000	203
5980000	204
5985000	205
5990000	206
5995000	207
6000000	208
6005000	209
6010000	210
6015000	211
6020000	212
6025000	213
6030000	214
6035000	215
