107355000	0
107360000	1
107365000	2
107370000	3
107375000	4
107380000	5
107385000	6
107390000	7
107395000	8
107400000	9
107405000	10
107410000	11
107415000	12
107420000	13
107425000	14
107430000	15
107435000	16
107440000	17
107445000	18
107450000	19
107455000	20
107460000	21
107465000	22
107470000	23
107475000	24
107480000	25
107485000	26
107490000	27
107495000	28
107500000	29
107505000	30
107510000	31
107515000	32
107520000	33
107525000	34
107530000	35
107535000	36
107540000	37
107545000	38
107550000	39
107555000	40
107560000	41
107565000	42
107570000	43
107575000	44
107580000	45
107585000	46
107590000	47
107595000	48
107600000	49
107605000	50
107610000	51
107615000	52
107620000	53
107625000	54
107630000	55
107635000	56
107640000	57
107645000	58
107650000	59
107655000	60
107660000	61
107665000	62
107670000	63
107675000	64
107680000	65
107685000	66
107690000	67
107695000	68
107700000	69
107705000	70
107710000	71
107715000	72
107720000	73
107725000	74
107730000	75
107735000	76
107740000	77
107745000	78
107750000	79
107755000	80
107760000	81
107765000	82
107770000	83
107775000	84
107780000	85
107785000	86
107790000	87
107795000	88
107800000	89
107805000	90
107810000	91
107815000	92
107820000	93
107825000	94
107830000	95
107835000	96
107840000	97
107845000	98
107850000	99
107855000	100
107860000	101
107865000	102
107870000	103
107875000	104
107880000	105
107885000	106
107890000	107
107895000	108
107900000	109
107905000	110
107910000	111
107915000	112
107920000	113
107925000	114
107930000	115
107935000	116
107940000	117
107945000	118
107950000	119
107955000	120
107960000	121
107965000	122
107970000	123
107975000	124
107980000	125
107985000	126
107990000	127
107995000	128
108000000	129
108005000	130
108010000	131
108015000	132
108020000	133
