69990000	0
69995000	1
70000000	2
70005000	3
70010000	4
70015000	5
70020000	6
70025000	7
70030000	8
70035000	9
70040000	10
70045000	11
70050000	12
70055000	13
70060000	14
70065000	15
70070000	16
70075000	17
70080000	18
70085000	19
70090000	20
70095000	21
70100000	22
70105000	23
70110000	24
70115000	25
70120000	26
70125000	27
70130000	28
70135000	29
70140000	30
70145000	31
70150000	32
70155000	33
70160000	34
70165000	35
70170000	36
70175000	37
70180000	38
70185000	39
70190000	40
70195000	41
70200000	42
70205000	43
70210000	44
70215000	45
70220000	46
70225000	47
70230000	48
70235000	49
70240000	50
70245000	51
