32321000	0
32322000	1
32323000	2
32324000	3
32325000	4
32326000	5
32327000	6
32328000	7
32329000	8
32330000	9
32331000	10
32332000	11
32333000	12
32334000	13
32335000	14
32336000	15
32337000	16
32338000	17
32339000	18
32340000	19
32341000	20
32342000	21
32343000	22
32344000	23
32345000	24
32346000	25
32347000	26
32348000	27
32349000	28
32350000	29
32351000	30
32352000	31
32353000	32
32354000	33
32355000	34
32356000	35
32357000	36
32358000	37
32359000	38
32360000	39
32361000	40
32362000	41
32363000	42
32364000	43
32365000	44
32366000	45
32367000	46
32368000	47
32369000	48
32370000	49
32371000	50
32372000	51
32373000	52
32374000	53
32375000	54
32376000	55
32377000	56
32378000	57
32379000	58
32380000	59
32381000	60
32382000	61
32383000	62
32384000	63
32385000	64
32386000	65
32387000	66
32388000	67
32389000	68
32390000	69
32391000	70
32392000	71
32393000	72
32394000	73
32395000	74
32396000	75
32397000	76
32398000	77
32399000	78
32400000	79
32401000	80
32402000	81
32403000	82
32404000	83
32405000	84
32406000	85
32407000	86
32408000	87
32409000	88
32410000	89
32411000	90
32412000	91
32413000	92
32414000	93
32415000	94
32416000	95
32417000	96
32418000	97
32419000	98
32420000	99
32421000	100
32422000	101
32423000	102
32424000	103
32425000	104
32426000	105
32427000	106
32428000	107
32429000	108
32430000	109
32431000	110
32432000	111
32433000	112
32434000	113
32435000	114
32436000	115
32437000	116
32438000	117
32439000	118
32440000	119
32441000	120
32442000	121
32443000	122
32444000	123
32445000	124
32446000	125
32447000	126
32448000	127
32449000	128
32450000	129
32451000	130
32452000	131
32453000	132
32454000	133
32455000	134
32456000	135
32457000	136
32458000	137
32459000	138
32460000	139
32461000	140
32462000	141
32463000	142
32464000	143
32465000	144
32466000	145
32467000	146
32468000	147
32469000	148
32470000	149
32471000	150
32472000	151
32473000	152
32474000	153
32475000	154
32476000	155
32477000	156
32478000	157
32479000	158
32480000	159
32481000	160
32482000	161
32483000	162
32484000	163
32485000	164
32486000	165
32487000	166
32488000	167
32489000	168
32490000	169
32491000	170
32492000	171
32493000	172
32494000	173
32495000	174
32496000	175
32497000	176
32498000	177
32499000	178
32500000	179
32501000	180
32502000	181
32503000	182
32504000	183
32505000	184
32506000	185
32507000	186
32508000	187
32509000	188
32510000	189
32511000	190
32512000	191
32513000	192
32514000	193
32515000	194
32516000	195
32517000	196
32518000	197
32519000	198
32520000	199
32521000	200
32522000	201
32523000	202
32524000	203
32525000	204
32526000	205
32527000	206
32528000	207
32529000	208
32530000	209
32531000	210
32532000	211
32533000	212
32534000	213
32535000	214
32536000	215
32537000	216
32538000	217
32539000	218
32540000	219
32541000	220
32542000	221
32543000	222
32544000	223
32545000	224
32546000	225
32547000	226
32548000	227
32549000	228
32550000	229
32551000	230
32552000	231
32553000	232
32554000	233
32555000	234
32556000	235
32557000	236
32558000	237
32559000	238
32560000	239
32561000	240
32562000	241
32563000	242
32564000	243
32565000	244
32566000	245
32567000	246
32568000	247
32569000	248
32570000	249
32571000	250
32572000	251
32573000	252
32574000	253
32575000	254
32576000	255
32577000	256
32578000	257
32579000	258
32580000	259
32581000	260
32582000	261
32583000	262
32584000	263
32585000	264
32586000	265
32587000	266
32588000	267
32589000	268
32590000	269
32591000	270
32592000	271
32593000	272
32594000	273
32595000	274
32596000	275
32597000	276
32598000	277
32599000	278
32600000	279
32601000	280
32602000	281
32603000	282
32604000	283
32605000	284
32606000	285
32607000	286
32608000	287
32609000	288
32610000	289
32611000	290
32612000	291
32613000	292
32614000	293
32615000	294
32616000	295
32617000	296
32618000	297
32619000	298
32620000	299
32621000	300
32622000	301
32623000	302
32624000	303
32625000	304
32626000	305
32627000	306
32628000	307
32629000	308
32630000	309
32631000	310
32632000	311
32633000	312
32634000	313
32635000	314
32636000	315
32637000	316
32638000	317
32639000	318
32640000	319
32641000	320
32642000	321
32643000	322
32644000	323
32645000	324
32646000	325
32647000	326
32648000	327
32649000	328
32650000	329
32651000	330
32652000	331
32653000	332
32654000	333
32655000	334
32656000	335
32657000	336
32658000	337
32659000	338
32660000	339
32661000	340
32662000	341
32663000	342
32664000	343
32665000	344
32666000	345
32667000	346
32668000	347
32669000	348
32670000	349
32671000	350
32672000	351
32673000	352
32674000	353
32675000	354
32676000	355
32677000	356
32678000	357
32679000	358
32680000	359
32681000	360
32682000	361
32683000	362
32684000	363
32685000	364
32686000	365
32687000	366
32688000	367
32689000	368
32690000	369
32691000	370
32692000	371
32693000	372
32694000	373
32695000	374
32696000	375
32697000	376
32698000	377
32699000	378
32700000	379
32701000	380
32702000	381
32703000	382
32704000	383
32705000	384
32706000	385
32707000	386
32708000	387
32709000	388
32710000	389
32711000	390
32712000	391
32713000	392
32714000	393
32715000	394
32716000	395
32717000	396
32718000	397
32719000	398
32720000	399
32721000	400
32722000	401
32723000	402
32724000	403
32725000	404
32726000	405
32727000	406
32728000	407
32729000	408
32730000	409
32731000	410
32732000	411
32733000	412
32734000	413
32735000	414
32736000	415
32737000	416
32738000	417
32739000	418
32740000	419
32741000	420
32742000	421
32743000	422
32744000	423
32745000	424
32746000	425
32747000	426
32748000	427
32749000	428
32750000	429
32751000	430
32752000	431
32753000	432
32754000	433
32755000	434
32756000	435
32757000	436
32758000	437
32759000	438
32760000	439
32761000	440
32762000	441
32763000	442
32764000	443
32765000	444
32766000	445
32767000	446
32768000	447
32769000	448
32770000	449
32771000	450
32772000	451
32773000	452
32774000	453
32775000	454
32776000	455
32777000	456
32778000	457
32779000	458
32780000	459
32781000	460
32782000	461
32783000	462
32784000	463
32785000	464
32786000	465
32787000	466
32788000	467
32789000	468
32790000	469
32791000	470
32792000	471
32793000	472
32794000	473
32795000	474
32796000	475
32797000	476
32798000	477
32799000	478
32800000	479
32801000	480
32802000	481
32803000	482
32804000	483
32805000	484
32806000	485
32807000	486
32808000	487
32809000	488
32810000	489
32811000	490
32812000	491
32813000	492
32814000	493
32815000	494
32816000	495
32817000	496
32818000	497
32819000	498
32820000	499
