24435000	0
24440000	1
24445000	2
24450000	3
24455000	4
24460000	5
24465000	6
24470000	7
24475000	8
24480000	9
24485000	10
24490000	11
24495000	12
24500000	13
24505000	14
24510000	15
24515000	16
24520000	17
24525000	18
24530000	19
24535000	20
24540000	21
24545000	22
24550000	23
24555000	24
24560000	25
24565000	26
24570000	27
24575000	28
24580000	29
24585000	30
24590000	31
24595000	32
24600000	33
24605000	34
24610000	35
24615000	36
24620000	37
24625000	38
24630000	39
24635000	40
24640000	41
24645000	42
24650000	43
24655000	44
24660000	45
24665000	46
24670000	47
24675000	48
24680000	49
24685000	50
24690000	51
24695000	52
24700000	53
24705000	54
24710000	55
24715000	56
24720000	57
24725000	58
24730000	59
24735000	60
24740000	61
24745000	62
24750000	63
24755000	64
24760000	65
24765000	66
24770000	67
24775000	68
24780000	69
24785000	70
24790000	71
24795000	72
