141565000	0
141570000	1
141575000	2
141580000	3
141585000	4
141590000	5
141595000	6
141600000	7
141605000	8
141610000	9
141615000	10
141620000	11
141625000	12
141630000	13
141635000	14
141640000	15
141645000	16
141650000	17
141655000	18
141660000	19
141665000	20
141670000	21
141675000	22
141680000	23
141685000	24
141690000	25
141695000	26
141700000	27
141705000	28
141710000	29
141715000	30
141720000	31
141725000	32
141730000	33
141735000	34
141740000	35
141745000	36
141750000	37
141755000	38
141760000	39
141765000	40
141770000	41
141775000	42
141780000	43
