119145000	0
119150000	1
119155000	2
119160000	3
119165000	4
119170000	5
119175000	6
119180000	7
119185000	8
119190000	9
119195000	10
119200000	11
119205000	12
119210000	13
119215000	14
119220000	15
119225000	16
119230000	17
119235000	18
119240000	19
119245000	20
119250000	21
119255000	22
119260000	23
119265000	24
119270000	25
119275000	26
119280000	27
119285000	28
119290000	29
119295000	30
119300000	31
119305000	32
119310000	33
119315000	34
119320000	35
119325000	36
119330000	37
119335000	38
119340000	39
119345000	40
119350000	41
119355000	42
119360000	43
119365000	44
119370000	45
119375000	46
119380000	47
119385000	48
119390000	49
119395000	50
119400000	51
119405000	52
119410000	53
119415000	54
119420000	55
119425000	56
119430000	57
