114375000	0
114380000	1
114385000	2
114390000	3
114395000	4
114400000	5
114405000	6
114410000	7
114415000	8
114420000	9
114425000	10
114430000	11
114435000	12
114440000	13
114445000	14
114450000	15
114455000	16
114460000	17
114465000	18
114470000	19
114475000	20
114480000	21
114485000	22
114490000	23
114495000	24
114500000	25
114505000	26
114510000	27
114515000	28
114520000	29
114525000	30
114530000	31
114535000	32
114540000	33
114545000	34
114550000	35
114555000	36
114560000	37
114565000	38
114570000	39
114575000	40
114580000	41
114585000	42
114590000	43
114595000	44
114600000	45
114605000	46
114610000	47
114615000	48
114620000	49
114625000	50
114630000	51
114635000	52
114640000	53
114645000	54
114650000	55
114655000	56
114660000	57
114665000	58
114670000	59
114675000	60
114680000	61
114685000	62
114690000	63
114695000	64
114700000	65
114705000	66
114710000	67
114715000	68
114720000	69
114725000	70
114730000	71
114735000	72
114740000	73
114745000	74
114750000	75
114755000	76
114760000	77
114765000	78
114770000	79
114775000	80
114780000	81
114785000	82
114790000	83
114795000	84
114800000	85
114805000	86
114810000	87
114815000	88
114820000	89
114825000	90
114830000	91
114835000	92
114840000	93
114845000	94
114850000	95
114855000	96
114860000	97
114865000	98
114870000	99
114875000	100
114880000	101
114885000	102
114890000	103
114895000	104
114900000	105
114905000	106
114910000	107
114915000	108
114920000	109
114925000	110
114930000	111
114935000	112
114940000	113
114945000	114
114950000	115
114955000	116
114960000	117
114965000	118
114970000	119
114975000	120
114980000	121
114985000	122
114990000	123
114995000	124
115000000	125
