171325000	0
171330000	1
171335000	2
171340000	3
171345000	4
171350000	5
171355000	6
171360000	7
171365000	8
171370000	9
171375000	10
171380000	11
171385000	12
171390000	13
171395000	14
171400000	15
171405000	16
171410000	17
171415000	18
171420000	19
171425000	20
171430000	21
171435000	22
171440000	23
171445000	24
171450000	25
171455000	26
171460000	27
171465000	28
171470000	29
171475000	30
171480000	31
171485000	32
171490000	33
171495000	34
171500000	35
171505000	36
171510000	37
171515000	38
171520000	39
171525000	40
171530000	41
171535000	42
171540000	43
171545000	44
171550000	45
171555000	46
171560000	47
171565000	48
171570000	49
171575000	50
171580000	51
171585000	52
171590000	53
171595000	54
171600000	55
171605000	56
171610000	57
171615000	58
171620000	59
171625000	60
171630000	61
171635000	62
171640000	63
171645000	64
171650000	65
171655000	66
171660000	67
171665000	68
171670000	69
171675000	70
171680000	71
171685000	72
171690000	73
171695000	74
171700000	75
171705000	76
171710000	77
171715000	78
171720000	79
171725000	80
171730000	81
171735000	82
171740000	83
171745000	84
171750000	85
171755000	86
171760000	87
171765000	88
171770000	89
171775000	90
