73910000	0
73915000	1
73920000	2
73925000	3
73930000	4
73935000	5
73940000	6
73945000	7
73950000	8
73955000	9
73960000	10
73965000	11
73970000	12
73975000	13
73980000	14
73985000	15
73990000	16
73995000	17
74000000	18
74005000	19
74010000	20
74015000	21
74020000	22
74025000	23
74030000	24
74035000	25
74040000	26
74045000	27
74050000	28
74055000	29
74060000	30
74065000	31
74070000	32
74075000	33
74080000	34
74085000	35
74090000	36
74095000	37
74100000	38
74105000	39
74110000	40
74115000	41
74120000	42
74125000	43
74130000	44
74135000	45
74140000	46
74145000	47
74150000	48
74155000	49
74160000	50
74165000	51
74170000	52
74175000	53
74180000	54
74185000	55
74190000	56
74195000	57
74200000	58
74205000	59
74210000	60
74215000	61
74220000	62
74225000	63
74230000	64
74235000	65
74240000	66
74245000	67
74250000	68
74255000	69
74260000	70
74265000	71
74270000	72
74275000	73
74280000	74
74285000	75
74290000	76
74295000	77
74300000	78
74305000	79
74310000	80
74315000	81
74320000	82
74325000	83
74330000	84
74335000	85
74340000	86
74345000	87
74350000	88
74355000	89
74360000	90
74365000	91
74370000	92
74375000	93
74380000	94
74385000	95
74390000	96
74395000	97
74400000	98
74405000	99
74410000	100
74415000	101
74420000	102
74425000	103
74430000	104
74435000	105
74440000	106
74445000	107
74450000	108
74455000	109
74460000	110
74465000	111
74470000	112
74475000	113
74480000	114
74485000	115
74490000	116
74495000	117
74500000	118
74505000	119
74510000	120
74515000	121
74520000	122
74525000	123
