86680000	0
86685000	1
86690000	2
86695000	3
86700000	4
86705000	5
86710000	6
86715000	7
86720000	8
86725000	9
86730000	10
86735000	11
86740000	12
86745000	13
86750000	14
86755000	15
86760000	16
86765000	17
86770000	18
86775000	19
86780000	20
86785000	21
86790000	22
86795000	23
86800000	24
86805000	25
86810000	26
86815000	27
86820000	28
86825000	29
86830000	30
86835000	31
86840000	32
86845000	33
86850000	34
86855000	35
86860000	36
86865000	37
86870000	38
86875000	39
86880000	40
86885000	41
86890000	42
86895000	43
86900000	44
86905000	45
86910000	46
86915000	47
86920000	48
86925000	49
86930000	50
86935000	51
86940000	52
86945000	53
86950000	54
86955000	55
86960000	56
86965000	57
86970000	58
86975000	59
86980000	60
86985000	61
86990000	62
86995000	63
87000000	64
87005000	65
87010000	66
87015000	67
87020000	68
87025000	69
87030000	70
87035000	71
87040000	72
87045000	73
87050000	74
87055000	75
87060000	76
87065000	77
87070000	78
87075000	79
87080000	80
87085000	81
87090000	82
87095000	83
87100000	84
87105000	85
87110000	86
87115000	87
87120000	88
87125000	89
87130000	90
87135000	91
87140000	92
87145000	93
87150000	94
87155000	95
87160000	96
87165000	97
87170000	98
87175000	99
87180000	100
87185000	101
87190000	102
87195000	103
87200000	104
87205000	105
87210000	106
87215000	107
87220000	108
87225000	109
87230000	110
87235000	111
87240000	112
87245000	113
87250000	114
87255000	115
87260000	116
87265000	117
87270000	118
87275000	119
87280000	120
87285000	121
87290000	122
87295000	123
87300000	124
87305000	125
87310000	126
87315000	127
87320000	128
87325000	129
87330000	130
87335000	131
87340000	132
87345000	133
87350000	134
87355000	135
87360000	136
87365000	137
87370000	138
87375000	139
87380000	140
87385000	141
87390000	142
87395000	143
87400000	144
87405000	145
87410000	146
87415000	147
87420000	148
87425000	149
87430000	150
87435000	151
87440000	152
87445000	153
87450000	154
87455000	155
87460000	156
87465000	157
87470000	158
87475000	159
87480000	160
87485000	161
87490000	162
87495000	163
87500000	164
87505000	165
87510000	166
87515000	167
87520000	168
87525000	169
87530000	170
87535000	171
87540000	172
87545000	173
87550000	174
87555000	175
87560000	176
87565000	177
87570000	178
87575000	179
87580000	180
87585000	181
87590000	182
87595000	183
87600000	184
87605000	185
87610000	186
87615000	187
87620000	188
87625000	189
87630000	190
87635000	191
87640000	192
87645000	193
87650000	194
87655000	195
87660000	196
87665000	197
87670000	198
87675000	199
87680000	200
87685000	201
87690000	202
87695000	203
87700000	204
87705000	205
87710000	206
87715000	207
87720000	208
87725000	209
87730000	210
87735000	211
87740000	212
87745000	213
87750000	214
87755000	215
87760000	216
87765000	217
87770000	218
87775000	219
87780000	220
87785000	221
87790000	222
87795000	223
87800000	224
87805000	225
87810000	226
87815000	227
87820000	228
87825000	229
87830000	230
