182970000	0
182975000	1
182980000	2
182985000	3
182990000	4
182995000	5
183000000	6
183005000	7
183010000	8
183015000	9
183020000	10
183025000	11
183030000	12
183035000	13
183040000	14
183045000	15
183050000	16
183055000	17
183060000	18
183065000	19
183070000	20
183075000	21
183080000	22
183085000	23
183090000	24
183095000	25
183100000	26
183105000	27
183110000	28
183115000	29
183120000	30
183125000	31
183130000	32
183135000	33
183140000	34
183145000	35
183150000	36
183155000	37
183160000	38
183165000	39
183170000	40
183175000	41
183180000	42
183185000	43
183190000	44
183195000	45
183200000	46
183205000	47
183210000	48
183215000	49
183220000	50
183225000	51
183230000	52
183235000	53
183240000	54
183245000	55
183250000	56
183255000	57
183260000	58
183265000	59
183270000	60
183275000	61
183280000	62
183285000	63
183290000	64
183295000	65
183300000	66
183305000	67
183310000	68
183315000	69
183320000	70
183325000	71
183330000	72
183335000	73
183340000	74
183345000	75
183350000	76
183355000	77
183360000	78
183365000	79
183370000	80
183375000	81
183380000	82
183385000	83
183390000	84
183395000	85
183400000	86
183405000	87
183410000	88
183415000	89
183420000	90
183425000	91
183430000	92
183435000	93
183440000	94
183445000	95
183450000	96
183455000	97
183460000	98
183465000	99
183470000	100
183475000	101
183480000	102
183485000	103
183490000	104
183495000	105
183500000	106
183505000	107
183510000	108
183515000	109
183520000	110
183525000	111
183530000	112
183535000	113
183540000	114
183545000	115
183550000	116
183555000	117
183560000	118
183565000	119
183570000	120
183575000	121
183580000	122
183585000	123
183590000	124
183595000	125
183600000	126
183605000	127
183610000	128
183615000	129
183620000	130
183625000	131
183630000	132
183635000	133
183640000	134
183645000	135
183650000	136
183655000	137
183660000	138
183665000	139
183670000	140
183675000	141
183680000	142
183685000	143
183690000	144
183695000	145
183700000	146
183705000	147
183710000	148
183715000	149
183720000	150
183725000	151
183730000	152
183735000	153
183740000	154
183745000	155
183750000	156
183755000	157
183760000	158
183765000	159
183770000	160
183775000	161
183780000	162
183785000	163
183790000	164
183795000	165
183800000	166
183805000	167
183810000	168
183815000	169
183820000	170
183825000	171
183830000	172
183835000	173
183840000	174
183845000	175
