151195000	0
151200000	1
151205000	2
151210000	3
151215000	4
151220000	5
151225000	6
151230000	7
151235000	8
151240000	9
151245000	10
151250000	11
151255000	12
151260000	13
151265000	14
151270000	15
151275000	16
151280000	17
151285000	18
151290000	19
151295000	20
151300000	21
151305000	22
151310000	23
151315000	24
151320000	25
151325000	26
151330000	27
151335000	28
151340000	29
151345000	30
151350000	31
151355000	32
151360000	33
151365000	34
151370000	35
151375000	36
151380000	37
151385000	38
151390000	39
151395000	40
151400000	41
151405000	42
151410000	43
151415000	44
151420000	45
151425000	46
151430000	47
151435000	48
151440000	49
151445000	50
151450000	51
151455000	52
151460000	53
151465000	54
151470000	55
151475000	56
151480000	57
151485000	58
151490000	59
151495000	60
151500000	61
151505000	62
151510000	63
151515000	64
151520000	65
151525000	66
151530000	67
151535000	68
151540000	69
151545000	70
151550000	71
151555000	72
151560000	73
151565000	74
151570000	75
151575000	76
151580000	77
151585000	78
151590000	79
151595000	80
151600000	81
151605000	82
151610000	83
151615000	84
151620000	85
151625000	86
151630000	87
151635000	88
151640000	89
151645000	90
151650000	91
151655000	92
151660000	93
151665000	94
151670000	95
151675000	96
151680000	97
151685000	98
151690000	99
151695000	100
151700000	101
151705000	102
151710000	103
151715000	104
151720000	105
151725000	106
151730000	107
151735000	108
151740000	109
151745000	110
151750000	111
151755000	112
151760000	113
151765000	114
151770000	115
151775000	116
151780000	117
151785000	118
151790000	119
151795000	120
151800000	121
151805000	122
151810000	123
151815000	124
151820000	125
151825000	126
151830000	127
151835000	128
151840000	129
151845000	130
151850000	131
151855000	132
151860000	133
151865000	134
151870000	135
151875000	136
151880000	137
151885000	138
151890000	139
151895000	140
151900000	141
151905000	142
151910000	143
151915000	144
151920000	145
151925000	146
151930000	147
151935000	148
151940000	149
151945000	150
151950000	151
151955000	152
151960000	153
151965000	154
151970000	155
151975000	156
151980000	157
151985000	158
151990000	159
151995000	160
152000000	161
152005000	162
152010000	163
152015000	164
152020000	165
152025000	166
152030000	167
152035000	168
152040000	169
152045000	170
152050000	171
152055000	172
152060000	173
152065000	174
152070000	175
152075000	176
152080000	177
152085000	178
152090000	179
152095000	180
152100000	181
152105000	182
152110000	183
152115000	184
152120000	185
152125000	186
152130000	187
152135000	188
152140000	189
152145000	190
152150000	191
152155000	192
152160000	193
152165000	194
152170000	195
152175000	196
152180000	197
152185000	198
152190000	199
152195000	200
152200000	201
152205000	202
152210000	203
152215000	204
152220000	205
152225000	206
152230000	207
152235000	208
152240000	209
152245000	210
152250000	211
152255000	212
152260000	213
152265000	214
152270000	215
152275000	216
152280000	217
152285000	218
152290000	219
152295000	220
152300000	221
152305000	222
152310000	223
152315000	224
152320000	225
152325000	226
152330000	227
152335000	228
152340000	229
152345000	230
152350000	231
152355000	232
152360000	233
152365000	234
152370000	235
152375000	236
152380000	237
152385000	238
152390000	239
152395000	240
152400000	241
152405000	242
152410000	243
152415000	244
152420000	245
152425000	246
152430000	247
152435000	248
152440000	249
152445000	250
152450000	251
152455000	252
152460000	253
152465000	254
152470000	255
152475000	256
152480000	257
152485000	258
152490000	259
152495000	260
152500000	261
152505000	262
152510000	263
152515000	264
152520000	265
152525000	266
152530000	267
152535000	268
152540000	269
152545000	270
152550000	271
152555000	272
152560000	273
152565000	274
152570000	275
152575000	276
