111940000	0
111945000	1
111950000	2
111955000	3
111960000	4
111965000	5
111970000	6
111975000	7
111980000	8
111985000	9
111990000	10
111995000	11
112000000	12
112005000	13
112010000	14
112015000	15
112020000	16
112025000	17
112030000	18
112035000	19
112040000	20
112045000	21
112050000	22
112055000	23
112060000	24
112065000	25
112070000	26
112075000	27
112080000	28
112085000	29
112090000	30
112095000	31
112100000	32
112105000	33
112110000	34
112115000	35
112120000	36
112125000	37
112130000	38
112135000	39
112140000	40
112145000	41
112150000	42
112155000	43
112160000	44
112165000	45
112170000	46
112175000	47
112180000	48
112185000	49
112190000	50
112195000	51
112200000	52
112205000	53
112210000	54
112215000	55
112220000	56
112225000	57
112230000	58
112235000	59
112240000	60
112245000	61
112250000	62
112255000	63
112260000	64
112265000	65
112270000	66
112275000	67
112280000	68
112285000	69
112290000	70
112295000	71
112300000	72
112305000	73
112310000	74
112315000	75
112320000	76
112325000	77
112330000	78
112335000	79
112340000	80
112345000	81
112350000	82
112355000	83
112360000	84
112365000	85
112370000	86
112375000	87
112380000	88
112385000	89
112390000	90
112395000	91
112400000	92
112405000	93
112410000	94
112415000	95
112420000	96
112425000	97
112430000	98
112435000	99
112440000	100
112445000	101
112450000	102
112455000	103
112460000	104
112465000	105
112470000	106
112475000	107
112480000	108
112485000	109
112490000	110
112495000	111
112500000	112
112505000	113
112510000	114
112515000	115
112520000	116
112525000	117
112530000	118
112535000	119
112540000	120
112545000	121
112550000	122
112555000	123
112560000	124
112565000	125
112570000	126
112575000	127
112580000	128
112585000	129
112590000	130
112595000	131
112600000	132
112605000	133
112610000	134
112615000	135
112620000	136
112625000	137
112630000	138
112635000	139
112640000	140
112645000	141
112650000	142
112655000	143
112660000	144
112665000	145
112670000	146
112675000	147
112680000	148
112685000	149
112690000	150
112695000	151
112700000	152
112705000	153
112710000	154
112715000	155
112720000	156
112725000	157
112730000	158
112735000	159
112740000	160
112745000	161
112750000	162
112755000	163
112760000	164
112765000	165
112770000	166
112775000	167
112780000	168
112785000	169
112790000	170
112795000	171
112800000	172
112805000	173
112810000	174
112815000	175
112820000	176
112825000	177
112830000	178
112835000	179
112840000	180
112845000	181
112850000	182
112855000	183
112860000	184
112865000	185
112870000	186
112875000	187
112880000	188
112885000	189
112890000	190
112895000	191
112900000	192
112905000	193
112910000	194
112915000	195
112920000	196
112925000	197
112930000	198
112935000	199
112940000	200
112945000	201
112950000	202
112955000	203
112960000	204
112965000	205
112970000	206
112975000	207
112980000	208
112985000	209
