173905000	0
173910000	1
173915000	2
173920000	3
173925000	4
173930000	5
173935000	6
173940000	7
173945000	8
173950000	9
173955000	10
173960000	11
173965000	12
173970000	13
173975000	14
173980000	15
173985000	16
173990000	17
173995000	18
174000000	19
174005000	20
174010000	21
174015000	22
174020000	23
174025000	24
174030000	25
174035000	26
174040000	27
174045000	28
174050000	29
174055000	30
174060000	31
174065000	32
174070000	33
174075000	34
174080000	35
174085000	36
174090000	37
174095000	38
174100000	39
174105000	40
174110000	41
174115000	42
174120000	43
174125000	44
174130000	45
174135000	46
174140000	47
174145000	48
174150000	49
174155000	50
174160000	51
174165000	52
174170000	53
174175000	54
174180000	55
174185000	56
174190000	57
174195000	58
174200000	59
174205000	60
174210000	61
174215000	62
174220000	63
174225000	64
174230000	65
174235000	66
174240000	67
174245000	68
174250000	69
174255000	70
174260000	71
174265000	72
174270000	73
174275000	74
174280000	75
174285000	76
174290000	77
174295000	78
174300000	79
174305000	80
174310000	81
174315000	82
174320000	83
174325000	84
174330000	85
174335000	86
174340000	87
174345000	88
174350000	89
174355000	90
174360000	91
174365000	92
174370000	93
174375000	94
174380000	95
174385000	96
174390000	97
174395000	98
174400000	99
174405000	100
174410000	101
174415000	102
174420000	103
174425000	104
174430000	105
174435000	106
174440000	107
174445000	108
174450000	109
174455000	110
174460000	111
174465000	112
174470000	113
174475000	114
174480000	115
174485000	116
174490000	117
174495000	118
174500000	119
174505000	120
174510000	121
174515000	122
174520000	123
174525000	124
174530000	125
174535000	126
174540000	127
174545000	128
174550000	129
174555000	130
174560000	131
174565000	132
174570000	133
174575000	134
174580000	135
174585000	136
174590000	137
174595000	138
174600000	139
174605000	140
174610000	141
174615000	142
174620000	143
174625000	144
174630000	145
174635000	146
174640000	147
174645000	148
174650000	149
174655000	150
174660000	151
174665000	152
174670000	153
174675000	154
174680000	155
174685000	156
174690000	157
174695000	158
174700000	159
174705000	160
174710000	161
174715000	162
174720000	163
174725000	164
174730000	165
174735000	166
174740000	167
174745000	168
174750000	169
174755000	170
174760000	171
174765000	172
174770000	173
174775000	174
174780000	175
174785000	176
174790000	177
174795000	178
174800000	179
174805000	180
174810000	181
174815000	182
174820000	183
174825000	184
174830000	185
174835000	186
174840000	187
174845000	188
174850000	189
174855000	190
174860000	191
174865000	192
174870000	193
174875000	194
174880000	195
174885000	196
174890000	197
174895000	198
174900000	199
174905000	200
174910000	201
174915000	202
174920000	203
174925000	204
174930000	205
174935000	206
174940000	207
174945000	208
174950000	209
174955000	210
174960000	211
174965000	212
174970000	213
174975000	214
174980000	215
174985000	216
174990000	217
174995000	218
175000000	219
175005000	220
175010000	221
175015000	222
175020000	223
175025000	224
