167050000	0
167055000	1
167060000	2
167065000	3
167070000	4
167075000	5
167080000	6
167085000	7
167090000	8
167095000	9
167100000	10
167105000	11
167110000	12
167115000	13
167120000	14
167125000	15
167130000	16
167135000	17
167140000	18
167145000	19
167150000	20
167155000	21
167160000	22
167165000	23
167170000	24
167175000	25
167180000	26
167185000	27
167190000	28
167195000	29
167200000	30
167205000	31
167210000	32
167215000	33
167220000	34
167225000	35
167230000	36
167235000	37
167240000	38
167245000	39
167250000	40
167255000	41
167260000	42
167265000	43
167270000	44
167275000	45
167280000	46
167285000	47
167290000	48
167295000	49
167300000	50
167305000	51
167310000	52
167315000	53
167320000	54
167325000	55
167330000	56
167335000	57
167340000	58
167345000	59
167350000	60
167355000	61
167360000	62
167365000	63
167370000	64
167375000	65
167380000	66
167385000	67
167390000	68
167395000	69
167400000	70
167405000	71
167410000	72
167415000	73
167420000	74
167425000	75
167430000	76
167435000	77
167440000	78
167445000	79
167450000	80
167455000	81
167460000	82
167465000	83
167470000	84
167475000	85
167480000	86
167485000	87
167490000	88
167495000	89
167500000	90
167505000	91
167510000	92
167515000	93
167520000	94
167525000	95
167530000	96
167535000	97
167540000	98
167545000	99
167550000	100
167555000	101
167560000	102
167565000	103
167570000	104
167575000	105
167580000	106
167585000	107
167590000	108
167595000	109
167600000	110
167605000	111
167610000	112
167615000	113
167620000	114
167625000	115
167630000	116
167635000	117
167640000	118
167645000	119
167650000	120
167655000	121
167660000	122
167665000	123
167670000	124
167675000	125
167680000	126
167685000	127
167690000	128
167695000	129
167700000	130
167705000	131
167710000	132
167715000	133
167720000	134
167725000	135
167730000	136
167735000	137
167740000	138
167745000	139
167750000	140
167755000	141
167760000	142
167765000	143
167770000	144
167775000	145
167780000	146
167785000	147
167790000	148
167795000	149
167800000	150
167805000	151
167810000	152
167815000	153
167820000	154
167825000	155
167830000	156
167835000	157
167840000	158
167845000	159
167850000	160
167855000	161
167860000	162
167865000	163
167870000	164
167875000	165
167880000	166
167885000	167
167890000	168
167895000	169
167900000	170
167905000	171
167910000	172
167915000	173
