48000000	0
48005000	1
48010000	2
48015000	3
48020000	4
48025000	5
48030000	6
48035000	7
48040000	8
48045000	9
48050000	10
48060000	11
48065000	12
48070000	13
48075000	14
48080000	15
48085000	16
48090000	17
48095000	18
48100000	19
48105000	20
48110000	21
48115000	22
48120000	23
48125000	24
48130000	25
48135000	26
48140000	27
48145000	28
48150000	29
48155000	30
48160000	31
48165000	32
48170000	33
48175000	34
48180000	35
48185000	36
48190000	37
48195000	38
48200000	39
48205000	40
48210000	41
48215000	42
48220000	43
48225000	44
48230000	45
48235000	46
48240000	47
48245000	48
48250000	49
48255000	50
48260000	51
48265000	52
48270000	53
48275000	54
