152585000	0
152590000	1
152595000	2
152600000	3
152605000	4
152610000	5
152615000	6
152620000	7
152625000	8
152630000	9
152635000	10
152640000	11
152645000	12
152650000	13
152655000	14
152660000	15
152665000	16
152670000	17
152675000	18
152680000	19
152685000	20
152690000	21
152695000	22
152700000	23
152705000	24
152710000	25
152715000	26
152720000	27
152725000	28
152730000	29
152735000	30
152740000	31
152745000	32
152750000	33
152755000	34
152760000	35
152765000	36
152770000	37
152775000	38
152780000	39
152785000	40
152790000	41
152795000	42
152800000	43
152805000	44
152810000	45
152815000	46
152820000	47
152825000	48
152830000	49
152835000	50
152840000	51
152845000	52
152850000	53
152855000	54
152860000	55
152865000	56
152870000	57
152875000	58
152880000	59
152885000	60
152890000	61
152895000	62
152900000	63
152905000	64
152910000	65
152915000	66
152920000	67
152925000	68
152930000	69
152935000	70
152940000	71
152945000	72
152950000	73
152955000	74
152960000	75
152965000	76
152970000	77
152975000	78
152980000	79
152985000	80
152990000	81
152995000	82
153000000	83
153005000	84
153010000	85
153015000	86
153020000	87
153025000	88
153030000	89
153035000	90
153040000	91
153045000	92
153050000	93
153055000	94
153060000	95
153065000	96
153070000	97
153075000	98
153080000	99
153085000	100
153090000	101
153095000	102
153100000	103
153105000	104
153110000	105
153115000	106
153120000	107
153125000	108
153130000	109
153135000	110
153140000	111
153145000	112
153150000	113
153155000	114
153160000	115
153165000	116
153170000	117
153175000	118
153180000	119
153185000	120
153190000	121
153195000	122
153200000	123
153205000	124
153210000	125
153215000	126
153220000	127
153225000	128
153230000	129
153235000	130
153240000	131
153245000	132
153250000	133
153255000	134
153260000	135
153265000	136
153270000	137
153275000	138
153280000	139
153285000	140
153290000	141
153295000	142
153300000	143
153305000	144
153310000	145
153315000	146
153320000	147
153325000	148
153330000	149
153335000	150
153340000	151
153345000	152
153350000	153
153355000	154
153360000	155
153365000	156
153370000	157
153375000	158
153380000	159
153385000	160
153390000	161
153395000	162
153400000	163
153405000	164
153410000	165
153415000	166
153420000	167
153425000	168
153430000	169
153435000	170
153440000	171
153445000	172
153450000	173
153455000	174
153460000	175
153465000	176
153470000	177
153475000	178
153480000	179
153485000	180
153490000	181
153495000	182
153500000	183
153505000	184
153510000	185
153515000	186
153520000	187
153525000	188
153530000	189
153535000	190
153540000	191
153545000	192
153550000	193
153555000	194
153560000	195
153565000	196
153570000	197
153575000	198
153580000	199
153585000	200
153590000	201
153595000	202
153600000	203
153605000	204
153610000	205
153615000	206
153620000	207
153625000	208
153630000	209
153635000	210
153640000	211
153645000	212
153650000	213
153655000	214
153660000	215
153665000	216
153670000	217
153675000	218
153680000	219
153685000	220
153690000	221
153695000	222
153700000	223
153705000	224
153710000	225
153715000	226
153720000	227
153725000	228
153730000	229
