60060000	0
60065000	1
60070000	2
60075000	3
60080000	4
60085000	5
60090000	6
60095000	7
60100000	8
60105000	9
60110000	10
60115000	11
60120000	12
60125000	13
60130000	14
60135000	15
60140000	16
60145000	17
60150000	18
60155000	19
60160000	20
60165000	21
60170000	22
60175000	23
60180000	24
60185000	25
60190000	26
60195000	27
60200000	28
60205000	29
60210000	30
60215000	31
60220000	32
60225000	33
60230000	34
60235000	35
60240000	36
60245000	37
60250000	38
60255000	39
60260000	40
60265000	41
60270000	42
60275000	43
60280000	44
60285000	45
60290000	46
60295000	47
60300000	48
60305000	49
60310000	50
60315000	51
60320000	52
60325000	53
60330000	54
60335000	55
60340000	56
60345000	57
60350000	58
60355000	59
60360000	60
60365000	61
60370000	62
60375000	63
60380000	64
60385000	65
60390000	66
60395000	67
60400000	68
60405000	69
60410000	70
60415000	71
60420000	72
60425000	73
60430000	74
60435000	75
60440000	76
60445000	77
60450000	78
60455000	79
60460000	80
60465000	81
60470000	82
60475000	83
60480000	84
60485000	85
60490000	86
60495000	87
60500000	88
60505000	89
60510000	90
60515000	91
60520000	92
60525000	93
60530000	94
60535000	95
60540000	96
60545000	97
60550000	98
60555000	99
60560000	100
60565000	101
60570000	102
60575000	103
60580000	104
60585000	105
60590000	106
60595000	107
60600000	108
60605000	109
60610000	110
60615000	111
60620000	112
60625000	113
60630000	114
60635000	115
60640000	116
60645000	117
60650000	118
60655000	119
60660000	120
60665000	121
60670000	122
60675000	123
60680000	124
60685000	125
60690000	126
60695000	127
60700000	128
60705000	129
60710000	130
60715000	131
60720000	132
60725000	133
60730000	134
60735000	135
60740000	136
60745000	137
60750000	138
60755000	139
60760000	140
60765000	141
60770000	142
60775000	143
60780000	144
60785000	145
60790000	146
60795000	147
60800000	148
60805000	149
60810000	150
60815000	151
60820000	152
60825000	153
60830000	154
60835000	155
60840000	156
60845000	157
60850000	158
60855000	159
60860000	160
60865000	161
60870000	162
60875000	163
60880000	164
60885000	165
60890000	166
60895000	167
60900000	168
60905000	169
60910000	170
60915000	171
60920000	172
60925000	173
60930000	174
60935000	175
60940000	176
60945000	177
60950000	178
60955000	179
60960000	180
60965000	181
60970000	182
60975000	183
60980000	184
60985000	185
60990000	186
60995000	187
61000000	188
61005000	189
61010000	190
61015000	191
61020000	192
61025000	193
61030000	194
61035000	195
61040000	196
61045000	197
61050000	198
61055000	199
61060000	200
61065000	201
61070000	202
61075000	203
61080000	204
61085000	205
61090000	206
61095000	207
61100000	208
61105000	209
61110000	210
61115000	211
61120000	212
61125000	213
61130000	214
61135000	215
61140000	216
61145000	217
61150000	218
61155000	219
61160000	220
61165000	221
61170000	222
61175000	223
61180000	224
61185000	225
61190000	226
61195000	227
61200000	228
61205000	229
61210000	230
61215000	231
61220000	232
61225000	233
61230000	234
61235000	235
61240000	236
61245000	237
61250000	238
61255000	239
61260000	240
61265000	241
61270000	242
61275000	243
61280000	244
61285000	245
61290000	246
61295000	247
61300000	248
61305000	249
61310000	250
61315000	251
61320000	252
61325000	253
61330000	254
61335000	255
61340000	256
61345000	257
61350000	258
61355000	259
61360000	260
61365000	261
61370000	262
61375000	263
61380000	264
61385000	265
61390000	266
61395000	267
61400000	268
61405000	269
61410000	270
61415000	271
61420000	272
61425000	273
61430000	274
61435000	275
61440000	276
61445000	277
61450000	278
61455000	279
61460000	280
61465000	281
61470000	282
61475000	283
61480000	284
61485000	285
61490000	286
61495000	287
61500000	288
61505000	289
61510000	290
61515000	291
61520000	292
61525000	293
61530000	294
61535000	295
61540000	296
61545000	297
61550000	298
61555000	299
61560000	300
61565000	301
61570000	302
61575000	303
61580000	304
61585000	305
61590000	306
61595000	307
61600000	308
61605000	309
61610000	310
61615000	311
61620000	312
61625000	313
61630000	314
61635000	315
61640000	316
61645000	317
61650000	318
61655000	319
61660000	320
61665000	321
61670000	322
61675000	323
61680000	324
61685000	325
61690000	326
61695000	327
61700000	328
61705000	329
61710000	330
61715000	331
61720000	332
61725000	333
61730000	334
61735000	335
61740000	336
61745000	337
61750000	338
61755000	339
61760000	340
61765000	341
61770000	342
61775000	343
61780000	344
61785000	345
61790000	346
61795000	347
61800000	348
61805000	349
61810000	350
61815000	351
61820000	352
61825000	353
61830000	354
61835000	355
61840000	356
61845000	357
61850000	358
61855000	359
61860000	360
61865000	361
61870000	362
61875000	363
61880000	364
61885000	365
61890000	366
61895000	367
61900000	368
61905000	369
61910000	370
61915000	371
61920000	372
61925000	373
61930000	374
61935000	375
61940000	376
61945000	377
61950000	378
61955000	379
61960000	380
61965000	381
61970000	382
61975000	383
61980000	384
61985000	385
61990000	386
61995000	387
62000000	388
62005000	389
62010000	390
62015000	391
62020000	392
62025000	393
62030000	394
62035000	395
62040000	396
62045000	397
62050000	398
62055000	399
62060000	400
62065000	401
62070000	402
62075000	403
62080000	404
62085000	405
62090000	406
62095000	407
62100000	408
62105000	409
62110000	410
62115000	411
62120000	412
62125000	413
62130000	414
62135000	415
62140000	416
62145000	417
62150000	418
62155000	419
62160000	420
62165000	421
62170000	422
62175000	423
62180000	424
62185000	425
62190000	426
62195000	427
62200000	428
62205000	429
62210000	430
62215000	431
62220000	432
62225000	433
62230000	434
62235000	435
62240000	436
62245000	437
62250000	438
62255000	439
62260000	440
62265000	441
62270000	442
62275000	443
62280000	444
62285000	445
62290000	446
62295000	447
62300000	448
62305000	449
62310000	450
62315000	451
62320000	452
62325000	453
62330000	454
62335000	455
62340000	456
62345000	457
62350000	458
62355000	459
62360000	460
62365000	461
62370000	462
62375000	463
62380000	464
62385000	465
62390000	466
62395000	467
62400000	468
62405000	469
62410000	470
62415000	471
62420000	472
62425000	473
62430000	474
62435000	475
62440000	476
62445000	477
62450000	478
62455000	479
62460000	480
62465000	481
62470000	482
62475000	483
62480000	484
62485000	485
62490000	486
62495000	487
62500000	488
62505000	489
62510000	490
62515000	491
62520000	492
62525000	493
62530000	494
62535000	495
62540000	496
62545000	497
62550000	498
62555000	499
62560000	500
62565000	501
62570000	502
62575000	503
62580000	504
62585000	505
62590000	506
62595000	507
62600000	508
62605000	509
62610000	510
62615000	511
62620000	512
62625000	513
62630000	514
62635000	515
62640000	516
62645000	517
62650000	518
62655000	519
62660000	520
62665000	521
62670000	522
62675000	523
62680000	524
62685000	525
62690000	526
62695000	527
62700000	528
62705000	529
62710000	530
62715000	531
62720000	532
62725000	533
62730000	534
62735000	535
62740000	536
62745000	537
62750000	538
62755000	539
62760000	540
62765000	541
62770000	542
62775000	543
62780000	544
62785000	545
62790000	546
62795000	547
62800000	548
62805000	549
62810000	550
62815000	551
62820000	552
62825000	553
62830000	554
62835000	555
62840000	556
62845000	557
62850000	558
62855000	559
62860000	560
62865000	561
62870000	562
62875000	563
62880000	564
62885000	565
62890000	566
62895000	567
62900000	568
62905000	569
62910000	570
62915000	571
62920000	572
62925000	573
62930000	574
62935000	575
62940000	576
62945000	577
62950000	578
62955000	579
62960000	580
62965000	581
62970000	582
62975000	583
62980000	584
62985000	585
62990000	586
62995000	587
63000000	588
63005000	589
63010000	590
63015000	591
63020000	592
63025000	593
63030000	594
63035000	595
63040000	596
63045000	597
63050000	598
63055000	599
63060000	600
63065000	601
63070000	602
63075000	603
63080000	604
63085000	605
63090000	606
63095000	607
63100000	608
63105000	609
63110000	610
63115000	611
63120000	612
63125000	613
63130000	614
63135000	615
63140000	616
63145000	617
63150000	618
63155000	619
63160000	620
63165000	621
63170000	622
63175000	623
63180000	624
63185000	625
63190000	626
63195000	627
63200000	628
63205000	629
63210000	630
63215000	631
63220000	632
63225000	633
63230000	634
63235000	635
63240000	636
63245000	637
63250000	638
63255000	639
63260000	640
63265000	641
63270000	642
63275000	643
63280000	644
63285000	645
63290000	646
63295000	647
63300000	648
63305000	649
63310000	650
63315000	651
63320000	652
63325000	653
63330000	654
63335000	655
63340000	656
63345000	657
63350000	658
63355000	659
63360000	660
63365000	661
63370000	662
63375000	663
63380000	664
63385000	665
63390000	666
63395000	667
63400000	668
63405000	669
63410000	670
63415000	671
63420000	672
63425000	673
63430000	674
63435000	675
63440000	676
63445000	677
63450000	678
63455000	679
63460000	680
63465000	681
63470000	682
63475000	683
63480000	684
63485000	685
63490000	686
63495000	687
63500000	688
63505000	689
63510000	690
63515000	691
63520000	692
63525000	693
63530000	694
63535000	695
63540000	696
63545000	697
63550000	698
63555000	699
63560000	700
63565000	701
63570000	702
63575000	703
63580000	704
63585000	705
63590000	706
63595000	707
63600000	708
63605000	709
63610000	710
63615000	711
63620000	712
63625000	713
63630000	714
63635000	715
63640000	716
63645000	717
63650000	718
63655000	719
63660000	720
63665000	721
63670000	722
63675000	723
63680000	724
63685000	725
63690000	726
63695000	727
63700000	728
63705000	729
63710000	730
63715000	731
63720000	732
63725000	733
63730000	734
63735000	735
63740000	736
63745000	737
63750000	738
63755000	739
63760000	740
63765000	741
63770000	742
63775000	743
63780000	744
63785000	745
63790000	746
63795000	747
63800000	748
63805000	749
63810000	750
63815000	751
63820000	752
63825000	753
63830000	754
63835000	755
63840000	756
63845000	757
63850000	758
63855000	759
63860000	760
63865000	761
63870000	762
63875000	763
63880000	764
63885000	765
63890000	766
63895000	767
63900000	768
63905000	769
63910000	770
63915000	771
63920000	772
63925000	773
63930000	774
63935000	775
63940000	776
63945000	777
63950000	778
63955000	779
63960000	780
63965000	781
63970000	782
63975000	783
63980000	784
63985000	785
63990000	786
63995000	787
64000000	788
64005000	789
64010000	790
64015000	791
64020000	792
64025000	793
64030000	794
64035000	795
64040000	796
64045000	797
64050000	798
64055000	799
64060000	800
64065000	801
64070000	802
64075000	803
64080000	804
64085000	805
64090000	806
64095000	807
64100000	808
64105000	809
64110000	810
64115000	811
64120000	812
64125000	813
64130000	814
64135000	815
64140000	816
64145000	817
64150000	818
64155000	819
64160000	820
64165000	821
64170000	822
64175000	823
64180000	824
64185000	825
64190000	826
64195000	827
64200000	828
64205000	829
64210000	830
64215000	831
64220000	832
64225000	833
64230000	834
64235000	835
64240000	836
64245000	837
64250000	838
64255000	839
64260000	840
64265000	841
64270000	842
64275000	843
64280000	844
64285000	845
64290000	846
64295000	847
64300000	848
64305000	849
64310000	850
64315000	851
64320000	852
64325000	853
64330000	854
64335000	855
64340000	856
64345000	857
64350000	858
64355000	859
64360000	860
64365000	861
64370000	862
64375000	863
64380000	864
64385000	865
64390000	866
64395000	867
64400000	868
64405000	869
64410000	870
64415000	871
64420000	872
64425000	873
64430000	874
64435000	875
64440000	876
64445000	877
64450000	878
64455000	879
64460000	880
64465000	881
64470000	882
64475000	883
64480000	884
64485000	885
64490000	886
64495000	887
64500000	888
64505000	889
64510000	890
64515000	891
64520000	892
64525000	893
64530000	894
64535000	895
64540000	896
64545000	897
64550000	898
64555000	899
64560000	900
64565000	901
64570000	902
64575000	903
64580000	904
64585000	905
64590000	906
64595000	907
64600000	908
64605000	909
64610000	910
64615000	911
64620000	912
64625000	913
64630000	914
64635000	915
64640000	916
64645000	917
64650000	918
64655000	919
64660000	920
64665000	921
64670000	922
64675000	923
64680000	924
64685000	925
64690000	926
64695000	927
64700000	928
64705000	929
64710000	930
64715000	931
64720000	932
64725000	933
64730000	934
64735000	935
64740000	936
64745000	937
64750000	938
64755000	939
64760000	940
64765000	941
64770000	942
64775000	943
64780000	944
64785000	945
64790000	946
64795000	947
64800000	948
64805000	949
64810000	950
64815000	951
64820000	952
64825000	953
64830000	954
64835000	955
64840000	956
64845000	957
64850000	958
64855000	959
64860000	960
64865000	961
64870000	962
64875000	963
64880000	964
64885000	965
64890000	966
64895000	967
64900000	968
64905000	969
64910000	970
64915000	971
64920000	972
64925000	973
64930000	974
64935000	975
64940000	976
64945000	977
64950000	978
64955000	979
64960000	980
64965000	981
64970000	982
64975000	983
64980000	984
64985000	985
64990000	986
64995000	987
