123505000	0
123510000	1
123515000	2
123520000	3
123525000	4
123530000	5
123535000	6
123540000	7
123545000	8
123550000	9
123555000	10
123560000	11
123565000	12
123570000	13
123575000	14
123580000	15
123585000	16
123590000	17
123595000	18
123600000	19
123605000	20
123610000	21
123615000	22
123620000	23
123625000	24
123630000	25
123635000	26
123640000	27
123645000	28
123650000	29
123655000	30
123660000	31
123665000	32
123670000	33
123675000	34
123680000	35
123685000	36
123690000	37
123695000	38
123700000	39
123705000	40
123710000	41
123715000	42
123720000	43
123725000	44
123730000	45
123735000	46
123740000	47
123745000	48
123750000	49
123755000	50
123760000	51
123765000	52
123770000	53
123775000	54
123780000	55
123785000	56
123790000	57
123795000	58
123800000	59
123805000	60
123810000	61
123815000	62
123820000	63
123825000	64
123830000	65
123835000	66
123840000	67
