37425000	0
37430000	1
37435000	2
37440000	3
37445000	4
37450000	5
37455000	6
37460000	7
37465000	8
37470000	9
37475000	10
37480000	11
37485000	12
37490000	13
37495000	14
37500000	15
37505000	16
37510000	17
37515000	18
37520000	19
37525000	20
37530000	21
37535000	22
37540000	23
37545000	24
37550000	25
37555000	26
37560000	27
37565000	28
37570000	29
37575000	30
37580000	31
37585000	32
37590000	33
37595000	34
37600000	35
37605000	36
37610000	37
37615000	38
37620000	39
37625000	40
37630000	41
37635000	42
37640000	43
37645000	44
37650000	45
37655000	46
37660000	47
37665000	48
37670000	49
37675000	50
37680000	51
37685000	52
37690000	53
37695000	54
37700000	55
37705000	56
37710000	57
37715000	58
37720000	59
37725000	60
37730000	61
37735000	62
37740000	63
37745000	64
37750000	65
37755000	66
37760000	67
37765000	68
37770000	69
37775000	70
37780000	71
37785000	72
37790000	73
37795000	74
37800000	75
37805000	76
37810000	77
37815000	78
37820000	79
37825000	80
37830000	81
37835000	82
37840000	83
37845000	84
37850000	85
37855000	86
37860000	87
37865000	88
37870000	89
37875000	90
37880000	91
37885000	92
37890000	93
37895000	94
37900000	95
37905000	96
37910000	97
37915000	98
37920000	99
37925000	100
37930000	101
37935000	102
37940000	103
37945000	104
37950000	105
37955000	106
37960000	107
37965000	108
37970000	109
37975000	110
37980000	111
37985000	112
37990000	113
37995000	114
38000000	115
38005000	116
38010000	117
38015000	118
38020000	119
38025000	120
38030000	121
38035000	122
38040000	123
38045000	124
