240875000	0
240880000	1
240885000	2
240890000	3
240895000	4
240900000	5
240905000	6
240910000	7
240915000	8
240920000	9
240925000	10
240930000	11
240935000	12
240940000	13
240945000	14
240950000	15
240955000	16
240960000	17
240965000	18
240970000	19
240975000	20
240980000	21
240985000	22
240990000	23
240995000	24
241000000	25
241005000	26
241010000	27
241015000	28
241020000	29
241025000	30
241030000	31
241035000	32
241040000	33
241045000	34
241050000	35
241055000	36
241060000	37
241065000	38
241070000	39
241075000	40
241080000	41
241085000	42
241090000	43
241095000	44
241100000	45
241105000	46
241110000	47
241115000	48
241120000	49
241125000	50
