9595000	0
9600000	1
9605000	2
9610000	3
9615000	4
9620000	5
9625000	6
9630000	7
9635000	8
9640000	9
9645000	10
9650000	11
9655000	12
9660000	13
9665000	14
9670000	15
9675000	16
9680000	17
9685000	18
9690000	19
9695000	20
9700000	21
9705000	22
9710000	23
9715000	24
9720000	25
9725000	26
9730000	27
9735000	28
9740000	29
9745000	30
9750000	31
9755000	32
9760000	33
9765000	34
9770000	35
9775000	36
9780000	37
9785000	38
9790000	39
9795000	40
9800000	41
9805000	42
9810000	43
9815000	44
9820000	45
9825000	46
9830000	47
9835000	48
9840000	49
9845000	50
9850000	51
9855000	52
9860000	53
9865000	54
9870000	55
9875000	56
9880000	57
9885000	58
9890000	59
9895000	60
9900000	61
9905000	62
9910000	63
9915000	64
9920000	65
9925000	66
9930000	67
9935000	68
9940000	69
9945000	70
9950000	71
9955000	72
9960000	73
9965000	74
9970000	75
9975000	76
9980000	77
9985000	78
9990000	79
9995000	80
10000000	81
10005000	82
10010000	83
10015000	84
10020000	85
10025000	86
10030000	87
10035000	88
10040000	89
10045000	90
10050000	91
10055000	92
10060000	93
10065000	94
10070000	95
10075000	96
10080000	97
10085000	98
10090000	99
10095000	100
10100000	101
10105000	102
10110000	103
10115000	104
10120000	105
10125000	106
10130000	107
10135000	108
10140000	109
10145000	110
10150000	111
10155000	112
10160000	113
10165000	114
10170000	115
10175000	116
10180000	117
10185000	118
10190000	119
10195000	120
10200000	121
10205000	122
10210000	123
10215000	124
10220000	125
10225000	126
10230000	127
10235000	128
10240000	129
10245000	130
10250000	131
10255000	132
10260000	133
10265000	134
10270000	135
10275000	136
10280000	137
10285000	138
10290000	139
10295000	140
10300000	141
10305000	142
10310000	143
10315000	144
10320000	145
10325000	146
10330000	147
10335000	148
10340000	149
10345000	150
10350000	151
10355000	152
10360000	153
10365000	154
10370000	155
10375000	156
10380000	157
10385000	158
10390000	159
10395000	160
10400000	161
10405000	162
10410000	163
10415000	164
10420000	165
10425000	166
10430000	167
10435000	168
10440000	169
10445000	170
10450000	171
10455000	172
10460000	173
10465000	174
10470000	175
10475000	176
10480000	177
10485000	178
10490000	179
10495000	180
10500000	181
10505000	182
10510000	183
10515000	184
10520000	185
10525000	186
10530000	187
10535000	188
10540000	189
10545000	190
10550000	191
10555000	192
10560000	193
10565000	194
10570000	195
10575000	196
10580000	197
10585000	198
10590000	199
10595000	200
10600000	201
10605000	202
10610000	203
10615000	204
10620000	205
10625000	206
10630000	207
10635000	208
10640000	209
10645000	210
10650000	211
10655000	212
10660000	213
10665000	214
10670000	215
10675000	216
10680000	217
10685000	218
10690000	219
10695000	220
10700000	221
10705000	222
10710000	223
10715000	224
10720000	225
10725000	226
10730000	227
10735000	228
10740000	229
10745000	230
10750000	231
10755000	232
10760000	233
10765000	234
10770000	235
10775000	236
10780000	237
10785000	238
10790000	239
10795000	240
10800000	241
10805000	242
10810000	243
10815000	244
