178640000	0
178645000	1
178650000	2
178655000	3
178660000	4
178665000	5
178670000	6
178675000	7
178680000	8
178685000	9
178690000	10
178695000	11
178700000	12
178705000	13
178710000	14
178715000	15
178720000	16
178725000	17
178730000	18
178735000	19
178740000	20
178745000	21
178750000	22
178755000	23
178760000	24
178765000	25
178770000	26
178775000	27
178780000	28
178785000	29
178790000	30
178795000	31
178800000	32
178805000	33
178810000	34
178815000	35
178820000	36
178825000	37
178830000	38
178835000	39
178840000	40
178845000	41
178850000	42
178855000	43
178860000	44
178865000	45
178870000	46
178875000	47
178880000	48
178885000	49
178890000	50
178895000	51
178900000	52
178905000	53
178910000	54
178915000	55
178920000	56
178925000	57
178930000	58
178935000	59
178940000	60
178945000	61
178950000	62
178955000	63
178960000	64
178965000	65
178970000	66
178975000	67
178980000	68
178985000	69
178990000	70
178995000	71
179000000	72
179005000	73
179010000	74
179015000	75
179020000	76
179025000	77
179030000	78
179035000	79
179040000	80
179045000	81
179050000	82
179055000	83
179060000	84
179065000	85
179070000	86
179075000	87
179080000	88
179085000	89
179090000	90
179095000	91
179100000	92
179105000	93
179110000	94
179115000	95
179120000	96
179125000	97
179130000	98
179135000	99
179140000	100
179145000	101
179150000	102
179155000	103
179160000	104
179165000	105
179170000	106
179175000	107
179180000	108
179185000	109
179190000	110
179195000	111
179200000	112
179205000	113
179210000	114
179215000	115
179220000	116
179225000	117
179230000	118
179235000	119
179240000	120
179245000	121
179250000	122
179255000	123
179260000	124
179265000	125
179270000	126
179275000	127
179280000	128
179285000	129
179290000	130
179295000	131
179300000	132
179305000	133
179310000	134
