49605000	0
49610000	1
49615000	2
49620000	3
49625000	4
49630000	5
49635000	6
49640000	7
49645000	8
49650000	9
49655000	10
49660000	11
49665000	12
49670000	13
49675000	14
49680000	15
49685000	16
49690000	17
49695000	18
49700000	19
49705000	20
49710000	21
49715000	22
49720000	23
49725000	24
49730000	25
49735000	26
49740000	27
49745000	28
49750000	29
49755000	30
49760000	31
49765000	32
49770000	33
49775000	34
49780000	35
49785000	36
49790000	37
49795000	38
49800000	39
49805000	40
49810000	41
49815000	42
49820000	43
49825000	44
49830000	45
49835000	46
49840000	47
49845000	48
49850000	49
49855000	50
49860000	51
49865000	52
49870000	53
49875000	54
49880000	55
49885000	56
49890000	57
49895000	58
49900000	59
49905000	60
49910000	61
49915000	62
49920000	63
49925000	64
49930000	65
49935000	66
49940000	67
49945000	68
49950000	69
49955000	70
49960000	71
49965000	72
49970000	73
49975000	74
