45000000	0
45005000	1
45010000	2
45015000	3
45020000	4
45025000	5
45030000	6
45035000	7
45040000	8
45045000	9
45050000	10
45055000	11
45060000	12
45065000	13
45070000	14
45075000	15
45080000	16
45085000	17
45090000	18
45095000	19
45100000	20
45105000	21
45110000	22
45115000	23
45120000	24
45125000	25
45130000	26
45135000	27
45140000	28
45145000	29
45150000	30
45155000	31
45160000	32
45165000	33
45170000	34
45175000	35
45180000	36
45185000	37
45190000	38
45195000	39
45200000	40
45205000	41
45210000	42
45215000	43
45220000	44
45225000	45
45230000	46
45235000	47
45240000	48
45245000	49
45250000	50
45255000	51
45260000	52
45265000	53
45270000	54
45275000	55
45280000	56
45285000	57
45290000	58
45295000	59
45300000	60
45305000	61
45310000	62
45315000	63
45320000	64
45325000	65
45330000	66
45335000	67
45340000	68
45345000	69
45350000	70
45355000	71
45360000	72
45365000	73
45370000	74
45375000	75
45380000	76
45385000	77
45390000	78
45395000	79
45400000	80
45405000	81
45410000	82
45415000	83
45420000	84
45425000	85
45430000	86
45435000	87
45440000	88
45445000	89
45450000	90
45455000	91
45460000	92
45465000	93
45470000	94
45475000	95
45480000	96
45485000	97
45490000	98
45495000	99
45500000	100
45505000	101
45510000	102
45515000	103
45520000	104
45525000	105
45530000	106
