5505000	0
5506000	1
5507000	2
5508000	3
5509000	4
5510000	5
5511000	6
5512000	7
5513000	8
5514000	9
5515000	10
5516000	11
5517000	12
5518000	13
5519000	14
5520000	15
5521000	16
5522000	17
5523000	18
5524000	19
5525000	20
5526000	21
5527000	22
5528000	23
5529000	24
5530000	25
5531000	26
5532000	27
5533000	28
5534000	29
5535000	30
5536000	31
5537000	32
5538000	33
5539000	34
5540000	35
5541000	36
5542000	37
5543000	38
5544000	39
5545000	40
5546000	41
5547000	42
5548000	43
5549000	44
5550000	45
5551000	46
5552000	47
5553000	48
5554000	49
5555000	50
5556000	51
5557000	52
5558000	53
5559000	54
5560000	55
5561000	56
5562000	57
5563000	58
5564000	59
5565000	60
5566000	61
5567000	62
5568000	63
5569000	64
5570000	65
5571000	66
5572000	67
5573000	68
5574000	69
5575000	70
5576000	71
5577000	72
5578000	73
5579000	74
5580000	75
5581000	76
5582000	77
5583000	78
5584000	79
5585000	80
5586000	81
5587000	82
5588000	83
5589000	84
5590000	85
5591000	86
5592000	87
5593000	88
5594000	89
5595000	90
5596000	91
5597000	92
5598000	93
5599000	94
5600000	95
5601000	96
5602000	97
5603000	98
5604000	99
5605000	100
5606000	101
5607000	102
5608000	103
5609000	104
5610000	105
5611000	106
5612000	107
5613000	108
5614000	109
5615000	110
5616000	111
5617000	112
5618000	113
5619000	114
5620000	115
5621000	116
5622000	117
5623000	118
5624000	119
5625000	120
5626000	121
5627000	122
5628000	123
5629000	124
5630000	125
5631000	126
5632000	127
5633000	128
5634000	129
5635000	130
5636000	131
5637000	132
5638000	133
5639000	134
5640000	135
5641000	136
5642000	137
5643000	138
5644000	139
5645000	140
5646000	141
5647000	142
5648000	143
5649000	144
5650000	145
5651000	146
5652000	147
5653000	148
5654000	149
5655000	150
5656000	151
5657000	152
5658000	153
5659000	154
5660000	155
5661000	156
5662000	157
5663000	158
5664000	159
5665000	160
5666000	161
5667000	162
5668000	163
5669000	164
5670000	165
5671000	166
5672000	167
5673000	168
5674000	169
5675000	170
5676000	171
5677000	172
5678000	173
5679000	174
5680000	175
5681000	176
5682000	177
5683000	178
5684000	179
5685000	180
5686000	181
5687000	182
5688000	183
5689000	184
5690000	185
5691000	186
5692000	187
5693000	188
5694000	189
5695000	190
5696000	191
5697000	192
5698000	193
5699000	194
5700000	195
5701000	196
5702000	197
5703000	198
5704000	199
5705000	200
5706000	201
5707000	202
5708000	203
5709000	204
5710000	205
5711000	206
5712000	207
5713000	208
5714000	209
5715000	210
5716000	211
5717000	212
5718000	213
5719000	214
5720000	215
5721000	216
5722000	217
5723000	218
5724000	219
5725000	220
5726000	221
5727000	222
5728000	223
5729000	224
5730000	225
5731000	226
5732000	227
5733000	228
5734000	229
5735000	230
5736000	231
5737000	232
5738000	233
5739000	234
5740000	235
5741000	236
5742000	237
5743000	238
5744000	239
5745000	240
5746000	241
5747000	242
5748000	243
5749000	244
5750000	245
5751000	246
5752000	247
5753000	248
5754000	249
5755000	250
5756000	251
5757000	252
5758000	253
5759000	254
5760000	255
5761000	256
5762000	257
5763000	258
5764000	259
5765000	260
5766000	261
5767000	262
5768000	263
5769000	264
5770000	265
5771000	266
5772000	267
5773000	268
5774000	269
5775000	270
5776000	271
5777000	272
5778000	273
5779000	274
5780000	275
5781000	276
5782000	277
5783000	278
5784000	279
5785000	280
5786000	281
5787000	282
5788000	283
5789000	284
5791000	285
5792000	286
5793000	287
5794000	288
5795000	289
5796000	290
5797000	291
5798000	292
5799000	293
5800000	294
5801000	295
5802000	296
5803000	297
5804000	298
5805000	299
5806000	300
5807000	301
5808000	302
5809000	303
5810000	304
5811000	305
5812000	306
5813000	307
5814000	308
5815000	309
5816000	310
5817000	311
5818000	312
5819000	313
5820000	314
5821000	315
5822000	316
5823000	317
5824000	318
5825000	319
5826000	320
5827000	321
5828000	322
5829000	323
5830000	324
5831000	325
5832000	326
5833000	327
5834000	328
5835000	329
5836000	330
5837000	331
5838000	332
5839000	333
5840000	334
5841000	335
5842000	336
5843000	337
5844000	338
5845000	339
5846000	340
5847000	341
5848000	342
5849000	343
5850000	344
5851000	345
5852000	346
5853000	347
5854000	348
5855000	349
