158190000	0
158191000	1
158192000	2
158193000	3
158194000	4
158195000	5
158196000	6
158197000	7
158198000	8
158199000	9
158200000	10
158201000	11
158202000	12
158203000	13
158204000	14
158205000	15
158206000	16
158207000	17
158208000	18
158209000	19
158210000	20
158211000	21
158212000	22
158213000	23
158214000	24
158215000	25
158216000	26
158217000	27
158218000	28
158219000	29
158220000	30
158221000	31
158222000	32
158223000	33
158224000	34
158225000	35
158226000	36
158227000	37
158228000	38
158229000	39
158230000	40
158231000	41
158232000	42
158233000	43
158234000	44
158235000	45
158236000	46
158237000	47
158238000	48
158239000	49
158240000	50
158241000	51
158242000	52
158243000	53
158244000	54
158245000	55
158246000	56
158247000	57
158248000	58
158249000	59
158250000	60
158251000	61
158252000	62
158253000	63
158254000	64
158255000	65
158256000	66
158257000	67
158258000	68
158259000	69
158260000	70
158261000	71
158262000	72
158263000	73
158264000	74
158265000	75
158266000	76
158267000	77
158268000	78
158269000	79
158270000	80
158271000	81
158272000	82
158273000	83
158274000	84
158275000	85
158276000	86
158277000	87
158278000	88
158279000	89
158280000	90
158281000	91
158282000	92
158283000	93
158284000	94
158285000	95
158286000	96
158287000	97
158288000	98
158289000	99
158290000	100
158291000	101
158292000	102
158293000	103
158294000	104
158295000	105
158296000	106
158297000	107
158298000	108
158299000	109
158300000	110
158301000	111
158302000	112
158303000	113
158304000	114
158305000	115
158306000	116
158307000	117
158308000	118
158309000	119
158310000	120
158311000	121
158312000	122
158313000	123
158314000	124
158315000	125
158316000	126
158317000	127
158318000	128
158319000	129
158320000	130
158321000	131
158322000	132
158323000	133
158324000	134
158325000	135
158326000	136
158327000	137
158328000	138
158329000	139
158330000	140
158331000	141
158332000	142
158333000	143
158334000	144
158335000	145
158336000	146
158337000	147
158338000	148
158339000	149
158340000	150
