22880000	0
22885000	1
22890000	2
22895000	3
22900000	4
22905000	5
22910000	6
22915000	7
22920000	8
22925000	9
22930000	10
22935000	11
22940000	12
22945000	13
22950000	14
22955000	15
22960000	16
22965000	17
22970000	18
22975000	19
22980000	20
22985000	21
22990000	22
22995000	23
23000000	24
23005000	25
23010000	26
23015000	27
23020000	28
23025000	29
23030000	30
23035000	31
23040000	32
23045000	33
23050000	34
23055000	35
23060000	36
23065000	37
23070000	38
23075000	39
23080000	40
23085000	41
23090000	42
23095000	43
23100000	44
23105000	45
23110000	46
23115000	47
23120000	48
23125000	49
23130000	50
23135000	51
23140000	52
23145000	53
23150000	54
23155000	55
23160000	56
23165000	57
23170000	58
23175000	59
23180000	60
23185000	61
23190000	62
23195000	63
23200000	64
23205000	65
23210000	66
23215000	67
23220000	68
23225000	69
23230000	70
23235000	71
23240000	72
23245000	73
23250000	74
23255000	75
23260000	76
23265000	77
23270000	78
23275000	79
23280000	80
23285000	81
23290000	82
23295000	83
23300000	84
23305000	85
23310000	86
23315000	87
23320000	88
23325000	89
23330000	90
23335000	91
23340000	92
23345000	93
23350000	94
23355000	95
23360000	96
23365000	97
