4675000	0
4680000	1
4685000	2
4690000	3
4695000	4
4700000	5
4705000	6
4710000	7
4715000	8
4720000	9
4725000	10
4730000	11
4735000	12
4740000	13
4745000	14
4750000	15
4755000	16
4760000	17
4765000	18
4770000	19
4775000	20
4780000	21
4785000	22
4790000	23
4795000	24
4800000	25
4805000	26
4810000	27
4815000	28
4820000	29
4825000	30
4830000	31
4835000	32
4840000	33
4845000	34
4850000	35
4855000	36
4860000	37
4865000	38
4870000	39
4875000	40
4880000	41
4885000	42
4890000	43
4895000	44
4900000	45
4905000	46
4910000	47
4915000	48
4920000	49
4925000	50
4930000	51
4935000	52
4940000	53
4945000	54
4950000	55
4955000	56
4960000	57
4965000	58
4970000	59
4975000	60
4980000	61
4985000	62
4990000	63
4995000	64
5000000	65
5005000	66
5010000	67
5015000	68
5020000	69
5025000	70
5030000	71
5035000	72
5040000	73
5045000	74
5050000	75
5055000	76
5060000	77
5065000	78
5070000	79
5075000	80
5080000	81
5085000	82
5090000	83
5095000	84
5100000	85
5105000	86
5110000	87
5115000	88
5120000	89
5125000	90
5130000	91
5135000	92
5140000	93
5145000	94
5150000	95
5155000	96
5160000	97
5165000	98
5170000	99
5175000	100
5180000	101
5185000	102
5190000	103
5195000	104
5200000	105
5205000	106
5210000	107
5215000	108
5220000	109
5225000	110
