9235000	0
9240000	1
9245000	2
9250000	3
9255000	4
9260000	5
9265000	6
9270000	7
9275000	8
9280000	9
9285000	10
9290000	11
9295000	12
9300000	13
9305000	14
9310000	15
9315000	16
9320000	17
9325000	18
9330000	19
9335000	20
9340000	21
9345000	22
9350000	23
9355000	24
9360000	25
9365000	26
9370000	27
9375000	28
9380000	29
9385000	30
9390000	31
9395000	32
9400000	33
9405000	34
9410000	35
9415000	36
9420000	37
9425000	38
9430000	39
9435000	40
9440000	41
9455000	42
9460000	43
9465000	44
9470000	45
9475000	46
9480000	47
9485000	48
9490000	49
9495000	50
9500000	51
9505000	52
9510000	53
9515000	54
9520000	55
9525000	56
9530000	57
9535000	58
9540000	59
9545000	60
9550000	61
9555000	62
9560000	63
9565000	64
9570000	65
9575000	66
9580000	67
9585000	68
9595000	69
9600000	70
9605000	71
9610000	72
9615000	73
9620000	74
9625000	75
9630000	76
9735000	77
9740000	78
9745000	79
9750000	80
9755000	81
9760000	82
9765000	83
9770000	84
9775000	85
