117145000	0
117150000	1
117155000	2
117160000	3
117165000	4
117170000	5
117175000	6
117180000	7
117185000	8
117190000	9
117195000	10
117200000	11
117205000	12
117210000	13
117215000	14
117220000	15
117225000	16
117230000	17
117235000	18
117240000	19
117245000	20
117250000	21
117255000	22
117260000	23
117265000	24
117270000	25
117275000	26
117280000	27
117285000	28
117290000	29
117295000	30
117300000	31
117305000	32
117310000	33
117315000	34
117320000	35
117325000	36
117330000	37
117335000	38
117340000	39
117345000	40
117350000	41
117355000	42
117360000	43
117365000	44
117370000	45
117375000	46
117380000	47
117385000	48
117390000	49
117395000	50
117400000	51
117405000	52
117410000	53
117415000	54
117420000	55
117425000	56
117430000	57
117435000	58
117440000	59
117445000	60
117450000	61
117455000	62
117460000	63
117465000	64
117470000	65
117475000	66
117480000	67
117485000	68
117490000	69
117495000	70
117500000	71
117505000	72
117510000	73
117515000	74
117520000	75
117525000	76
117530000	77
117535000	78
117540000	79
117545000	80
117550000	81
117555000	82
117560000	83
117565000	84
117570000	85
117575000	86
117580000	87
117585000	88
117590000	89
117595000	90
117600000	91
117605000	92
117610000	93
117615000	94
117620000	95
117625000	96
117630000	97
117635000	98
117640000	99
117645000	100
117650000	101
117655000	102
117660000	103
117665000	104
117670000	105
117675000	106
117680000	107
117685000	108
117690000	109
117695000	110
117700000	111
117705000	112
117710000	113
117715000	114
117720000	115
117725000	116
117730000	117
117735000	118
117740000	119
117745000	120
117750000	121
117755000	122
117760000	123
117765000	124
117770000	125
117775000	126
117780000	127
117785000	128
117790000	129
117795000	130
117800000	131
117805000	132
117810000	133
117815000	134
117820000	135
117825000	136
117830000	137
117835000	138
117840000	139
117845000	140
117850000	141
117855000	142
117860000	143
117865000	144
117870000	145
117875000	146
117880000	147
117885000	148
117890000	149
117895000	150
117900000	151
117905000	152
117910000	153
117915000	154
117920000	155
117925000	156
117930000	157
117935000	158
117940000	159
117945000	160
117950000	161
117955000	162
117960000	163
117965000	164
117970000	165
117975000	166
117980000	167
117985000	168
117990000	169
117995000	170
118000000	171
118005000	172
118010000	173
118015000	174
118020000	175
118025000	176
118030000	177
118035000	178
118040000	179
118045000	180
118050000	181
118055000	182
118060000	183
118065000	184
118070000	185
118075000	186
118080000	187
118085000	188
118090000	189
118095000	190
118100000	191
118105000	192
118110000	193
118115000	194
118120000	195
118125000	196
118130000	197
118135000	198
118140000	199
118145000	200
118150000	201
118155000	202
118160000	203
118165000	204
118170000	205
118175000	206
118180000	207
118185000	208
118190000	209
118195000	210
118200000	211
118205000	212
118210000	213
118215000	214
118220000	215
118225000	216
118230000	217
118235000	218
118240000	219
118245000	220
118250000	221
118255000	222
118260000	223
118265000	224
118270000	225
118275000	226
118280000	227
