72710000	0
72715000	1
72720000	2
72725000	3
72730000	4
72735000	5
72740000	6
72745000	7
72750000	8
72755000	9
72760000	10
72765000	11
72770000	12
72775000	13
72780000	14
72785000	15
72790000	16
72795000	17
72800000	18
72805000	19
72810000	20
72815000	21
72820000	22
72825000	23
72830000	24
72835000	25
72840000	26
72845000	27
72850000	28
72855000	29
72860000	30
72865000	31
72870000	32
72875000	33
72880000	34
72885000	35
72890000	36
72895000	37
72900000	38
72905000	39
72910000	40
72915000	41
72920000	42
72925000	43
72930000	44
72935000	45
72940000	46
72945000	47
72950000	48
72955000	49
72960000	50
72965000	51
72970000	52
72975000	53
72980000	54
72985000	55
72990000	56
72995000	57
73000000	58
73005000	59
73010000	60
73015000	61
73020000	62
73025000	63
73030000	64
73035000	65
73040000	66
73045000	67
73050000	68
73055000	69
73060000	70
73065000	71
73070000	72
73075000	73
73080000	74
73085000	75
73090000	76
73095000	77
73100000	78
73105000	79
73110000	80
73115000	81
73120000	82
73125000	83
73130000	84
73135000	85
73140000	86
73145000	87
73150000	88
73155000	89
73160000	90
73165000	91
73170000	92
73175000	93
73180000	94
73185000	95
73190000	96
73195000	97
73200000	98
73205000	99
73210000	100
73215000	101
73220000	102
73225000	103
73230000	104
73235000	105
73240000	106
73245000	107
73250000	108
73255000	109
73260000	110
73265000	111
73270000	112
73275000	113
73280000	114
73285000	115
73290000	116
73295000	117
73300000	118
73305000	119
73310000	120
73315000	121
73320000	122
73325000	123
73330000	124
73335000	125
73340000	126
73345000	127
73350000	128
73355000	129
73360000	130
73365000	131
73370000	132
73375000	133
73380000	134
73385000	135
73390000	136
73395000	137
73400000	138
73405000	139
73410000	140
73415000	141
73420000	142
73425000	143
73430000	144
73435000	145
73440000	146
73445000	147
73450000	148
73455000	149
73460000	150
73465000	151
73470000	152
73475000	153
73480000	154
73485000	155
73490000	156
73495000	157
73500000	158
73505000	159
73510000	160
73515000	161
73520000	162
73525000	163
73530000	164
73535000	165
73540000	166
73545000	167
73550000	168
73555000	169
73560000	170
73565000	171
73570000	172
73575000	173
73580000	174
73585000	175
73590000	176
73595000	177
73600000	178
73605000	179
73610000	180
73615000	181
73620000	182
73625000	183
73630000	184
73635000	185
73640000	186
73645000	187
73650000	188
73655000	189
73660000	190
73665000	191
73670000	192
73675000	193
73680000	194
73685000	195
73690000	196
73695000	197
73700000	198
73705000	199
73710000	200
73715000	201
73720000	202
73725000	203
73730000	204
73735000	205
73740000	206
73745000	207
73750000	208
73755000	209
73760000	210
73765000	211
73770000	212
73775000	213
73780000	214
73785000	215
73795000	216
73800000	217
73805000	218
73810000	219
73815000	220
73820000	221
73825000	222
73830000	223
73835000	224
73840000	225
73845000	226
73850000	227
73855000	228
73860000	229
73865000	230
73870000	231
73875000	232
73880000	233
73885000	234
73890000	235
73895000	236
73900000	237
73905000	238
73910000	239
73915000	240
73920000	241
73925000	242
73930000	243
73935000	244
73940000	245
73945000	246
73950000	247
73955000	248
73960000	249
73965000	250
73970000	251
73975000	252
73980000	253
73985000	254
73990000	255
73995000	256
74000000	257
74005000	258
74010000	259
74015000	260
74020000	261
74025000	262
74030000	263
74035000	264
74040000	265
74045000	266
74050000	267
74055000	268
74060000	269
74065000	270
74070000	271
74075000	272
74080000	273
74085000	274
74090000	275
74095000	276
74100000	277
74105000	278
74110000	279
74115000	280
74120000	281
74125000	282
74130000	283
74135000	284
74140000	285
74145000	286
74150000	287
74155000	288
74160000	289
74165000	290
74170000	291
74175000	292
74180000	293
74185000	294
74190000	295
74195000	296
74200000	297
74205000	298
74210000	299
74215000	300
74220000	301
74225000	302
74230000	303
74235000	304
74240000	305
74245000	306
74250000	307
74255000	308
74260000	309
74265000	310
74270000	311
74275000	312
74280000	313
74285000	314
74290000	315
74295000	316
74300000	317
74305000	318
74310000	319
74315000	320
74320000	321
74325000	322
74330000	323
74335000	324
74340000	325
74345000	326
74350000	327
74355000	328
74360000	329
74365000	330
74370000	331
74375000	332
74380000	333
74385000	334
74390000	335
74395000	336
74400000	337
74405000	338
74410000	339
74415000	340
74420000	341
74425000	342
74430000	343
74435000	344
74440000	345
74445000	346
74450000	347
74455000	348
74460000	349
74465000	350
74470000	351
74475000	352
74480000	353
74485000	354
74490000	355
74495000	356
74500000	357
74505000	358
74510000	359
74515000	360
74520000	361
74525000	362
74530000	363
74535000	364
74540000	365
74545000	366
74550000	367
74555000	368
74560000	369
74565000	370
74570000	371
74575000	372
74580000	373
74585000	374
74590000	375
74595000	376
74600000	377
74605000	378
74610000	379
74615000	380
74620000	381
74625000	382
74630000	383
74635000	384
74640000	385
74645000	386
74650000	387
74655000	388
74660000	389
74665000	390
74670000	391
74675000	392
74680000	393
74685000	394
74690000	395
74695000	396
74700000	397
74705000	398
74710000	399
74715000	400
74720000	401
74725000	402
74730000	403
74735000	404
74740000	405
74745000	406
74750000	407
74755000	408
74760000	409
74765000	410
74770000	411
74775000	412
74780000	413
74785000	414
74790000	415
74795000	416
74800000	417
74805000	418
74810000	419
74815000	420
74820000	421
74825000	422
74830000	423
74835000	424
74840000	425
74845000	426
74850000	427
74855000	428
74860000	429
74865000	430
74870000	431
74875000	432
74880000	433
74885000	434
74890000	435
74895000	436
74900000	437
74905000	438
74910000	439
74915000	440
74920000	441
74925000	442
74930000	443
74935000	444
74940000	445
74945000	446
74950000	447
74955000	448
74960000	449
74965000	450
74970000	451
74975000	452
74980000	453
74985000	454
74990000	455
74995000	456
75000000	457
75005000	458
75010000	459
75015000	460
75020000	461
75025000	462
75030000	463
75035000	464
75040000	465
75045000	466
75050000	467
75055000	468
75060000	469
75065000	470
75070000	471
75075000	472
75080000	473
75085000	474
75090000	475
75095000	476
75100000	477
75105000	478
75110000	479
75115000	480
75120000	481
75125000	482
75130000	483
75135000	484
75140000	485
75145000	486
75150000	487
75155000	488
75160000	489
75165000	490
75170000	491
75175000	492
75180000	493
75185000	494
75190000	495
75195000	496
75200000	497
75205000	498
75210000	499
75215000	500
75220000	501
75225000	502
75230000	503
75235000	504
75240000	505
75245000	506
75250000	507
75255000	508
75260000	509
75265000	510
75275000	511
75280000	512
75285000	513
75290000	514
75295000	515
75300000	516
75305000	517
75310000	518
75315000	519
75320000	520
75325000	521
75330000	522
75335000	523
75340000	524
75345000	525
75350000	526
75355000	527
75360000	528
75365000	529
75370000	530
75375000	531
75380000	532
75385000	533
75390000	534
75395000	535
75400000	536
75405000	537
75410000	538
75415000	539
75420000	540
75425000	541
75430000	542
75435000	543
75440000	544
75445000	545
75450000	546
75455000	547
75460000	548
75465000	549
75470000	550
75475000	551
75480000	552
75485000	553
75490000	554
75495000	555
75500000	556
75505000	557
75510000	558
75515000	559
75520000	560
75525000	561
75530000	562
75535000	563
75540000	564
75545000	565
75550000	566
75555000	567
75560000	568
75565000	569
75570000	570
75575000	571
75580000	572
75585000	573
75590000	574
75595000	575
75600000	576
75605000	577
75610000	578
75615000	579
75620000	580
75625000	581
75630000	582
75635000	583
75640000	584
75645000	585
75650000	586
75655000	587
75660000	588
75665000	589
75670000	590
75675000	591
75680000	592
75685000	593
75690000	594
75695000	595
