110445000	0
110450000	1
110455000	2
110460000	3
110465000	4
110470000	5
110475000	6
110480000	7
110485000	8
110490000	9
110495000	10
110500000	11
110505000	12
110510000	13
110515000	14
110520000	15
110525000	16
110530000	17
110535000	18
110540000	19
110545000	20
110550000	21
110555000	22
110560000	23
110565000	24
110570000	25
110575000	26
110580000	27
110585000	28
110590000	29
110595000	30
110600000	31
110605000	32
110610000	33
110615000	34
110620000	35
110625000	36
110630000	37
110635000	38
110640000	39
110645000	40
110650000	41
110655000	42
110660000	43
110665000	44
110670000	45
110675000	46
110680000	47
110685000	48
110690000	49
110695000	50
110700000	51
110705000	52
110710000	53
110715000	54
110720000	55
110725000	56
110730000	57
110735000	58
110740000	59
110745000	60
110750000	61
110755000	62
110760000	63
110765000	64
110770000	65
110775000	66
110780000	67
110785000	68
110790000	69
110795000	70
110800000	71
110805000	72
110810000	73
110815000	74
110820000	75
110825000	76
110830000	77
110835000	78
110840000	79
110845000	80
110850000	81
110855000	82
110860000	83
110865000	84
110870000	85
110875000	86
110880000	87
110885000	88
110890000	89
110895000	90
110900000	91
110905000	92
110910000	93
110915000	94
110920000	95
110925000	96
110930000	97
110935000	98
110940000	99
110945000	100
110950000	101
110955000	102
110960000	103
110965000	104
110970000	105
110975000	106
110980000	107
110985000	108
110990000	109
110995000	110
111000000	111
111005000	112
111010000	113
111015000	114
111020000	115
111025000	116
111030000	117
111035000	118
111040000	119
111045000	120
111050000	121
111055000	122
111060000	123
111065000	124
111070000	125
111075000	126
111080000	127
111085000	128
111090000	129
111095000	130
111100000	131
111105000	132
111110000	133
111115000	134
111120000	135
111125000	136
111130000	137
111135000	138
111140000	139
111145000	140
111150000	141
111155000	142
111160000	143
111165000	144
111170000	145
111175000	146
111180000	147
111185000	148
111190000	149
111195000	150
111200000	151
111205000	152
111210000	153
111215000	154
111220000	155
111225000	156
111230000	157
111235000	158
111240000	159
111245000	160
111250000	161
111255000	162
111260000	163
111265000	164
111270000	165
111275000	166
111280000	167
111285000	168
111290000	169
111295000	170
111300000	171
111305000	172
111310000	173
111315000	174
111320000	175
111325000	176
111330000	177
111335000	178
111340000	179
111345000	180
111350000	181
