85455000	0
85460000	1
85465000	2
85470000	3
85475000	4
85480000	5
85485000	6
85490000	7
85495000	8
85500000	9
85505000	10
85510000	11
85515000	12
85520000	13
85525000	14
85530000	15
85535000	16
85540000	17
85545000	18
85550000	19
85555000	20
85560000	21
85565000	22
85570000	23
85575000	24
85580000	25
85585000	26
85590000	27
85595000	28
85600000	29
85605000	30
85610000	31
85615000	32
85620000	33
85625000	34
85630000	35
85635000	36
85640000	37
85645000	38
85650000	39
85655000	40
85660000	41
85665000	42
85670000	43
85675000	44
85680000	45
85685000	46
85690000	47
85695000	48
85700000	49
85705000	50
85710000	51
85715000	52
85720000	53
85725000	54
85730000	55
85735000	56
85740000	57
85745000	58
85750000	59
85755000	60
85760000	61
85765000	62
85770000	63
85775000	64
85780000	65
85785000	66
85790000	67
85795000	68
85800000	69
85805000	70
85810000	71
85815000	72
85820000	73
85825000	74
85830000	75
85835000	76
85840000	77
85845000	78
85850000	79
85855000	80
85860000	81
85865000	82
85870000	83
85875000	84
85880000	85
85885000	86
85890000	87
85895000	88
85900000	89
85905000	90
85910000	91
85915000	92
85920000	93
85925000	94
85930000	95
85935000	96
85940000	97
85945000	98
85950000	99
85955000	100
85960000	101
85965000	102
85970000	103
85975000	104
85980000	105
85985000	106
85990000	107
85995000	108
86000000	109
86005000	110
86010000	111
86015000	112
86020000	113
86025000	114
86030000	115
86035000	116
86040000	117
86045000	118
86050000	119
86055000	120
86060000	121
86065000	122
86070000	123
86075000	124
86080000	125
86085000	126
86090000	127
86095000	128
86100000	129
86105000	130
86110000	131
86115000	132
86120000	133
86125000	134
86130000	135
86135000	136
86140000	137
86145000	138
86150000	139
86155000	140
86160000	141
86165000	142
86170000	143
86175000	144
86180000	145
86185000	146
86190000	147
86195000	148
86200000	149
86205000	150
86210000	151
86215000	152
86220000	153
