91345000	0
91350000	1
91355000	2
91360000	3
91365000	4
91370000	5
91375000	6
91380000	7
91385000	8
91390000	9
91395000	10
91400000	11
91405000	12
91410000	13
91415000	14
91420000	15
91425000	16
91430000	17
91435000	18
91440000	19
91445000	20
91450000	21
91455000	22
91460000	23
91465000	24
91470000	25
91475000	26
91480000	27
91485000	28
91490000	29
91495000	30
91500000	31
91505000	32
91510000	33
91515000	34
91520000	35
91525000	36
91530000	37
91535000	38
91540000	39
91545000	40
91550000	41
91555000	42
91560000	43
91565000	44
91570000	45
91575000	46
91580000	47
91585000	48
91590000	49
91595000	50
91600000	51
91605000	52
91610000	53
91615000	54
91620000	55
91625000	56
91630000	57
91635000	58
91640000	59
91645000	60
91650000	61
91655000	62
91660000	63
91665000	64
91670000	65
91675000	66
91680000	67
91685000	68
91690000	69
91695000	70
91700000	71
91705000	72
91710000	73
91715000	74
91720000	75
91725000	76
91730000	77
91735000	78
91740000	79
91745000	80
91750000	81
91755000	82
91760000	83
91765000	84
91770000	85
91775000	86
91780000	87
91785000	88
91790000	89
91795000	90
91800000	91
91805000	92
91810000	93
91815000	94
91820000	95
91825000	96
91830000	97
91835000	98
91840000	99
91845000	100
91850000	101
91855000	102
91860000	103
91865000	104
91870000	105
91875000	106
91880000	107
91885000	108
91890000	109
91895000	110
91900000	111
91905000	112
91910000	113
91915000	114
91920000	115
91925000	116
91930000	117
91935000	118
91940000	119
91945000	120
91950000	121
91955000	122
91960000	123
91965000	124
91970000	125
91975000	126
91980000	127
91985000	128
91990000	129
91995000	130
92000000	131
92005000	132
92010000	133
92015000	134
92020000	135
92025000	136
92030000	137
92035000	138
92040000	139
92045000	140
92050000	141
92055000	142
92060000	143
92065000	144
92070000	145
92075000	146
92080000	147
92085000	148
92090000	149
92095000	150
92100000	151
92105000	152
92110000	153
92115000	154
92120000	155
92125000	156
92130000	157
92135000	158
92140000	159
92145000	160
92150000	161
92155000	162
92160000	163
92165000	164
92170000	165
92175000	166
92180000	167
92185000	168
92190000	169
92195000	170
92200000	171
92205000	172
92210000	173
92215000	174
92220000	175
92225000	176
92230000	177
92235000	178
92240000	179
92245000	180
92250000	181
92255000	182
92260000	183
92265000	184
92270000	185
92275000	186
92280000	187
92285000	188
92290000	189
92295000	190
92300000	191
92305000	192
92310000	193
92315000	194
92320000	195
92325000	196
92330000	197
92335000	198
92340000	199
92345000	200
92350000	201
92355000	202
92360000	203
92365000	204
92370000	205
92375000	206
92380000	207
