1730000	0
1735000	1
1740000	2
1745000	3
1750000	4
1755000	5
1760000	6
1765000	7
1770000	8
1775000	9
1780000	10
1785000	11
1790000	12
1795000	13
1800000	14
1805000	15
1810000	16
1815000	17
1820000	18
1825000	19
1830000	20
1835000	21
1840000	22
1845000	23
1850000	24
1855000	25
1860000	26
1865000	27
1870000	28
1875000	29
1880000	30
1885000	31
1890000	32
1895000	33
1900000	34
1905000	35
1910000	36
1915000	37
1920000	38
1925000	39
1930000	40
1935000	41
1940000	42
1945000	43
1950000	44
1955000	45
1960000	46
1965000	47
1970000	48
1975000	49
1980000	50
1985000	51
1990000	52
1995000	53
2000000	54
2005000	55
2010000	56
2015000	57
2020000	58
2025000	59
2030000	60
2035000	61
2040000	62
2045000	63
2050000	64
2055000	65
2060000	66
2065000	67
2070000	68
2075000	69
2080000	70
2085000	71
2090000	72
2095000	73
2100000	74
2105000	75
2110000	76
2115000	77
2120000	78
2125000	79
2130000	80
2135000	81
2140000	82
2145000	83
2150000	84
2155000	85
2160000	86
2165000	87
2170000	88
2175000	89
2180000	90
2185000	91
2190000	92
2195000	93
2200000	94
2205000	95
2210000	96
2215000	97
2220000	98
2225000	99
2230000	100
2235000	101
2245000	102
2250000	103
2255000	104
2260000	105
2265000	106
2270000	107
2275000	108
2280000	109
2285000	110
2290000	111
2295000	112
2300000	113
2305000	114
2310000	115
2315000	116
2320000	117
2325000	118
2330000	119
2335000	120
2340000	121
2345000	122
2350000	123
2355000	124
2360000	125
2365000	126
2370000	127
2375000	128
2380000	129
2385000	130
2390000	131
2395000	132
2400000	133
2405000	134
2410000	135
2415000	136
2420000	137
2425000	138
2430000	139
2435000	140
2440000	141
2445000	142
2450000	143
2455000	144
2460000	145
2465000	146
2470000	147
2475000	148
2480000	149
2485000	150
2490000	151
2495000	152
2500000	153
2505000	154
2510000	155
2515000	156
2520000	157
2525000	158
2530000	159
2535000	160
2540000	161
2545000	162
2550000	163
2555000	164
2560000	165
2565000	166
2570000	167
2575000	168
2580000	169
2585000	170
2590000	171
2595000	172
2600000	173
2605000	174
2610000	175
2615000	176
2620000	177
2625000	178
2630000	179
2635000	180
2640000	181
2645000	182
2650000	183
2655000	184
2660000	185
2665000	186
2670000	187
2675000	188
2680000	189
2685000	190
2690000	191
2695000	192
2700000	193
2705000	194
2710000	195
2715000	196
2720000	197
2725000	198
2730000	199
2735000	200
2740000	201
