69230000	0
69235000	1
69240000	2
69245000	3
69250000	4
69255000	5
69260000	6
69265000	7
69270000	8
69275000	9
69280000	10
69285000	11
69290000	12
69295000	13
69300000	14
69305000	15
69310000	16
69315000	17
69320000	18
69325000	19
69330000	20
69335000	21
69340000	22
69345000	23
69350000	24
69355000	25
69360000	26
69365000	27
69370000	28
69375000	29
69380000	30
69385000	31
69390000	32
69395000	33
69400000	34
69405000	35
69410000	36
69415000	37
69420000	38
69425000	39
69430000	40
69435000	41
69440000	42
69445000	43
69450000	44
69455000	45
69460000	46
69465000	47
69470000	48
69475000	49
69480000	50
69485000	51
69490000	52
69495000	53
69500000	54
69505000	55
69510000	56
69515000	57
69520000	58
69525000	59
69530000	60
69535000	61
69540000	62
69545000	63
69550000	64
69555000	65
69560000	66
69565000	67
69570000	68
69575000	69
69580000	70
69585000	71
69590000	72
69595000	73
69600000	74
69605000	75
69610000	76
69615000	77
69620000	78
69625000	79
69630000	80
69635000	81
69640000	82
69645000	83
