83070000	0
83075000	1
83080000	2
83085000	3
83090000	4
83095000	5
83100000	6
83105000	7
83110000	8
83115000	9
83120000	10
83125000	11
83130000	12
83135000	13
83140000	14
83145000	15
83150000	16
83155000	17
83160000	18
83165000	19
83170000	20
83175000	21
83180000	22
83185000	23
83190000	24
83195000	25
83200000	26
83205000	27
83210000	28
83215000	29
83220000	30
83225000	31
83230000	32
83235000	33
83240000	34
83245000	35
83250000	36
83255000	37
83260000	38
83265000	39
83270000	40
83275000	41
83280000	42
83285000	43
83290000	44
83295000	45
83300000	46
83305000	47
83310000	48
83315000	49
83320000	50
83325000	51
83330000	52
83335000	53
83340000	54
83345000	55
83350000	56
83355000	57
83360000	58
83365000	59
83370000	60
83375000	61
83380000	62
83385000	63
83390000	64
83395000	65
83400000	66
83405000	67
83410000	68
83415000	69
83420000	70
83425000	71
83430000	72
83435000	73
83440000	74
83445000	75
83450000	76
83455000	77
83460000	78
83465000	79
83470000	80
83475000	81
83480000	82
83485000	83
83490000	84
83495000	85
83500000	86
83505000	87
83510000	88
83515000	89
83520000	90
83525000	91
83530000	92
83535000	93
83540000	94
83545000	95
83550000	96
83555000	97
83560000	98
83565000	99
83570000	100
83575000	101
83580000	102
83585000	103
83590000	104
83595000	105
83600000	106
83605000	107
83610000	108
83615000	109
83620000	110
83625000	111
83630000	112
83635000	113
83640000	114
83645000	115
83650000	116
83655000	117
83660000	118
83665000	119
83670000	120
83675000	121
83680000	122
83685000	123
83690000	124
83695000	125
83700000	126
83705000	127
83710000	128
83715000	129
83720000	130
83725000	131
83730000	132
83735000	133
83740000	134
83745000	135
83750000	136
83755000	137
83760000	138
83765000	139
83770000	140
83775000	141
83780000	142
83785000	143
83790000	144
83795000	145
83800000	146
83805000	147
83810000	148
83815000	149
83820000	150
83825000	151
83830000	152
83835000	153
83840000	154
83845000	155
83850000	156
83855000	157
83860000	158
83865000	159
83870000	160
83875000	161
83880000	162
83885000	163
83890000	164
83895000	165
83900000	166
83905000	167
83910000	168
83915000	169
83920000	170
83925000	171
83930000	172
83935000	173
83940000	174
83945000	175
83950000	176
83955000	177
83960000	178
83965000	179
83970000	180
83975000	181
83980000	182
83985000	183
83990000	184
83995000	185
84000000	186
84005000	187
84010000	188
84015000	189
84020000	190
84025000	191
84030000	192
84035000	193
84040000	194
84045000	195
84050000	196
84055000	197
84060000	198
84065000	199
84070000	200
84075000	201
84080000	202
84085000	203
84090000	204
84095000	205
84100000	206
84105000	207
84110000	208
84115000	209
84120000	210
84125000	211
84130000	212
84135000	213
84140000	214
84145000	215
84150000	216
84155000	217
84160000	218
84165000	219
84170000	220
84175000	221
84180000	222
84185000	223
84190000	224
84195000	225
84200000	226
84205000	227
84210000	228
84215000	229
84220000	230
84225000	231
84230000	232
84235000	233
84240000	234
84245000	235
84250000	236
84255000	237
84260000	238
84265000	239
84270000	240
84275000	241
84280000	242
84285000	243
84290000	244
84295000	245
84300000	246
84305000	247
84310000	248
84315000	249
84320000	250
84325000	251
84330000	252
84335000	253
84340000	254
84345000	255
84350000	256
84355000	257
84360000	258
84365000	259
84370000	260
84375000	261
84380000	262
84385000	263
84390000	264
84395000	265
84400000	266
84405000	267
84410000	268
84415000	269
84420000	270
84425000	271
84430000	272
84435000	273
84440000	274
84445000	275
84450000	276
84455000	277
84460000	278
84465000	279
84470000	280
84475000	281
84480000	282
84485000	283
84490000	284
84495000	285
84500000	286
84505000	287
84510000	288
84515000	289
84520000	290
84525000	291
84530000	292
84535000	293
84540000	294
84545000	295
84550000	296
84555000	297
84560000	298
84565000	299
84570000	300
84575000	301
84580000	302
84585000	303
84590000	304
84595000	305
84600000	306
84605000	307
84610000	308
84615000	309
84620000	310
84625000	311
84630000	312
84635000	313
84640000	314
84645000	315
84650000	316
84655000	317
84660000	318
84665000	319
84670000	320
84675000	321
84680000	322
84685000	323
84690000	324
84695000	325
84700000	326
84705000	327
84710000	328
84715000	329
84720000	330
84725000	331
84730000	332
84735000	333
84740000	334
84745000	335
84750000	336
84755000	337
84760000	338
84765000	339
84770000	340
84775000	341
84780000	342
84785000	343
84790000	344
84795000	345
84800000	346
84805000	347
84810000	348
84815000	349
84820000	350
84825000	351
84830000	352
84835000	353
84840000	354
84845000	355
84850000	356
84855000	357
84860000	358
84865000	359
84870000	360
84875000	361
84880000	362
84885000	363
84890000	364
84895000	365
84900000	366
84905000	367
84910000	368
84915000	369
84920000	370
84925000	371
84930000	372
84935000	373
84940000	374
84945000	375
84950000	376
84955000	377
84960000	378
84965000	379
84970000	380
84975000	381
84980000	382
84985000	383
84990000	384
84995000	385
85000000	386
85005000	387
85010000	388
85015000	389
85020000	390
85025000	391
85030000	392
85035000	393
85040000	394
85045000	395
85050000	396
85055000	397
85060000	398
85065000	399
85070000	400
85075000	401
85080000	402
85085000	403
85090000	404
85095000	405
85100000	406
85105000	407
85110000	408
85115000	409
85120000	410
85125000	411
85130000	412
85135000	413
85140000	414
85145000	415
85150000	416
85155000	417
85160000	418
85165000	419
85170000	420
85175000	421
85180000	422
85185000	423
85190000	424
85195000	425
85200000	426
85205000	427
85210000	428
85215000	429
85220000	430
85225000	431
85230000	432
85235000	433
85240000	434
85245000	435
85250000	436
