132975000	0
132980000	1
132985000	2
132990000	3
132995000	4
133000000	5
133005000	6
133010000	7
133015000	8
133020000	9
133025000	10
133030000	11
133035000	12
133040000	13
133045000	14
133050000	15
133055000	16
133060000	17
133065000	18
133070000	19
133075000	20
133080000	21
133085000	22
133090000	23
133095000	24
133100000	25
133105000	26
133110000	27
133115000	28
133120000	29
133125000	30
133130000	31
133135000	32
133140000	33
133145000	34
133150000	35
133155000	36
133160000	37
133165000	38
133170000	39
133175000	40
133180000	41
133185000	42
133190000	43
133195000	44
133200000	45
133205000	46
133210000	47
133215000	48
133220000	49
133225000	50
133230000	51
133235000	52
133240000	53
133245000	54
133250000	55
133255000	56
133260000	57
133265000	58
133270000	59
133275000	60
133280000	61
133285000	62
133290000	63
133295000	64
133300000	65
133305000	66
133310000	67
133315000	68
133320000	69
133325000	70
133330000	71
133335000	72
133340000	73
133345000	74
133350000	75
133355000	76
133360000	77
133365000	78
133370000	79
133375000	80
133380000	81
133385000	82
133390000	83
133395000	84
133400000	85
133405000	86
133410000	87
133415000	88
133420000	89
133425000	90
133430000	91
133435000	92
133440000	93
133445000	94
133450000	95
133455000	96
133460000	97
133465000	98
133470000	99
