50890000	0
50895000	1
50900000	2
50905000	3
50910000	4
50915000	5
50920000	6
50925000	7
50930000	8
50935000	9
50940000	10
50945000	11
50950000	12
50955000	13
50960000	14
50965000	15
50970000	16
50975000	17
50980000	18
50985000	19
50990000	20
50995000	21
51000000	22
51005000	23
51010000	24
51015000	25
51020000	26
51025000	27
51030000	28
51035000	29
51040000	30
51045000	31
51050000	32
51055000	33
51060000	34
51065000	35
51070000	36
51075000	37
51080000	38
51085000	39
51090000	40
51095000	41
51100000	42
51105000	43
51110000	44
51115000	45
51120000	46
51125000	47
51130000	48
51135000	49
51140000	50
51145000	51
51150000	52
