30280000	0
30285000	1
30290000	2
30295000	3
30300000	4
30305000	5
30310000	6
30315000	7
30320000	8
30325000	9
30330000	10
30335000	11
30340000	12
30345000	13
30350000	14
30355000	15
30360000	16
30365000	17
30370000	18
30375000	19
30380000	20
30385000	21
30390000	22
30395000	23
30400000	24
30405000	25
30410000	26
30415000	27
30420000	28
30425000	29
30430000	30
30435000	31
30440000	32
30445000	33
30450000	34
30455000	35
30460000	36
30465000	37
30470000	38
30475000	39
30480000	40
30485000	41
30490000	42
30495000	43
30500000	44
30505000	45
30510000	46
30515000	47
30520000	48
30525000	49
30530000	50
30535000	51
30540000	52
30545000	53
30550000	54
30555000	55
30560000	56
30565000	57
30570000	58
30575000	59
30580000	60
30585000	61
30590000	62
30595000	63
30600000	64
30605000	65
30610000	66
30615000	67
30620000	68
30625000	69
30630000	70
30635000	71
30640000	72
30645000	73
30650000	74
30655000	75
30660000	76
30665000	77
30670000	78
30675000	79
30680000	80
30685000	81
30690000	82
30695000	83
30700000	84
30705000	85
30710000	86
30715000	87
30720000	88
30725000	89
30730000	90
30735000	91
30740000	92
30745000	93
30750000	94
30755000	95
30760000	96
30765000	97
30770000	98
30775000	99
30780000	100
30785000	101
30790000	102
30795000	103
30800000	104
30805000	105
30810000	106
30815000	107
30820000	108
30825000	109
30830000	110
30835000	111
30840000	112
30845000	113
30850000	114
30855000	115
30860000	116
30865000	117
30870000	118
30875000	119
30880000	120
30885000	121
30890000	122
30895000	123
30900000	124
30905000	125
30910000	126
30915000	127
30920000	128
30925000	129
30930000	130
30935000	131
30940000	132
30945000	133
30950000	134
30955000	135
30960000	136
30965000	137
