9950000	0
9955000	1
9960000	2
9965000	3
9970000	4
9975000	5
9980000	6
9985000	7
9990000	8
9995000	9
10000000	10
10005000	11
10010000	12
10015000	13
10020000	14
10025000	15
10030000	16
10035000	17
10040000	18
10045000	19
10050000	20
10055000	21
10060000	22
10065000	23
10070000	24
10075000	25
10080000	26
10085000	27
10090000	28
10095000	29
10100000	30
10105000	31
10110000	32
10115000	33
10120000	34
10125000	35
10130000	36
10135000	37
10140000	38
10145000	39
10150000	40
10155000	41
10160000	42
10165000	43
10170000	44
10175000	45
10180000	46
10185000	47
10190000	48
10195000	49
10200000	50
10205000	51
10210000	52
10215000	53
10220000	54
10225000	55
10230000	56
10235000	57
10240000	58
10245000	59
10250000	60
10255000	61
10260000	62
10265000	63
10270000	64
10275000	65
10280000	66
10285000	67
10290000	68
10295000	69
10300000	70
10305000	71
10310000	72
10315000	73
10320000	74
10325000	75
10330000	76
10335000	77
10340000	78
10345000	79
10350000	80
10355000	81
10360000	82
