35530000	0
35535000	1
35540000	2
35545000	3
35550000	4
35555000	5
35560000	6
35565000	7
35570000	8
35575000	9
35580000	10
35585000	11
35590000	12
35595000	13
35600000	14
35605000	15
35610000	16
35615000	17
35620000	18
35625000	19
35630000	20
35635000	21
35640000	22
35645000	23
35650000	24
35655000	25
35660000	26
35665000	27
35670000	28
35675000	29
35680000	30
35685000	31
35690000	32
35695000	33
35700000	34
35705000	35
35710000	36
35715000	37
35720000	38
35725000	39
35730000	40
35735000	41
35740000	42
35745000	43
35750000	44
35755000	45
35760000	46
35765000	47
35770000	48
35775000	49
35780000	50
35785000	51
35790000	52
35795000	53
35800000	54
35805000	55
35810000	56
35815000	57
35820000	58
35825000	59
35830000	60
35835000	61
35840000	62
35845000	63
35850000	64
35855000	65
35860000	66
35865000	67
35870000	68
35875000	69
35880000	70
35885000	71
35890000	72
35895000	73
35900000	74
35905000	75
35910000	76
35915000	77
35920000	78
35925000	79
35930000	80
35935000	81
35940000	82
35945000	83
35950000	84
35955000	85
35960000	86
35965000	87
35970000	88
35975000	89
35980000	90
35985000	91
35990000	92
35995000	93
36000000	94
36005000	95
36010000	96
36015000	97
36020000	98
36025000	99
36030000	100
36035000	101
36040000	102
36045000	103
36050000	104
36055000	105
36060000	106
36065000	107
36070000	108
36075000	109
36080000	110
36085000	111
36090000	112
36095000	113
36100000	114
36105000	115
36110000	116
36115000	117
36120000	118
36125000	119
36130000	120
36135000	121
36140000	122
36145000	123
36150000	124
36155000	125
36160000	126
36165000	127
36170000	128
36175000	129
36180000	130
36185000	131
36190000	132
36195000	133
36200000	134
36205000	135
36210000	136
36215000	137
36220000	138
36225000	139
36230000	140
36235000	141
36240000	142
36245000	143
36250000	144
36255000	145
36260000	146
36265000	147
36270000	148
36275000	149
36280000	150
36285000	151
36290000	152
36295000	153
36300000	154
36305000	155
36310000	156
36315000	157
36320000	158
36325000	159
36330000	160
36335000	161
36340000	162
36345000	163
36350000	164
36355000	165
36360000	166
36365000	167
36370000	168
36375000	169
36380000	170
36385000	171
36390000	172
36395000	173
36400000	174
36405000	175
36410000	176
36415000	177
36420000	178
36425000	179
36430000	180
36435000	181
36440000	182
36445000	183
36450000	184
36455000	185
36460000	186
36465000	187
36470000	188
36475000	189
36480000	190
36485000	191
36490000	192
36495000	193
36500000	194
36505000	195
36510000	196
36515000	197
36520000	198
36525000	199
36530000	200
36535000	201
36540000	202
36545000	203
36550000	204
36555000	205
36560000	206
36565000	207
36570000	208
36575000	209
36580000	210
36585000	211
36590000	212
36595000	213
36600000	214
36605000	215
36610000	216
36615000	217
36620000	218
36625000	219
36630000	220
36635000	221
36640000	222
36645000	223
36650000	224
36655000	225
36660000	226
36665000	227
36670000	228
36675000	229
36680000	230
36685000	231
36690000	232
36695000	233
36700000	234
