18205000	0
18210000	1
18215000	2
18220000	3
18225000	4
18230000	5
18235000	6
18240000	7
18245000	8
18250000	9
18255000	10
18260000	11
18265000	12
18270000	13
18275000	14
18280000	15
18285000	16
18290000	17
18295000	18
18300000	19
18305000	20
18310000	21
18315000	22
18320000	23
18325000	24
18330000	25
18335000	26
18340000	27
18345000	28
18350000	29
18355000	30
18360000	31
18365000	32
18370000	33
18375000	34
18380000	35
18385000	36
18390000	37
18395000	38
18400000	39
18405000	40
18410000	41
18415000	42
18420000	43
18425000	44
18430000	45
18435000	46
18440000	47
18445000	48
18450000	49
18455000	50
18460000	51
18465000	52
18470000	53
18475000	54
18480000	55
18485000	56
18490000	57
18495000	58
18500000	59
18505000	60
18510000	61
18515000	62
18520000	63
18525000	64
18530000	65
18535000	66
18540000	67
18545000	68
18550000	69
18555000	70
18560000	71
18565000	72
18570000	73
18575000	74
18580000	75
18585000	76
18590000	77
18595000	78
18600000	79
18605000	80
18610000	81
18615000	82
18620000	83
18625000	84
18630000	85
18635000	86
18640000	87
18645000	88
18650000	89
18655000	90
18660000	91
18665000	92
18670000	93
18675000	94
18680000	95
18685000	96
18690000	97
18695000	98
18700000	99
18705000	100
18710000	101
18715000	102
18720000	103
18725000	104
18730000	105
18735000	106
18740000	107
18745000	108
18750000	109
18755000	110
18760000	111
18765000	112
18770000	113
18775000	114
18780000	115
18785000	116
18790000	117
18795000	118
18800000	119
18805000	120
18810000	121
18815000	122
18820000	123
18825000	124
18830000	125
18835000	126
18840000	127
18845000	128
18850000	129
18855000	130
18860000	131
18865000	132
18870000	133
18875000	134
18880000	135
18885000	136
18890000	137
18895000	138
18900000	139
18905000	140
18910000	141
18915000	142
18920000	143
18925000	144
18930000	145
18935000	146
18940000	147
18945000	148
18950000	149
18955000	150
18960000	151
18965000	152
18970000	153
18975000	154
18980000	155
18985000	156
18990000	157
18995000	158
19000000	159
19005000	160
19010000	161
19015000	162
19020000	163
19025000	164
19030000	165
19035000	166
19040000	167
19045000	168
19050000	169
19055000	170
19060000	171
19065000	172
19070000	173
19075000	174
19080000	175
19085000	176
19090000	177
19095000	178
19100000	179
19105000	180
