1855000	0
1860000	1
1865000	2
1870000	3
1875000	4
1880000	5
1885000	6
1890000	7
1895000	8
1900000	9
1905000	10
1910000	11
1915000	12
1920000	13
1925000	14
1930000	15
1935000	16
1940000	17
1945000	18
1950000	19
1955000	20
1960000	21
1965000	22
1970000	23
1975000	24
1980000	25
1985000	26
1990000	27
1995000	28
2000000	29
2005000	30
2010000	31
2015000	32
2020000	33
2025000	34
2030000	35
2035000	36
2040000	37
2045000	38
2050000	39
2055000	40
2060000	41
2065000	42
2070000	43
2075000	44
2080000	45
2085000	46
2090000	47
2095000	48
2100000	49
2105000	50
2110000	51
2115000	52
2120000	53
2125000	54
2130000	55
2135000	56
2140000	57
2145000	58
2150000	59
2155000	60
2160000	61
2165000	62
2170000	63
2175000	64
2180000	65
2185000	66
2190000	67
2195000	68
2200000	69
2205000	70
2210000	71
2215000	72
2220000	73
2225000	74
2230000	75
2235000	76
2240000	77
2245000	78
2250000	79
2255000	80
2260000	81
2265000	82
2270000	83
2275000	84
2280000	85
2285000	86
2290000	87
2295000	88
2300000	89
2305000	90
2310000	91
2315000	92
2320000	93
2325000	94
2330000	95
2335000	96
2340000	97
2345000	98
2350000	99
2355000	100
2360000	101
2365000	102
2370000	103
2375000	104
2380000	105
2385000	106
2390000	107
2395000	108
2400000	109
2405000	110
2410000	111
2415000	112
2420000	113
2425000	114
2430000	115
2435000	116
2440000	117
2445000	118
2450000	119
2455000	120
2460000	121
2465000	122
