71740000	0
71745000	1
71750000	2
71755000	3
71760000	4
71765000	5
71770000	6
71775000	7
71780000	8
71785000	9
71790000	10
71795000	11
71800000	12
71805000	13
71810000	14
71815000	15
71820000	16
71825000	17
71830000	18
71835000	19
71840000	20
71845000	21
71850000	22
71855000	23
71860000	24
71865000	25
71870000	26
71875000	27
71880000	28
71885000	29
71890000	30
71895000	31
71900000	32
71905000	33
71910000	34
71915000	35
71920000	36
71925000	37
71930000	38
71935000	39
71940000	40
71945000	41
71950000	42
71955000	43
71960000	44
71965000	45
71970000	46
71975000	47
71980000	48
71985000	49
71990000	50
71995000	51
72000000	52
72005000	53
72010000	54
72015000	55
72020000	56
72025000	57
72030000	58
72035000	59
72040000	60
72045000	61
72050000	62
72055000	63
72060000	64
72065000	65
72070000	66
72075000	67
72080000	68
72085000	69
72090000	70
72095000	71
72100000	72
72105000	73
