159590000	0
159595000	1
159600000	2
159605000	3
159610000	4
159615000	5
159620000	6
159625000	7
159630000	8
159635000	9
159640000	10
159645000	11
159650000	12
159655000	13
159660000	14
159665000	15
159670000	16
159675000	17
159680000	18
159685000	19
159690000	20
159695000	21
159700000	22
159705000	23
159710000	24
159715000	25
159720000	26
159725000	27
159730000	28
159735000	29
159740000	30
159745000	31
159750000	32
159755000	33
159760000	34
159765000	35
159770000	36
159775000	37
159780000	38
159785000	39
159790000	40
159795000	41
159800000	42
159805000	43
159810000	44
159815000	45
159820000	46
159825000	47
159830000	48
159835000	49
159840000	50
159845000	51
159850000	52
159855000	53
159860000	54
159865000	55
159870000	56
159875000	57
159880000	58
159885000	59
159890000	60
159895000	61
159900000	62
159905000	63
159910000	64
159915000	65
159920000	66
159925000	67
159930000	68
159935000	69
159940000	70
159945000	71
159950000	72
159955000	73
159960000	74
159965000	75
159970000	76
159975000	77
159980000	78
159985000	79
159990000	80
159995000	81
160000000	82
160005000	83
160010000	84
160015000	85
160020000	86
160025000	87
160030000	88
160035000	89
160040000	90
160045000	91
160050000	92
160055000	93
160060000	94
160065000	95
160070000	96
160075000	97
160080000	98
160085000	99
160090000	100
160095000	101
