17600000	0
17601000	1
17602000	2
17603000	3
17604000	4
17605000	5
17606000	6
17607000	7
17608000	8
17609000	9
17610000	10
17611000	11
17612000	12
17613000	13
17614000	14
17615000	15
17616000	16
17617000	17
17618000	18
17619000	19
17620000	20
17621000	21
17622000	22
17623000	23
17624000	24
17625000	25
17626000	26
17627000	27
17628000	28
17629000	29
17630000	30
17631000	31
17632000	32
17633000	33
17634000	34
17635000	35
17636000	36
17637000	37
17638000	38
17639000	39
17640000	40
17641000	41
17642000	42
17643000	43
17644000	44
17645000	45
17646000	46
17647000	47
17648000	48
17649000	49
17650000	50
17651000	51
17652000	52
17653000	53
17654000	54
17655000	55
17656000	56
17657000	57
17658000	58
17659000	59
17660000	60
17661000	61
17662000	62
17663000	63
17664000	64
17665000	65
17666000	66
17667000	67
17668000	68
17669000	69
17670000	70
17671000	71
17672000	72
17673000	73
17674000	74
17675000	75
17676000	76
17677000	77
17678000	78
17679000	79
17680000	80
17681000	81
17682000	82
17683000	83
17684000	84
17685000	85
17686000	86
17687000	87
17688000	88
17689000	89
17690000	90
17691000	91
17692000	92
17693000	93
17694000	94
17695000	95
17696000	96
17697000	97
17698000	98
17699000	99
17700000	100
17701000	101
17702000	102
17703000	103
17704000	104
17705000	105
17706000	106
17707000	107
17708000	108
17709000	109
17710000	110
17711000	111
17712000	112
17713000	113
17714000	114
17715000	115
17716000	116
17717000	117
17718000	118
17719000	119
17720000	120
17721000	121
17722000	122
17723000	123
17724000	124
17725000	125
17726000	126
17727000	127
17728000	128
17729000	129
17730000	130
17731000	131
17732000	132
17733000	133
17734000	134
17735000	135
17736000	136
17737000	137
17738000	138
17739000	139
17740000	140
17741000	141
17742000	142
17743000	143
17744000	144
17745000	145
17746000	146
17747000	147
17748000	148
17749000	149
17750000	150
17751000	151
17752000	152
17753000	153
17754000	154
17755000	155
17756000	156
17757000	157
17758000	158
17759000	159
17760000	160
17761000	161
17762000	162
17763000	163
17764000	164
17765000	165
17766000	166
17767000	167
17768000	168
17769000	169
17770000	170
17771000	171
17772000	172
17773000	173
17774000	174
17775000	175
17776000	176
17777000	177
17778000	178
17779000	179
17780000	180
17781000	181
17782000	182
17783000	183
17784000	184
17785000	185
17786000	186
17787000	187
17788000	188
17789000	189
17790000	190
17791000	191
17792000	192
17793000	193
17794000	194
17795000	195
17796000	196
17797000	197
17798000	198
17799000	199
17800000	200
17801000	201
17802000	202
17803000	203
17804000	204
17805000	205
17806000	206
17807000	207
17808000	208
17809000	209
17810000	210
17811000	211
17812000	212
17813000	213
17814000	214
17815000	215
17816000	216
17817000	217
17818000	218
17819000	219
17820000	220
17821000	221
17822000	222
17823000	223
17824000	224
17825000	225
17826000	226
17827000	227
17828000	228
17829000	229
17830000	230
17831000	231
17832000	232
17833000	233
17834000	234
17835000	235
17836000	236
17837000	237
17838000	238
17839000	239
17840000	240
17841000	241
17842000	242
17843000	243
17844000	244
17845000	245
17846000	246
17847000	247
17848000	248
17849000	249
17850000	250
17851000	251
17852000	252
17853000	253
17854000	254
17855000	255
17856000	256
17857000	257
17858000	258
17859000	259
17860000	260
17861000	261
17862000	262
17863000	263
17864000	264
17865000	265
17866000	266
17867000	267
17868000	268
17869000	269
17870000	270
17871000	271
17872000	272
17873000	273
17874000	274
17875000	275
17876000	276
17877000	277
17878000	278
17879000	279
17880000	280
17881000	281
17882000	282
17883000	283
17884000	284
17885000	285
17886000	286
17887000	287
17888000	288
17889000	289
17890000	290
17891000	291
17892000	292
17893000	293
17894000	294
17895000	295
17896000	296
17897000	297
17898000	298
17899000	299
17900000	300
17901000	301
17902000	302
17903000	303
17904000	304
17905000	305
17906000	306
17907000	307
17908000	308
17909000	309
17910000	310
17911000	311
17912000	312
17913000	313
17914000	314
17915000	315
17916000	316
17917000	317
17918000	318
17919000	319
17920000	320
17921000	321
17922000	322
17923000	323
17924000	324
17925000	325
17926000	326
17927000	327
17928000	328
17929000	329
17930000	330
17931000	331
17932000	332
17933000	333
17934000	334
17935000	335
17936000	336
17937000	337
17938000	338
17939000	339
17940000	340
17941000	341
17942000	342
17943000	343
17944000	344
17945000	345
17946000	346
17947000	347
17948000	348
17949000	349
17950000	350
17951000	351
17952000	352
17953000	353
17954000	354
17955000	355
17956000	356
17957000	357
17958000	358
17959000	359
17960000	360
17961000	361
17962000	362
17963000	363
17964000	364
17965000	365
17966000	366
17967000	367
17968000	368
17969000	369
17970000	370
17971000	371
17972000	372
17973000	373
17974000	374
17975000	375
17976000	376
17977000	377
17978000	378
17979000	379
17980000	380
17981000	381
17982000	382
17983000	383
17984000	384
17985000	385
17986000	386
17987000	387
17988000	388
17989000	389
17990000	390
17991000	391
17992000	392
17993000	393
17994000	394
17995000	395
17996000	396
17997000	397
17998000	398
17999000	399
18000000	400
18001000	401
18002000	402
18003000	403
18004000	404
18005000	405
18006000	406
18007000	407
18008000	408
18009000	409
18010000	410
18011000	411
18012000	412
18013000	413
18014000	414
18015000	415
18016000	416
18017000	417
18018000	418
18019000	419
18020000	420
18021000	421
18022000	422
18023000	423
18024000	424
18025000	425
18026000	426
18027000	427
18028000	428
18029000	429
18030000	430
18031000	431
18032000	432
18033000	433
18034000	434
18035000	435
18036000	436
18037000	437
18038000	438
18039000	439
18040000	440
18041000	441
18042000	442
18043000	443
18044000	444
18045000	445
18046000	446
18047000	447
18048000	448
18049000	449
18050000	450
18051000	451
18052000	452
18053000	453
18054000	454
18055000	455
18056000	456
18057000	457
18058000	458
18059000	459
18060000	460
18061000	461
18062000	462
18063000	463
18064000	464
18065000	465
18066000	466
18067000	467
18068000	468
18069000	469
18070000	470
18071000	471
18072000	472
18073000	473
18074000	474
18075000	475
18076000	476
18077000	477
18078000	478
18079000	479
18080000	480
18081000	481
18082000	482
18083000	483
18084000	484
18085000	485
18086000	486
18087000	487
18088000	488
18089000	489
18090000	490
18091000	491
18092000	492
18093000	493
18094000	494
18095000	495
18096000	496
18097000	497
18098000	498
18099000	499
18100000	500
18101000	501
18102000	502
18103000	503
18104000	504
18105000	505
18106000	506
18107000	507
18108000	508
18109000	509
18110000	510
18111000	511
18112000	512
18113000	513
18114000	514
18115000	515
18116000	516
18117000	517
18118000	518
18119000	519
18120000	520
18121000	521
18122000	522
18123000	523
18124000	524
18125000	525
18126000	526
18127000	527
18128000	528
18129000	529
18130000	530
18131000	531
18132000	532
18133000	533
18134000	534
18135000	535
18136000	536
18137000	537
18138000	538
18139000	539
18140000	540
18141000	541
18142000	542
18143000	543
18144000	544
18145000	545
18146000	546
18147000	547
18148000	548
18149000	549
18150000	550
18151000	551
18152000	552
18153000	553
18154000	554
18155000	555
18156000	556
18157000	557
18158000	558
18159000	559
18160000	560
18161000	561
18162000	562
18163000	563
18164000	564
18165000	565
18166000	566
18167000	567
18168000	568
18169000	569
18170000	570
18171000	571
18172000	572
18173000	573
18174000	574
18175000	575
18176000	576
18177000	577
18178000	578
18179000	579
18180000	580
18181000	581
18182000	582
18184000	583
18185000	584
18186000	585
18187000	586
18188000	587
18189000	588
18190000	589
18191000	590
18192000	591
18193000	592
18194000	593
18195000	594
18196000	595
18197000	596
18198000	597
18199000	598
18200000	599
18201000	600
18202000	601
18203000	602
18204000	603
18205000	604
18206000	605
18207000	606
18208000	607
18209000	608
18210000	609
18211000	610
18212000	611
18213000	612
18214000	613
18215000	614
18216000	615
18217000	616
18218000	617
18219000	618
18220000	619
18221000	620
18222000	621
18223000	622
18224000	623
18225000	624
18226000	625
18227000	626
18228000	627
18229000	628
18230000	629
18231000	630
18232000	631
18233000	632
18234000	633
18235000	634
18236000	635
18237000	636
18238000	637
18239000	638
18240000	639
18241000	640
18242000	641
18243000	642
18244000	643
18245000	644
18246000	645
18247000	646
18248000	647
18249000	648
18250000	649
18251000	650
18252000	651
18253000	652
18254000	653
18255000	654
18256000	655
18257000	656
18258000	657
18259000	658
18260000	659
18261000	660
18262000	661
18263000	662
18264000	663
18265000	664
18266000	665
18267000	666
18268000	667
18270000	668
18271000	669
18272000	670
18273000	671
18274000	672
18275000	673
18276000	674
18277000	675
18278000	676
18279000	677
18280000	678
18281000	679
18282000	680
18283000	681
18284000	682
18285000	683
18286000	684
18287000	685
18288000	686
18289000	687
18290000	688
18291000	689
18292000	690
18293000	691
18294000	692
18295000	693
18296000	694
18297000	695
18298000	696
18299000	697
18300000	698
18301000	699
18302000	700
18303000	701
18304000	702
18305000	703
18306000	704
18307000	705
18308000	706
18309000	707
18310000	708
18311000	709
18312000	710
18313000	711
18314000	712
18315000	713
18316000	714
18317000	715
18318000	716
18319000	717
18320000	718
18321000	719
18322000	720
18323000	721
18324000	722
18325000	723
18326000	724
18327000	725
18328000	726
18329000	727
18330000	728
18331000	729
18332000	730
18333000	731
18334000	732
18335000	733
18336000	734
18337000	735
18338000	736
18339000	737
18340000	738
18341000	739
18342000	740
18343000	741
18344000	742
18345000	743
18346000	744
18347000	745
18348000	746
18349000	747
18350000	748
18351000	749
18352000	750
18353000	751
18354000	752
18355000	753
18356000	754
18357000	755
18358000	756
18359000	757
18360000	758
18361000	759
18362000	760
18363000	761
18364000	762
18365000	763
18366000	764
18367000	765
18368000	766
18369000	767
18370000	768
18371000	769
18372000	770
18373000	771
18374000	772
18375000	773
18376000	774
18377000	775
18378000	776
18379000	777
18380000	778
18381000	779
18382000	780
18383000	781
18384000	782
18385000	783
18386000	784
18387000	785
18388000	786
18389000	787
18390000	788
18391000	789
18392000	790
18393000	791
18394000	792
18395000	793
18396000	794
18397000	795
18398000	796
18399000	797
18400000	798
18401000	799
18402000	800
18403000	801
18404000	802
18405000	803
18406000	804
18407000	805
18408000	806
18409000	807
18410000	808
18411000	809
18412000	810
18413000	811
18414000	812
18415000	813
18416000	814
18417000	815
18418000	816
18419000	817
18420000	818
18421000	819
18422000	820
18423000	821
18424000	822
18425000	823
18426000	824
18427000	825
18428000	826
18429000	827
18430000	828
18431000	829
18432000	830
18433000	831
18434000	832
18435000	833
18436000	834
18437000	835
18438000	836
18439000	837
18440000	838
18441000	839
18442000	840
18443000	841
18444000	842
18445000	843
18446000	844
18447000	845
18448000	846
18449000	847
18450000	848
18451000	849
18452000	850
18453000	851
18454000	852
18455000	853
18456000	854
18457000	855
18458000	856
18459000	857
18460000	858
18461000	859
18462000	860
18463000	861
18464000	862
18465000	863
18466000	864
18467000	865
18468000	866
18469000	867
18470000	868
18471000	869
18472000	870
18473000	871
18474000	872
18475000	873
18476000	874
18477000	875
18478000	876
18479000	877
18480000	878
18481000	879
18482000	880
18483000	881
18484000	882
18485000	883
18486000	884
18487000	885
18488000	886
18489000	887
18490000	888
18491000	889
18492000	890
18493000	891
18494000	892
18495000	893
18496000	894
18497000	895
18498000	896
18499000	897
18500000	898
18501000	899
18502000	900
18503000	901
18504000	902
18505000	903
18506000	904
18507000	905
18508000	906
18509000	907
18510000	908
18511000	909
18512000	910
18513000	911
18514000	912
18515000	913
18516000	914
18517000	915
18518000	916
18519000	917
18520000	918
18521000	919
18522000	920
18523000	921
18524000	922
18525000	923
18526000	924
18527000	925
18528000	926
18529000	927
18530000	928
18531000	929
18532000	930
18533000	931
18534000	932
18535000	933
18536000	934
18537000	935
18538000	936
18539000	937
18540000	938
18541000	939
18542000	940
18543000	941
18544000	942
18545000	943
18546000	944
18547000	945
18548000	946
18549000	947
18550000	948
18551000	949
18552000	950
18553000	951
18554000	952
18555000	953
18556000	954
18557000	955
18558000	956
18559000	957
18560000	958
18561000	959
18562000	960
18563000	961
18564000	962
18565000	963
18566000	964
18567000	965
18568000	966
18569000	967
18570000	968
18571000	969
18572000	970
18573000	971
18574000	972
18575000	973
18576000	974
18577000	975
18578000	976
18579000	977
18580000	978
18581000	979
18582000	980
18583000	981
18584000	982
18585000	983
18586000	984
18587000	985
18588000	986
18589000	987
18590000	988
18591000	989
18592000	990
18593000	991
18594000	992
18595000	993
18596000	994
18597000	995
18598000	996
18599000	997
18600000	998
18601000	999
18602000	1000
18603000	1001
18604000	1002
18605000	1003
18606000	1004
18607000	1005
18608000	1006
18609000	1007
18610000	1008
18611000	1009
18612000	1010
18613000	1011
18614000	1012
18615000	1013
18616000	1014
18617000	1015
18618000	1016
18619000	1017
18620000	1018
18621000	1019
18622000	1020
18623000	1021
18624000	1022
18625000	1023
18626000	1024
18627000	1025
18628000	1026
18629000	1027
18630000	1028
18631000	1029
18632000	1030
18633000	1031
18634000	1032
18635000	1033
18636000	1034
18637000	1035
18638000	1036
18639000	1037
18640000	1038
18641000	1039
18642000	1040
18643000	1041
18644000	1042
18645000	1043
18646000	1044
18647000	1045
18648000	1046
18649000	1047
18650000	1048
18651000	1049
18652000	1050
18653000	1051
18654000	1052
18655000	1053
18656000	1054
18657000	1055
18658000	1056
18659000	1057
18660000	1058
18661000	1059
18662000	1060
18663000	1061
18664000	1062
18665000	1063
18666000	1064
18667000	1065
18668000	1066
18669000	1067
18670000	1068
18671000	1069
18672000	1070
18673000	1071
18674000	1072
18675000	1073
18676000	1074
18677000	1075
18678000	1076
18679000	1077
18680000	1078
18681000	1079
18682000	1080
18683000	1081
18684000	1082
18685000	1083
18686000	1084
18687000	1085
18688000	1086
18689000	1087
18690000	1088
18691000	1089
18692000	1090
18693000	1091
18694000	1092
18695000	1093
18696000	1094
18697000	1095
18698000	1096
18699000	1097
18700000	1098
18701000	1099
18702000	1100
18703000	1101
18704000	1102
18705000	1103
18706000	1104
18707000	1105
18708000	1106
18709000	1107
18710000	1108
18711000	1109
18712000	1110
18713000	1111
18714000	1112
18715000	1113
18716000	1114
18717000	1115
18718000	1116
18719000	1117
18720000	1118
18721000	1119
18722000	1120
18723000	1121
18724000	1122
18725000	1123
18726000	1124
18727000	1125
18728000	1126
18729000	1127
18730000	1128
18731000	1129
18732000	1130
18733000	1131
18734000	1132
18735000	1133
18736000	1134
18737000	1135
18738000	1136
18739000	1137
18740000	1138
18741000	1139
18742000	1140
18743000	1141
18744000	1142
18745000	1143
18746000	1144
18747000	1145
18748000	1146
18749000	1147
18750000	1148
18751000	1149
18752000	1150
18753000	1151
18754000	1152
18755000	1153
18756000	1154
18757000	1155
18758000	1156
18759000	1157
18760000	1158
18761000	1159
18762000	1160
18763000	1161
18764000	1162
18765000	1163
18766000	1164
18767000	1165
18768000	1166
18769000	1167
18770000	1168
18771000	1169
18772000	1170
18773000	1171
18774000	1172
18775000	1173
18776000	1174
18777000	1175
18778000	1176
18779000	1177
18780000	1178
18781000	1179
18782000	1180
18783000	1181
18784000	1182
18785000	1183
18786000	1184
18787000	1185
18788000	1186
18789000	1187
18790000	1188
18791000	1189
18792000	1190
18793000	1191
18794000	1192
18795000	1193
18796000	1194
18797000	1195
18798000	1196
18799000	1197
18800000	1198
