125255000	0
125260000	1
125265000	2
125270000	3
125275000	4
125280000	5
125285000	6
125290000	7
125295000	8
125300000	9
125305000	10
125310000	11
125315000	12
125320000	13
125325000	14
125330000	15
125335000	16
125340000	17
125345000	18
125350000	19
125355000	20
125360000	21
125365000	22
125370000	23
125375000	24
125380000	25
125385000	26
125390000	27
125395000	28
125400000	29
125405000	30
125410000	31
125415000	32
125420000	33
125425000	34
125430000	35
125435000	36
125440000	37
125445000	38
125450000	39
125455000	40
125460000	41
125465000	42
125470000	43
125475000	44
125480000	45
125485000	46
125490000	47
125495000	48
125500000	49
125505000	50
125510000	51
125515000	52
125520000	53
125525000	54
125530000	55
125535000	56
125540000	57
125545000	58
125550000	59
125555000	60
125560000	61
125565000	62
125570000	63
125575000	64
125580000	65
125585000	66
125590000	67
125595000	68
125600000	69
125605000	70
125610000	71
125615000	72
125620000	73
125625000	74
125630000	75
125635000	76
125640000	77
125645000	78
125650000	79
125655000	80
125660000	81
125665000	82
125670000	83
125675000	84
125680000	85
125685000	86
125690000	87
125695000	88
125700000	89
125705000	90
125710000	91
125715000	92
125720000	93
125725000	94
125730000	95
125735000	96
125740000	97
125745000	98
125750000	99
125755000	100
125760000	101
125765000	102
125770000	103
125775000	104
125780000	105
125785000	106
125790000	107
125795000	108
125800000	109
125805000	110
125810000	111
125815000	112
125820000	113
125825000	114
125830000	115
125835000	116
125840000	117
125845000	118
125850000	119
125855000	120
125860000	121
125865000	122
125870000	123
125875000	124
125880000	125
125885000	126
125890000	127
125895000	128
125900000	129
125905000	130
125910000	131
125915000	132
125920000	133
125925000	134
125930000	135
125935000	136
125940000	137
125945000	138
125950000	139
125955000	140
125960000	141
125965000	142
125970000	143
125975000	144
125980000	145
125985000	146
125990000	147
125995000	148
126000000	149
126005000	150
126010000	151
126015000	152
126020000	153
126025000	154
126030000	155
126035000	156
126040000	157
126045000	158
126050000	159
126055000	160
126060000	161
126065000	162
126070000	163
126075000	164
126080000	165
126085000	166
126090000	167
126095000	168
126100000	169
126105000	170
126110000	171
126115000	172
126120000	173
126125000	174
126130000	175
126135000	176
126140000	177
126145000	178
126150000	179
