55836000	0
55837000	1
55838000	2
55839000	3
55840000	4
55841000	5
55842000	6
55843000	7
55844000	8
55845000	9
55846000	10
55847000	11
55848000	12
55849000	13
55850000	14
55851000	15
55852000	16
55853000	17
55854000	18
55855000	19
55856000	20
55857000	21
55858000	22
55859000	23
55860000	24
55861000	25
55862000	26
55863000	27
55864000	28
55865000	29
55866000	30
55867000	31
55868000	32
55869000	33
55870000	34
55871000	35
55872000	36
55873000	37
55874000	38
55875000	39
55876000	40
55877000	41
55878000	42
55879000	43
55880000	44
55881000	45
55882000	46
55883000	47
55884000	48
55885000	49
55886000	50
55887000	51
55888000	52
55889000	53
55890000	54
55891000	55
55892000	56
55893000	57
55894000	58
55895000	59
55896000	60
55897000	61
55898000	62
55899000	63
55900000	64
55901000	65
55902000	66
55903000	67
55904000	68
55905000	69
55906000	70
55907000	71
55908000	72
55909000	73
55910000	74
55911000	75
55912000	76
55913000	77
55914000	78
55915000	79
55916000	80
55917000	81
55918000	82
55919000	83
55920000	84
55921000	85
55922000	86
55923000	87
55924000	88
55925000	89
55926000	90
55927000	91
55928000	92
55929000	93
55930000	94
55931000	95
55932000	96
55933000	97
55934000	98
55935000	99
55936000	100
55937000	101
55938000	102
55939000	103
55940000	104
55941000	105
55942000	106
55943000	107
55944000	108
55945000	109
55946000	110
55947000	111
55948000	112
55949000	113
55950000	114
55951000	115
55952000	116
55953000	117
55954000	118
55955000	119
55956000	120
55957000	121
55958000	122
55959000	123
55960000	124
55961000	125
55962000	126
55963000	127
55964000	128
55965000	129
55966000	130
55967000	131
55968000	132
55969000	133
55970000	134
55971000	135
55972000	136
55973000	137
55974000	138
55975000	139
55976000	140
55977000	141
55978000	142
55979000	143
55980000	144
55981000	145
55982000	146
55983000	147
55984000	148
55985000	149
55986000	150
55987000	151
55988000	152
55989000	153
55990000	154
55991000	155
55992000	156
55993000	157
55994000	158
55995000	159
55996000	160
55997000	161
55998000	162
55999000	163
56000000	164
56001000	165
56002000	166
56003000	167
56004000	168
56005000	169
56006000	170
56007000	171
56008000	172
56009000	173
56010000	174
56011000	175
56012000	176
56013000	177
56014000	178
56015000	179
56016000	180
56017000	181
56018000	182
56019000	183
56020000	184
56021000	185
56022000	186
56023000	187
56024000	188
56025000	189
56026000	190
56027000	191
56028000	192
56029000	193
56030000	194
56031000	195
56032000	196
56033000	197
56034000	198
56035000	199
56036000	200
56037000	201
56038000	202
56039000	203
56040000	204
56041000	205
56042000	206
56043000	207
56044000	208
56045000	209
56046000	210
56047000	211
56048000	212
56049000	213
56050000	214
56051000	215
56052000	216
56053000	217
56054000	218
56055000	219
56056000	220
56057000	221
56058000	222
56059000	223
56060000	224
56061000	225
56062000	226
56063000	227
56064000	228
56065000	229
56066000	230
56067000	231
56068000	232
56069000	233
56070000	234
56071000	235
56072000	236
56073000	237
56074000	238
56075000	239
56076000	240
56077000	241
56078000	242
56079000	243
56080000	244
56081000	245
56082000	246
56083000	247
56084000	248
56085000	249
56086000	250
56087000	251
56088000	252
56089000	253
56090000	254
56091000	255
56092000	256
56093000	257
56094000	258
56095000	259
56096000	260
56097000	261
56098000	262
56099000	263
56100000	264
56101000	265
56102000	266
56103000	267
56104000	268
56105000	269
56106000	270
56107000	271
56108000	272
56109000	273
56110000	274
56111000	275
56112000	276
56113000	277
56114000	278
56115000	279
56116000	280
56117000	281
56118000	282
56119000	283
56120000	284
56121000	285
56122000	286
56123000	287
56124000	288
56125000	289
56126000	290
56127000	291
56128000	292
56129000	293
56130000	294
56133000	295
56134000	296
56135000	297
56136000	298
56137000	299
56138000	300
56139000	301
56140000	302
56141000	303
56142000	304
56143000	305
56144000	306
56145000	307
56146000	308
56147000	309
56148000	310
56149000	311
56150000	312
56151000	313
56152000	314
56153000	315
56154000	316
56155000	317
56156000	318
56157000	319
56158000	320
56159000	321
56160000	322
56161000	323
56162000	324
56163000	325
56164000	326
56165000	327
56166000	328
56167000	329
56168000	330
56169000	331
56170000	332
56171000	333
56172000	334
56173000	335
56174000	336
56175000	337
56176000	338
56177000	339
56178000	340
56179000	341
56180000	342
56181000	343
56182000	344
56183000	345
56184000	346
56185000	347
56186000	348
56187000	349
56188000	350
56189000	351
56190000	352
56191000	353
56192000	354
56193000	355
56194000	356
56195000	357
56196000	358
56197000	359
56198000	360
56199000	361
56200000	362
56201000	363
56202000	364
56203000	365
56204000	366
56205000	367
56206000	368
56207000	369
56208000	370
56209000	371
56210000	372
56211000	373
56212000	374
56213000	375
56214000	376
56215000	377
56216000	378
56217000	379
56218000	380
56219000	381
56220000	382
56221000	383
56222000	384
56223000	385
56224000	386
56225000	387
56226000	388
56227000	389
56228000	390
56229000	391
56230000	392
56231000	393
56232000	394
56233000	395
56234000	396
56235000	397
56236000	398
56237000	399
56238000	400
56239000	401
56240000	402
56241000	403
56242000	404
56243000	405
56244000	406
56245000	407
56246000	408
56247000	409
56248000	410
56249000	411
56250000	412
56251000	413
56252000	414
56253000	415
56254000	416
56255000	417
56256000	418
56257000	419
56258000	420
56259000	421
56260000	422
56261000	423
56262000	424
56263000	425
56264000	426
56265000	427
56266000	428
56267000	429
56268000	430
56269000	431
56270000	432
56271000	433
56272000	434
56273000	435
56274000	436
56275000	437
56276000	438
56277000	439
56278000	440
56279000	441
56280000	442
56281000	443
56282000	444
56283000	445
56284000	446
56285000	447
56286000	448
56287000	449
56288000	450
56289000	451
56290000	452
56291000	453
56292000	454
56293000	455
56294000	456
56295000	457
56296000	458
56297000	459
56298000	460
56299000	461
56300000	462
56301000	463
56302000	464
56303000	465
56304000	466
56305000	467
56306000	468
56307000	469
56308000	470
56309000	471
56310000	472
56311000	473
56312000	474
56313000	475
56314000	476
56315000	477
56316000	478
56317000	479
56318000	480
56319000	481
56320000	482
56321000	483
56322000	484
56323000	485
56324000	486
