82875000	0
82880000	1
82885000	2
82890000	3
82895000	4
82900000	5
82905000	6
82910000	7
82915000	8
82920000	9
82925000	10
82930000	11
82935000	12
82940000	13
82945000	14
82950000	15
82955000	16
82960000	17
82965000	18
82970000	19
82975000	20
82980000	21
82985000	22
82990000	23
82995000	24
83000000	25
83005000	26
83010000	27
83015000	28
83020000	29
83025000	30
83030000	31
83035000	32
83040000	33
83045000	34
83050000	35
83055000	36
83060000	37
83065000	38
83070000	39
83075000	40
83080000	41
83085000	42
83090000	43
83095000	44
83100000	45
83105000	46
83110000	47
83115000	48
83120000	49
83125000	50
83130000	51
83135000	52
83140000	53
83145000	54
83150000	55
83155000	56
83160000	57
83165000	58
83170000	59
83175000	60
83180000	61
83185000	62
83190000	63
83195000	64
83200000	65
83205000	66
83210000	67
83215000	68
83220000	69
83225000	70
83230000	71
83235000	72
83240000	73
83245000	74
83250000	75
83255000	76
83260000	77
83265000	78
83270000	79
83275000	80
83280000	81
83285000	82
83290000	83
83295000	84
83300000	85
83305000	86
83310000	87
83315000	88
83320000	89
83325000	90
83330000	91
83335000	92
83340000	93
83345000	94
83350000	95
83355000	96
83360000	97
83365000	98
83370000	99
83375000	100
83380000	101
83385000	102
83390000	103
83395000	104
83400000	105
83405000	106
83410000	107
83415000	108
83420000	109
83425000	110
83430000	111
83435000	112
83440000	113
83445000	114
83450000	115
83455000	116
83460000	117
83465000	118
83470000	119
83475000	120
83480000	121
83485000	122
83490000	123
83495000	124
83500000	125
83505000	126
83510000	127
83515000	128
83520000	129
83525000	130
83530000	131
83535000	132
83540000	133
83545000	134
83550000	135
83555000	136
83560000	137
83565000	138
83570000	139
83575000	140
83580000	141
83585000	142
83590000	143
83595000	144
83600000	145
83605000	146
83610000	147
83615000	148
83620000	149
83625000	150
83630000	151
83635000	152
83640000	153
83645000	154
83650000	155
83655000	156
83660000	157
83665000	158
83670000	159
83675000	160
83680000	161
83685000	162
83690000	163
83695000	164
83700000	165
83705000	166
83710000	167
83715000	168
83720000	169
83725000	170
83730000	171
83735000	172
83740000	173
83745000	174
83750000	175
83755000	176
83760000	177
83765000	178
83770000	179
83775000	180
83780000	181
83785000	182
83790000	183
83795000	184
83800000	185
83805000	186
83810000	187
83815000	188
83820000	189
83825000	190
83830000	191
83835000	192
83840000	193
83845000	194
83850000	195
83855000	196
83860000	197
83865000	198
83870000	199
83875000	200
83880000	201
83885000	202
83890000	203
83895000	204
83900000	205
83905000	206
83910000	207
83915000	208
83920000	209
83925000	210
83930000	211
83935000	212
83940000	213
83945000	214
83955000	215
83960000	216
83965000	217
83970000	218
83975000	219
83980000	220
83985000	221
83990000	222
83995000	223
84000000	224
84005000	225
84010000	226
84015000	227
84020000	228
84025000	229
84030000	230
84035000	231
84040000	232
84045000	233
84050000	234
84055000	235
84060000	236
84065000	237
84070000	238
84075000	239
84080000	240
84085000	241
84090000	242
84095000	243
84100000	244
84105000	245
84110000	246
84115000	247
84120000	248
84125000	249
84130000	250
84135000	251
84140000	252
84145000	253
84150000	254
84155000	255
84160000	256
84165000	257
84170000	258
84175000	259
84180000	260
84185000	261
84190000	262
84195000	263
84200000	264
84205000	265
84210000	266
84215000	267
84220000	268
84225000	269
84230000	270
84235000	271
84240000	272
84245000	273
84250000	274
84255000	275
84260000	276
84265000	277
84270000	278
84275000	279
84280000	280
84285000	281
84290000	282
84295000	283
84300000	284
84305000	285
84310000	286
84315000	287
84320000	288
84325000	289
84330000	290
84335000	291
84340000	292
84345000	293
84350000	294
84355000	295
84360000	296
84365000	297
84370000	298
84375000	299
84380000	300
84385000	301
84390000	302
84395000	303
84400000	304
84405000	305
84410000	306
84415000	307
84420000	308
84425000	309
84430000	310
84435000	311
84440000	312
84445000	313
84450000	314
84455000	315
84460000	316
84465000	317
84470000	318
84475000	319
84480000	320
84485000	321
84490000	322
84495000	323
84500000	324
84505000	325
84510000	326
84515000	327
84520000	328
84525000	329
84530000	330
84535000	331
84540000	332
84545000	333
84550000	334
84555000	335
84560000	336
84565000	337
84570000	338
84575000	339
84580000	340
84585000	341
84590000	342
84595000	343
84600000	344
84605000	345
84610000	346
84615000	347
84620000	348
84625000	349
84630000	350
84635000	351
84640000	352
84645000	353
84650000	354
84655000	355
84660000	356
84665000	357
84670000	358
84675000	359
84680000	360
84685000	361
84690000	362
84695000	363
84700000	364
84705000	365
84710000	366
84715000	367
84720000	368
84725000	369
84730000	370
84735000	371
84740000	372
84745000	373
84750000	374
84755000	375
84760000	376
84765000	377
84770000	378
84775000	379
84780000	380
84785000	381
84790000	382
84795000	383
84800000	384
84805000	385
84810000	386
84815000	387
84820000	388
84825000	389
84830000	390
84835000	391
84840000	392
84845000	393
84850000	394
84855000	395
84860000	396
84865000	397
84870000	398
84875000	399
84880000	400
84885000	401
84890000	402
84895000	403
84900000	404
84905000	405
84910000	406
84915000	407
84920000	408
84925000	409
84930000	410
84935000	411
84940000	412
84945000	413
84950000	414
84955000	415
84960000	416
84965000	417
84970000	418
84975000	419
84980000	420
84985000	421
84990000	422
84995000	423
85000000	424
85005000	425
85010000	426
85015000	427
85020000	428
85025000	429
85030000	430
85035000	431
85040000	432
85045000	433
85050000	434
85055000	435
85060000	436
85065000	437
85070000	438
85075000	439
85080000	440
85085000	441
85090000	442
85095000	443
85100000	444
85105000	445
85110000	446
85115000	447
85120000	448
85125000	449
85130000	450
85135000	451
85140000	452
85145000	453
85150000	454
85155000	455
85160000	456
85165000	457
85170000	458
85175000	459
85180000	460
85185000	461
85190000	462
85195000	463
85200000	464
85205000	465
85210000	466
85215000	467
85220000	468
85225000	469
85230000	470
85235000	471
85240000	472
85245000	473
85250000	474
85255000	475
85260000	476
85265000	477
85270000	478
85275000	479
85280000	480
85285000	481
85290000	482
85295000	483
85300000	484
85305000	485
85310000	486
85315000	487
85320000	488
85325000	489
85330000	490
85335000	491
85340000	492
85345000	493
85350000	494
85355000	495
85360000	496
85365000	497
85370000	498
85375000	499
85380000	500
85385000	501
85390000	502
85395000	503
85400000	504
85405000	505
85410000	506
85415000	507
85420000	508
85425000	509
85430000	510
85435000	511
85440000	512
85445000	513
85450000	514
85455000	515
85460000	516
85465000	517
85470000	518
85475000	519
85480000	520
85485000	521
85490000	522
85495000	523
85500000	524
85505000	525
85510000	526
85515000	527
85520000	528
85525000	529
85530000	530
85535000	531
85540000	532
85545000	533
85550000	534
85555000	535
85560000	536
85565000	537
85570000	538
85575000	539
85580000	540
85585000	541
85590000	542
85595000	543
85600000	544
85605000	545
85610000	546
85615000	547
85620000	548
85625000	549
85630000	550
85635000	551
85640000	552
85645000	553
85650000	554
85655000	555
85660000	556
85665000	557
85670000	558
85675000	559
85680000	560
85685000	561
85690000	562
85695000	563
85700000	564
85705000	565
85710000	566
85715000	567
85720000	568
85725000	569
85730000	570
85735000	571
85740000	572
85745000	573
85750000	574
85755000	575
85760000	576
85765000	577
85770000	578
85775000	579
85780000	580
85785000	581
85790000	582
85795000	583
85800000	584
85805000	585
85810000	586
85815000	587
85820000	588
85825000	589
85830000	590
85835000	591
85840000	592
85845000	593
85850000	594
85855000	595
85860000	596
85865000	597
85870000	598
85875000	599
85880000	600
85885000	601
85890000	602
85895000	603
85900000	604
85905000	605
85910000	606
85915000	607
85920000	608
85925000	609
85930000	610
85935000	611
85940000	612
85945000	613
85950000	614
85955000	615
85960000	616
85965000	617
85970000	618
85975000	619
85980000	620
85985000	621
85990000	622
85995000	623
86000000	624
86005000	625
86010000	626
86015000	627
86020000	628
86025000	629
86030000	630
86035000	631
86040000	632
86045000	633
86050000	634
86055000	635
86060000	636
86065000	637
86070000	638
86075000	639
86080000	640
86085000	641
86090000	642
86095000	643
86100000	644
86105000	645
86110000	646
86115000	647
86120000	648
86125000	649
86130000	650
86135000	651
86140000	652
86145000	653
86150000	654
86155000	655
86160000	656
86165000	657
86170000	658
86175000	659
86180000	660
86185000	661
86190000	662
86195000	663
86200000	664
86205000	665
86210000	666
86215000	667
86220000	668
86225000	669
86230000	670
86235000	671
86240000	672
86245000	673
86250000	674
86255000	675
86260000	676
86265000	677
86270000	678
86275000	679
86280000	680
86285000	681
86290000	682
86295000	683
86300000	684
86305000	685
86310000	686
