46910000	0
46915000	1
46920000	2
46925000	3
46930000	4
46935000	5
46940000	6
46945000	7
46950000	8
46955000	9
46960000	10
46965000	11
46970000	12
46975000	13
46980000	14
46985000	15
46990000	16
46995000	17
47000000	18
47005000	19
47010000	20
47015000	21
47020000	22
47025000	23
47030000	24
47035000	25
47040000	26
47045000	27
47050000	28
47055000	29
47060000	30
47065000	31
47070000	32
47075000	33
47080000	34
47085000	35
47090000	36
47095000	37
47100000	38
47105000	39
47110000	40
47115000	41
47120000	42
