43345000	0
43350000	1
43355000	2
43360000	3
43365000	4
43370000	5
43375000	6
43380000	7
43385000	8
43390000	9
43395000	10
43400000	11
43405000	12
43410000	13
43415000	14
43420000	15
43425000	16
43430000	17
43435000	18
43440000	19
43445000	20
43450000	21
43455000	22
43460000	23
43465000	24
43470000	25
43475000	26
43480000	27
43485000	28
43490000	29
43495000	30
43500000	31
43505000	32
43510000	33
43515000	34
43520000	35
43525000	36
43530000	37
43535000	38
43540000	39
43545000	40
43550000	41
43555000	42
43560000	43
43565000	44
43570000	45
43575000	46
43580000	47
43585000	48
43590000	49
43595000	50
43600000	51
43605000	52
