39085000	0
39090000	1
39095000	2
39100000	3
39105000	4
39110000	5
39115000	6
39120000	7
39125000	8
39130000	9
39135000	10
39140000	11
39145000	12
39150000	13
39155000	14
39160000	15
39165000	16
39170000	17
39175000	18
39180000	19
39185000	20
39190000	21
39195000	22
39200000	23
39205000	24
39210000	25
39215000	26
39220000	27
39225000	28
39230000	29
39235000	30
39240000	31
39245000	32
39250000	33
39255000	34
39260000	35
39265000	36
39270000	37
39275000	38
39280000	39
39285000	40
39290000	41
39295000	42
39300000	43
39305000	44
39310000	45
39315000	46
39320000	47
39325000	48
39330000	49
39335000	50
39340000	51
39345000	52
39350000	53
39355000	54
39360000	55
39365000	56
39370000	57
39375000	58
39380000	59
39385000	60
39390000	61
39395000	62
39400000	63
39405000	64
39410000	65
39415000	66
39420000	67
39425000	68
39430000	69
39435000	70
39440000	71
39445000	72
39450000	73
39455000	74
39460000	75
39465000	76
39470000	77
39475000	78
39480000	79
39485000	80
39490000	81
39495000	82
39500000	83
39505000	84
39510000	85
39515000	86
39520000	87
39525000	88
39530000	89
39535000	90
39540000	91
39545000	92
39550000	93
39555000	94
39560000	95
39565000	96
39570000	97
39575000	98
39580000	99
39585000	100
39590000	101
39595000	102
39600000	103
39605000	104
39610000	105
39615000	106
39620000	107
39625000	108
39630000	109
39635000	110
39640000	111
39645000	112
39650000	113
39655000	114
39660000	115
39665000	116
39670000	117
39675000	118
39680000	119
39685000	120
39690000	121
39695000	122
39700000	123
39705000	124
39710000	125
39715000	126
39720000	127
39725000	128
39730000	129
