178950000	0
178955000	1
178960000	2
178965000	3
178970000	4
178975000	5
178980000	6
178985000	7
178990000	8
178995000	9
179000000	10
179005000	11
179010000	12
179015000	13
179020000	14
179025000	15
179030000	16
179035000	17
179040000	18
179045000	19
179050000	20
179055000	21
179060000	22
179065000	23
179070000	24
179075000	25
179080000	26
179085000	27
179090000	28
179095000	29
179100000	30
179105000	31
179110000	32
179115000	33
179120000	34
179125000	35
179130000	36
179135000	37
179140000	38
179145000	39
179150000	40
179155000	41
179160000	42
179165000	43
179170000	44
179175000	45
179180000	46
179185000	47
179190000	48
179195000	49
179200000	50
179205000	51
179210000	52
179215000	53
179220000	54
179225000	55
179230000	56
179235000	57
179240000	58
179245000	59
179250000	60
179255000	61
179260000	62
179265000	63
179270000	64
179275000	65
179280000	66
179285000	67
179290000	68
179295000	69
179300000	70
179305000	71
179310000	72
179315000	73
179320000	74
179325000	75
179330000	76
179335000	77
179340000	78
179345000	79
179350000	80
179355000	81
179360000	82
179365000	83
179370000	84
179375000	85
179380000	86
179385000	87
179390000	88
179395000	89
179400000	90
179405000	91
179410000	92
179415000	93
179420000	94
179425000	95
179430000	96
179435000	97
179440000	98
179445000	99
179450000	100
179455000	101
179460000	102
179465000	103
179470000	104
179475000	105
179480000	106
179485000	107
179490000	108
179495000	109
179500000	110
179505000	111
179510000	112
179515000	113
179525000	114
179530000	115
179535000	116
179540000	117
179545000	118
179550000	119
179555000	120
179560000	121
179565000	122
179570000	123
179575000	124
179580000	125
179585000	126
179590000	127
179595000	128
179600000	129
179605000	130
