126880000	0
126885000	1
126890000	2
126895000	3
126900000	4
126905000	5
126910000	6
126915000	7
126920000	8
126925000	9
126930000	10
126935000	11
126940000	12
126945000	13
126950000	14
126955000	15
126960000	16
126965000	17
126970000	18
126975000	19
126980000	20
126985000	21
126990000	22
126995000	23
127000000	24
127005000	25
127010000	26
127015000	27
127020000	28
127025000	29
127030000	30
127035000	31
127040000	32
127045000	33
127050000	34
127055000	35
127060000	36
127065000	37
127070000	38
127075000	39
127080000	40
127085000	41
127090000	42
127095000	43
127100000	44
127105000	45
127110000	46
127115000	47
127120000	48
127125000	49
127130000	50
127135000	51
127140000	52
127145000	53
127150000	54
127155000	55
127160000	56
127165000	57
127170000	58
127175000	59
127180000	60
127185000	61
127190000	62
127195000	63
127200000	64
127205000	65
127210000	66
127215000	67
127220000	68
127225000	69
127230000	70
127235000	71
127240000	72
127245000	73
127250000	74
127255000	75
127260000	76
127265000	77
127270000	78
127275000	79
127280000	80
127285000	81
127290000	82
127295000	83
127300000	84
127305000	85
127310000	86
127315000	87
127320000	88
127325000	89
127330000	90
127335000	91
127340000	92
127345000	93
127350000	94
127355000	95
127360000	96
127365000	97
127370000	98
127375000	99
127380000	100
127385000	101
127390000	102
127395000	103
127400000	104
127405000	105
127410000	106
127415000	107
127420000	108
127425000	109
127430000	110
127435000	111
127440000	112
127445000	113
127450000	114
127455000	115
127460000	116
127465000	117
127470000	118
127475000	119
127480000	120
127485000	121
127490000	122
127495000	123
127500000	124
127505000	125
127510000	126
127515000	127
127520000	128
127525000	129
127530000	130
127535000	131
127540000	132
127545000	133
