15310000	0
15315000	1
15320000	2
15325000	3
15330000	4
15335000	5
15340000	6
15345000	7
15350000	8
15355000	9
15360000	10
15365000	11
15370000	12
15375000	13
15380000	14
15385000	15
15390000	16
15395000	17
15400000	18
15405000	19
15410000	20
15415000	21
15420000	22
15425000	23
15430000	24
15435000	25
15440000	26
15445000	27
15450000	28
15455000	29
15460000	30
15465000	31
15470000	32
15475000	33
15480000	34
15485000	35
15490000	36
15495000	37
15500000	38
15505000	39
15510000	40
15515000	41
15520000	42
15525000	43
15530000	44
15535000	45
15540000	46
15545000	47
15550000	48
15555000	49
15560000	50
15565000	51
15570000	52
15575000	53
15580000	54
15585000	55
15590000	56
15595000	57
15600000	58
15605000	59
15610000	60
15615000	61
15620000	62
15625000	63
15630000	64
15635000	65
15640000	66
15645000	67
15650000	68
15655000	69
15660000	70
15665000	71
15670000	72
15675000	73
15680000	74
15685000	75
15690000	76
15695000	77
15700000	78
15705000	79
15710000	80
15715000	81
15720000	82
15725000	83
15730000	84
15735000	85
15740000	86
15745000	87
15750000	88
15755000	89
15760000	90
15765000	91
15770000	92
15775000	93
15780000	94
15785000	95
15790000	96
15795000	97
15800000	98
15805000	99
15810000	100
15815000	101
15820000	102
15825000	103
15830000	104
15835000	105
15840000	106
15845000	107
15850000	108
15855000	109
15860000	110
15865000	111
15870000	112
15875000	113
15880000	114
15885000	115
15890000	116
15895000	117
15900000	118
15905000	119
15910000	120
15915000	121
15920000	122
15925000	123
15930000	124
15935000	125
15940000	126
15945000	127
15950000	128
15955000	129
15960000	130
15965000	131
15970000	132
15975000	133
15980000	134
15985000	135
15990000	136
15995000	137
16000000	138
16005000	139
16010000	140
16015000	141
16020000	142
16025000	143
16030000	144
16035000	145
16040000	146
16045000	147
16050000	148
16055000	149
16060000	150
16065000	151
16070000	152
16075000	153
16080000	154
16085000	155
16090000	156
16095000	157
16100000	158
16105000	159
16110000	160
16115000	161
16120000	162
16125000	163
16130000	164
16135000	165
16140000	166
16145000	167
16150000	168
16155000	169
16160000	170
16165000	171
16170000	172
16175000	173
16180000	174
16185000	175
16190000	176
16195000	177
16200000	178
16205000	179
16210000	180
16215000	181
16220000	182
16225000	183
16230000	184
16235000	185
16240000	186
16245000	187
16250000	188
16255000	189
16260000	190
16265000	191
16270000	192
16275000	193
16280000	194
16285000	195
16290000	196
16295000	197
16300000	198
16305000	199
16310000	200
16315000	201
16320000	202
16325000	203
16330000	204
16335000	205
16340000	206
16345000	207
16350000	208
16355000	209
16360000	210
16365000	211
16370000	212
16375000	213
16380000	214
16385000	215
16390000	216
16395000	217
16400000	218
16405000	219
16410000	220
16415000	221
16420000	222
16425000	223
16430000	224
16435000	225
16440000	226
16445000	227
16450000	228
16455000	229
16460000	230
16465000	231
16470000	232
16475000	233
16480000	234
16485000	235
16490000	236
16495000	237
16500000	238
16505000	239
16510000	240
16515000	241
16520000	242
16525000	243
16530000	244
16535000	245
16540000	246
16545000	247
16550000	248
16555000	249
16560000	250
16565000	251
16570000	252
16575000	253
16580000	254
16585000	255
16590000	256
16595000	257
16600000	258
16605000	259
16610000	260
16615000	261
16620000	262
16625000	263
16630000	264
16635000	265
16640000	266
16645000	267
16650000	268
16655000	269
16660000	270
16665000	271
16670000	272
16675000	273
16680000	274
16685000	275
16690000	276
16695000	277
16700000	278
16705000	279
16710000	280
16715000	281
16720000	282
