125675000	0
125680000	1
125685000	2
125690000	3
125695000	4
125700000	5
125705000	6
125710000	7
125715000	8
125720000	9
125725000	10
125730000	11
125735000	12
125740000	13
125745000	14
125750000	15
125755000	16
125760000	17
125765000	18
125770000	19
125775000	20
125780000	21
125785000	22
125790000	23
125795000	24
125800000	25
125805000	26
125810000	27
125815000	28
125820000	29
125825000	30
125830000	31
125835000	32
125840000	33
125845000	34
125850000	35
125855000	36
125860000	37
125865000	38
125870000	39
125875000	40
125880000	41
