46275000	0
46280000	1
46285000	2
46290000	3
46295000	4
46300000	5
46305000	6
46310000	7
46315000	8
46320000	9
46325000	10
46330000	11
46335000	12
46340000	13
46345000	14
46350000	15
46355000	16
46360000	17
46365000	18
46370000	19
46375000	20
46380000	21
46385000	22
46390000	23
46395000	24
46400000	25
46405000	26
46410000	27
46415000	28
46420000	29
46425000	30
46430000	31
46435000	32
46440000	33
46445000	34
46450000	35
46455000	36
46460000	37
46465000	38
46470000	39
46475000	40
46480000	41
46485000	42
46490000	43
46495000	44
46500000	45
46505000	46
46510000	47
46515000	48
46520000	49
46525000	50
46530000	51
46535000	52
46540000	53
46545000	54
46550000	55
46555000	56
46560000	57
46565000	58
46570000	59
46575000	60
46580000	61
46585000	62
46590000	63
46595000	64
46600000	65
46605000	66
46610000	67
46615000	68
46620000	69
46625000	70
46630000	71
46635000	72
46640000	73
46645000	74
46650000	75
46655000	76
46660000	77
46665000	78
46670000	79
46675000	80
46680000	81
46685000	82
46690000	83
46695000	84
46700000	85
46705000	86
46710000	87
46715000	88
46720000	89
46725000	90
46730000	91
46735000	92
46740000	93
46745000	94
46750000	95
46755000	96
46760000	97
46765000	98
46770000	99
46775000	100
46780000	101
46785000	102
46790000	103
46795000	104
46800000	105
46805000	106
46810000	107
46815000	108
46820000	109
46825000	110
46830000	111
46835000	112
46840000	113
46845000	114
46850000	115
46855000	116
46860000	117
46865000	118
46870000	119
46875000	120
46880000	121
46885000	122
46890000	123
46895000	124
46900000	125
46905000	126
46910000	127
46915000	128
46920000	129
46925000	130
46930000	131
46935000	132
46940000	133
46945000	134
46950000	135
46955000	136
46960000	137
46965000	138
46970000	139
46975000	140
46980000	141
46985000	142
46990000	143
46995000	144
47000000	145
47005000	146
