2570000	0
2575000	1
2580000	2
2585000	3
2590000	4
2595000	5
2600000	6
2605000	7
2610000	8
2615000	9
2620000	10
2625000	11
2630000	12
2635000	13
2640000	14
2645000	15
2650000	16
2655000	17
2660000	18
2665000	19
2670000	20
2675000	21
2680000	22
2685000	23
2690000	24
2695000	25
2700000	26
2705000	27
2710000	28
2715000	29
2720000	30
2725000	31
2730000	32
2735000	33
2740000	34
2745000	35
2750000	36
2755000	37
2760000	38
2765000	39
2770000	40
2775000	41
2780000	42
2785000	43
2790000	44
2795000	45
2800000	46
2805000	47
2810000	48
2815000	49
2820000	50
2825000	51
2830000	52
2835000	53
2840000	54
2845000	55
2850000	56
2855000	57
2860000	58
2865000	59
2870000	60
2875000	61
2880000	62
2885000	63
2890000	64
2895000	65
2900000	66
2905000	67
2910000	68
