104140000	0
104145000	1
104150000	2
104155000	3
104160000	4
104165000	5
104170000	6
104175000	7
104180000	8
104185000	9
104190000	10
104195000	11
104200000	12
104205000	13
104210000	14
104215000	15
104220000	16
104225000	17
104230000	18
104235000	19
104240000	20
104245000	21
104250000	22
104255000	23
104260000	24
104265000	25
104270000	26
104275000	27
104280000	28
104285000	29
104290000	30
104295000	31
104300000	32
104305000	33
104310000	34
104315000	35
104320000	36
104325000	37
104330000	38
104335000	39
104340000	40
