107000000	0
107005000	1
107010000	2
107015000	3
107020000	4
107025000	5
107030000	6
107035000	7
107040000	8
107045000	9
107050000	10
107055000	11
107060000	12
107065000	13
107070000	14
107075000	15
107080000	16
107085000	17
107090000	18
107095000	19
107100000	20
107105000	21
107110000	22
107115000	23
107120000	24
107125000	25
107130000	26
107135000	27
107140000	28
107145000	29
107150000	30
107155000	31
107160000	32
107165000	33
107170000	34
107175000	35
107180000	36
107185000	37
107190000	38
107195000	39
107200000	40
107205000	41
107210000	42
107215000	43
107220000	44
107225000	45
107230000	46
107235000	47
107240000	48
107245000	49
107250000	50
107255000	51
107260000	52
107265000	53
107270000	54
107275000	55
107280000	56
107285000	57
