97425000	0
97426000	1
97427000	2
97428000	3
97429000	4
97430000	5
97431000	6
97432000	7
97433000	8
97434000	9
97435000	10
97436000	11
97437000	12
97438000	13
97439000	14
97440000	15
97441000	16
97442000	17
97443000	18
97444000	19
97445000	20
97446000	21
97447000	22
97448000	23
97449000	24
97450000	25
97451000	26
97452000	27
97453000	28
97454000	29
97455000	30
97456000	31
97457000	32
97458000	33
97459000	34
97460000	35
97461000	36
97462000	37
97463000	38
97464000	39
97465000	40
97466000	41
97467000	42
97468000	43
97469000	44
97470000	45
97471000	46
97472000	47
97473000	48
97474000	49
97475000	50
97476000	51
97477000	52
97478000	53
97479000	54
97480000	55
97481000	56
97482000	57
97483000	58
97484000	59
97485000	60
97486000	61
97487000	62
97488000	63
97489000	64
97490000	65
97491000	66
97492000	67
97493000	68
97494000	69
97495000	70
97496000	71
97497000	72
97498000	73
97499000	74
97500000	75
97501000	76
97502000	77
97503000	78
97504000	79
97505000	80
97506000	81
97507000	82
97508000	83
97509000	84
97510000	85
97511000	86
97512000	87
97513000	88
97514000	89
97515000	90
97516000	91
97517000	92
97518000	93
97519000	94
97520000	95
97521000	96
97522000	97
97523000	98
97524000	99
97525000	100
97526000	101
97527000	102
97528000	103
97529000	104
97530000	105
