139305000	0
139310000	1
139315000	2
139320000	3
139325000	4
139330000	5
139335000	6
139340000	7
139345000	8
139350000	9
139355000	10
139360000	11
139365000	12
139370000	13
139375000	14
139380000	15
139385000	16
139390000	17
139395000	18
139400000	19
139405000	20
139410000	21
139415000	22
139420000	23
139425000	24
139430000	25
139435000	26
139440000	27
139445000	28
139450000	29
139455000	30
139460000	31
139465000	32
139470000	33
139475000	34
139480000	35
139485000	36
139490000	37
139495000	38
139500000	39
139505000	40
139510000	41
139515000	42
139520000	43
139525000	44
139530000	45
139535000	46
139540000	47
