103060000	0
103061000	1
103062000	2
103063000	3
103064000	4
103065000	5
103066000	6
103067000	7
103068000	8
103069000	9
103070000	10
103071000	11
103072000	12
103073000	13
103074000	14
103075000	15
103076000	16
103077000	17
103078000	18
103079000	19
103080000	20
103081000	21
103082000	22
103083000	23
103084000	24
103085000	25
103086000	26
103087000	27
103088000	28
103089000	29
103090000	30
103091000	31
103092000	32
103093000	33
103094000	34
103095000	35
103096000	36
103097000	37
103098000	38
103099000	39
103100000	40
103101000	41
103102000	42
103103000	43
103104000	44
103105000	45
103106000	46
103107000	47
103108000	48
103109000	49
103110000	50
103111000	51
103112000	52
103113000	53
103114000	54
103115000	55
103116000	56
103117000	57
103118000	58
103119000	59
103120000	60
103121000	61
103122000	62
103123000	63
103124000	64
103125000	65
103126000	66
103127000	67
103128000	68
103129000	69
103130000	70
103131000	71
103132000	72
103133000	73
103134000	74
103135000	75
103136000	76
103137000	77
103138000	78
103139000	79
103140000	80
103141000	81
103142000	82
103143000	83
103144000	84
103145000	85
103146000	86
103147000	87
103148000	88
103149000	89
103150000	90
103151000	91
103152000	92
103153000	93
103154000	94
103155000	95
103156000	96
103157000	97
103158000	98
103159000	99
103160000	100
103161000	101
103162000	102
103163000	103
103164000	104
103165000	105
103166000	106
103167000	107
103168000	108
103169000	109
103170000	110
103171000	111
103172000	112
103173000	113
103174000	114
103175000	115
103176000	116
103177000	117
103178000	118
103179000	119
103180000	120
103181000	121
103182000	122
103183000	123
103184000	124
103185000	125
103186000	126
103187000	127
103188000	128
103189000	129
103190000	130
103191000	131
103192000	132
103193000	133
103194000	134
103195000	135
103196000	136
103197000	137
103198000	138
103199000	139
103200000	140
103201000	141
103202000	142
103203000	143
103204000	144
103205000	145
103206000	146
103207000	147
103208000	148
103209000	149
103210000	150
103211000	151
103212000	152
103213000	153
103214000	154
103215000	155
103216000	156
103217000	157
103218000	158
103219000	159
103220000	160
103221000	161
103222000	162
103223000	163
103224000	164
103225000	165
103226000	166
103227000	167
103228000	168
103229000	169
103230000	170
103231000	171
103232000	172
103233000	173
103234000	174
103235000	175
103236000	176
103237000	177
103238000	178
103239000	179
103240000	180
103241000	181
103242000	182
103243000	183
103244000	184
103245000	185
103246000	186
103247000	187
103248000	188
103249000	189
103250000	190
103251000	191
103252000	192
103253000	193
103254000	194
103255000	195
103256000	196
103257000	197
103258000	198
103259000	199
103260000	200
103261000	201
103262000	202
103263000	203
103264000	204
103265000	205
103266000	206
103267000	207
103268000	208
103269000	209
103270000	210
103271000	211
103272000	212
103273000	213
103274000	214
103275000	215
103276000	216
103277000	217
103278000	218
103279000	219
103280000	220
103281000	221
103282000	222
103283000	223
103284000	224
103285000	225
103286000	226
103287000	227
103288000	228
103289000	229
103290000	230
103291000	231
103292000	232
103293000	233
103294000	234
103295000	235
103296000	236
103297000	237
103298000	238
103299000	239
103300000	240
103301000	241
103302000	242
103303000	243
103304000	244
103305000	245
103306000	246
103307000	247
103308000	248
103309000	249
103310000	250
103311000	251
103312000	252
103313000	253
103314000	254
103315000	255
103316000	256
103317000	257
103318000	258
103319000	259
103320000	260
103321000	261
103322000	262
103323000	263
103324000	264
103325000	265
103326000	266
103327000	267
103328000	268
103329000	269
103330000	270
103331000	271
103332000	272
103333000	273
103334000	274
103335000	275
103336000	276
103337000	277
103338000	278
103339000	279
103340000	280
103341000	281
103342000	282
103343000	283
103344000	284
103345000	285
103346000	286
103347000	287
103348000	288
103349000	289
103350000	290
103351000	291
103352000	292
103353000	293
103354000	294
103355000	295
103356000	296
103357000	297
103358000	298
103359000	299
103360000	300
103361000	301
103362000	302
103363000	303
103364000	304
103365000	305
103366000	306
103367000	307
103368000	308
103369000	309
103370000	310
103371000	311
103372000	312
103373000	313
103374000	314
103375000	315
103376000	316
103377000	317
103378000	318
103379000	319
103380000	320
103381000	321
103382000	322
103383000	323
103384000	324
103385000	325
103386000	326
103387000	327
103388000	328
103389000	329
103390000	330
103391000	331
103392000	332
103393000	333
103394000	334
103395000	335
103396000	336
103397000	337
103398000	338
103399000	339
103400000	340
103401000	341
103402000	342
103403000	343
103404000	344
103405000	345
103406000	346
103407000	347
103408000	348
103409000	349
103410000	350
103411000	351
103412000	352
103413000	353
103414000	354
103415000	355
103416000	356
103417000	357
103418000	358
103419000	359
103420000	360
103421000	361
103422000	362
103423000	363
103424000	364
103425000	365
103426000	366
103427000	367
103428000	368
103429000	369
103430000	370
103431000	371
103432000	372
103433000	373
103434000	374
103435000	375
103436000	376
103437000	377
103438000	378
103439000	379
103440000	380
103441000	381
103442000	382
103443000	383
103444000	384
103445000	385
103446000	386
103447000	387
103448000	388
103449000	389
103450000	390
103451000	391
103452000	392
103453000	393
103454000	394
103455000	395
103456000	396
103457000	397
103458000	398
103459000	399
103460000	400
103461000	401
103462000	402
103463000	403
103464000	404
103465000	405
103466000	406
103467000	407
103468000	408
103469000	409
103470000	410
103471000	411
103472000	412
103473000	413
103474000	414
103475000	415
103476000	416
103477000	417
103478000	418
103479000	419
103480000	420
103481000	421
103482000	422
103483000	423
103484000	424
103485000	425
