23370000	0
23375000	1
23380000	2
23385000	3
23390000	4
23395000	5
23400000	6
23405000	7
23410000	8
23415000	9
23420000	10
23425000	11
23430000	12
23435000	13
23440000	14
23445000	15
23450000	16
23455000	17
23460000	18
23465000	19
23470000	20
23475000	21
23480000	22
23485000	23
23490000	24
23495000	25
23500000	26
23505000	27
23510000	28
23515000	29
23520000	30
23525000	31
23530000	32
23535000	33
23540000	34
23545000	35
23550000	36
23555000	37
23560000	38
23565000	39
23570000	40
23575000	41
23580000	42
23585000	43
23590000	44
23595000	45
