40070000	0
40075000	1
40080000	2
40085000	3
40090000	4
40095000	5
40100000	6
40105000	7
40110000	8
40115000	9
40120000	10
40125000	11
40130000	12
40135000	13
40140000	14
40145000	15
40150000	16
40155000	17
40160000	18
40165000	19
40170000	20
40175000	21
40180000	22
40185000	23
40190000	24
40195000	25
40200000	26
40205000	27
40210000	28
40215000	29
40220000	30
40225000	31
40230000	32
40235000	33
40240000	34
40245000	35
40250000	36
40255000	37
40260000	38
40265000	39
40270000	40
40275000	41
40280000	42
40285000	43
40290000	44
40295000	45
40300000	46
40305000	47
40310000	48
40315000	49
40320000	50
40325000	51
40330000	52
40335000	53
40340000	54
40345000	55
40350000	56
40355000	57
40360000	58
40365000	59
40370000	60
40375000	61
40380000	62
40385000	63
40390000	64
40395000	65
40400000	66
40405000	67
40410000	68
40415000	69
40420000	70
40425000	71
40430000	72
40435000	73
40440000	74
40445000	75
40450000	76
40455000	77
40460000	78
40465000	79
40470000	80
40475000	81
40480000	82
40485000	83
40490000	84
40495000	85
40500000	86
40505000	87
40510000	88
40515000	89
40520000	90
40525000	91
40530000	92
40535000	93
40540000	94
40545000	95
40550000	96
40555000	97
40560000	98
40565000	99
40570000	100
40575000	101
40580000	102
40585000	103
40590000	104
40595000	105
40600000	106
40605000	107
40610000	108
40615000	109
40620000	110
40625000	111
40630000	112
40635000	113
40640000	114
40645000	115
40650000	116
40655000	117
40660000	118
40665000	119
40670000	120
40675000	121
40680000	122
40685000	123
40690000	124
40695000	125
40700000	126
40705000	127
40710000	128
40715000	129
40720000	130
40725000	131
40730000	132
