155475000	0
155480000	1
155485000	2
155490000	3
155495000	4
155500000	5
155505000	6
155510000	7
155515000	8
155520000	9
155525000	10
155530000	11
155535000	12
155540000	13
155545000	14
155550000	15
155555000	16
155560000	17
155565000	18
155570000	19
155575000	20
155580000	21
155585000	22
155590000	23
155595000	24
155600000	25
155605000	26
155610000	27
155615000	28
155620000	29
155625000	30
155630000	31
155635000	32
155640000	33
155645000	34
155650000	35
155655000	36
155660000	37
155665000	38
155670000	39
155675000	40
155680000	41
155685000	42
155690000	43
155695000	44
155700000	45
155705000	46
155710000	47
155715000	48
155720000	49
155725000	50
155730000	51
155735000	52
155740000	53
155745000	54
155750000	55
155755000	56
155760000	57
155765000	58
155770000	59
155775000	60
155780000	61
155785000	62
155790000	63
155795000	64
