42580000	0
42585000	1
42590000	2
42595000	3
42600000	4
42605000	5
42610000	6
42615000	7
42620000	8
42625000	9
42630000	10
42635000	11
42640000	12
42645000	13
42650000	14
42655000	15
42660000	16
42665000	17
42670000	18
42675000	19
42680000	20
42685000	21
42690000	22
42695000	23
42700000	24
42705000	25
42710000	26
42715000	27
42720000	28
42725000	29
42730000	30
42735000	31
42740000	32
42745000	33
42750000	34
42755000	35
42760000	36
42765000	37
42770000	38
42775000	39
42780000	40
42785000	41
42790000	42
42795000	43
42800000	44
42805000	45
42810000	46
42815000	47
42820000	48
42825000	49
42830000	50
42835000	51
42840000	52
42845000	53
42850000	54
42855000	55
42860000	56
42865000	57
42870000	58
42875000	59
42880000	60
42885000	61
42890000	62
42895000	63
42900000	64
42905000	65
42910000	66
42915000	67
42920000	68
42925000	69
42930000	70
42935000	71
