152030000	0
152035000	1
152040000	2
152045000	3
152050000	4
152055000	5
152060000	6
152065000	7
152070000	8
152075000	9
152080000	10
152085000	11
152090000	12
152095000	13
152100000	14
152105000	15
152110000	16
152115000	17
152120000	18
152125000	19
152130000	20
152135000	21
152140000	22
152145000	23
152150000	24
152155000	25
152160000	26
152165000	27
152170000	28
152175000	29
152180000	30
152185000	31
152190000	32
152195000	33
152200000	34
152205000	35
152210000	36
152215000	37
152220000	38
152225000	39
152230000	40
152235000	41
152240000	42
152245000	43
152250000	44
152255000	45
152260000	46
152265000	47
152270000	48
152275000	49
152280000	50
152285000	51
152290000	52
152295000	53
152300000	54
152305000	55
152310000	56
152315000	57
152320000	58
152325000	59
152330000	60
152335000	61
152340000	62
152345000	63
152350000	64
152355000	65
152360000	66
152365000	67
