18715000	0
18720000	1
18725000	2
18730000	3
18735000	4
18740000	5
18745000	6
18750000	7
18755000	8
18760000	9
18765000	10
18770000	11
18775000	12
18780000	13
18785000	14
18790000	15
18795000	16
18800000	17
18805000	18
18810000	19
18815000	20
18820000	21
18825000	22
18830000	23
18835000	24
18840000	25
18845000	26
18850000	27
18855000	28
18860000	29
18865000	30
18870000	31
18875000	32
18880000	33
18885000	34
18890000	35
18895000	36
18900000	37
18905000	38
18910000	39
18915000	40
18920000	41
18925000	42
18930000	43
18935000	44
18940000	45
18945000	46
18950000	47
18955000	48
18960000	49
18965000	50
18970000	51
18975000	52
18980000	53
18985000	54
18990000	55
18995000	56
19000000	57
19005000	58
19010000	59
19015000	60
19020000	61
19025000	62
19030000	63
19035000	64
19040000	65
19045000	66
19050000	67
19055000	68
19060000	69
19065000	70
19070000	71
19075000	72
19080000	73
19085000	74
19090000	75
19095000	76
19100000	77
19105000	78
19110000	79
19115000	80
19120000	81
19125000	82
19130000	83
19135000	84
19140000	85
19145000	86
19150000	87
19155000	88
19160000	89
19165000	90
19170000	91
19175000	92
19180000	93
19185000	94
19190000	95
19195000	96
19200000	97
19205000	98
19210000	99
19215000	100
19220000	101
19225000	102
19230000	103
19235000	104
19240000	105
19245000	106
19250000	107
19255000	108
19260000	109
19265000	110
19270000	111
19275000	112
19280000	113
19285000	114
19290000	115
19295000	116
19300000	117
19305000	118
19310000	119
19315000	120
19320000	121
19325000	122
19330000	123
19335000	124
19340000	125
19345000	126
19350000	127
19355000	128
19360000	129
19365000	130
19370000	131
19375000	132
19380000	133
19385000	134
19390000	135
19395000	136
19400000	137
19405000	138
19410000	139
19415000	140
19420000	141
19425000	142
19430000	143
19435000	144
19440000	145
19445000	146
19450000	147
19455000	148
19460000	149
19465000	150
19470000	151
19475000	152
19480000	153
19485000	154
19490000	155
19495000	156
19500000	157
19505000	158
19510000	159
19515000	160
19520000	161
19525000	162
19530000	163
19535000	164
19540000	165
19545000	166
19550000	167
19555000	168
19560000	169
19565000	170
19570000	171
19575000	172
19580000	173
19585000	174
19590000	175
19595000	176
19600000	177
19605000	178
19610000	179
19615000	180
19620000	181
19625000	182
19630000	183
19635000	184
19640000	185
19645000	186
19650000	187
19655000	188
19660000	189
19665000	190
19670000	191
19675000	192
19680000	193
19685000	194
19690000	195
19695000	196
19700000	197
19705000	198
19710000	199
19715000	200
19720000	201
19725000	202
19730000	203
19735000	204
19740000	205
19745000	206
19750000	207
19755000	208
19760000	209
19765000	210
19770000	211
19775000	212
19780000	213
19785000	214
19790000	215
19795000	216
19800000	217
19805000	218
19810000	219
19815000	220
19820000	221
19825000	222
19830000	223
19835000	224
19840000	225
19845000	226
19850000	227
19855000	228
19860000	229
19865000	230
19870000	231
19875000	232
19880000	233
19885000	234
19890000	235
19895000	236
19900000	237
19905000	238
19910000	239
19915000	240
19920000	241
19925000	242
19930000	243
19935000	244
19940000	245
19945000	246
19950000	247
19955000	248
19960000	249
19965000	250
19970000	251
19975000	252
19980000	253
19985000	254
19990000	255
19995000	256
20000000	257
20005000	258
20010000	259
20015000	260
20020000	261
20025000	262
20030000	263
20035000	264
20040000	265
20045000	266
20050000	267
20055000	268
20060000	269
20065000	270
20070000	271
20075000	272
20080000	273
20085000	274
20090000	275
20095000	276
20100000	277
20105000	278
20110000	279
20115000	280
20120000	281
20125000	282
20130000	283
20135000	284
20140000	285
20145000	286
20150000	287
20155000	288
20160000	289
20165000	290
20170000	291
20175000	292
20180000	293
20185000	294
20190000	295
20195000	296
20200000	297
20205000	298
20210000	299
20215000	300
20220000	301
20225000	302
20230000	303
20235000	304
20240000	305
20245000	306
20250000	307
20255000	308
20260000	309
20265000	310
20270000	311
20275000	312
20280000	313
20285000	314
20290000	315
20295000	316
20300000	317
20305000	318
20310000	319
20315000	320
20320000	321
20325000	322
20330000	323
20335000	324
20340000	325
20345000	326
20350000	327
20355000	328
20360000	329
20365000	330
20370000	331
20375000	332
20380000	333
20385000	334
20390000	335
20395000	336
20400000	337
20405000	338
20410000	339
20415000	340
20420000	341
20425000	342
20430000	343
20435000	344
20440000	345
