1240000	0
1245000	1
1250000	2
1255000	3
1260000	4
1265000	5
1270000	6
1275000	7
1280000	8
1285000	9
1290000	10
1295000	11
1300000	12
1305000	13
1310000	14
1315000	15
1320000	16
1325000	17
1330000	18
1335000	19
1340000	20
1345000	21
1350000	22
1355000	23
1360000	24
1365000	25
1370000	26
1375000	27
1380000	28
1385000	29
1390000	30
1395000	31
1400000	32
1405000	33
1410000	34
1415000	35
1420000	36
1425000	37
1430000	38
1435000	39
1440000	40
1445000	41
1450000	42
1455000	43
1460000	44
1465000	45
1470000	46
1475000	47
1480000	48
1485000	49
1490000	50
1495000	51
1500000	52
1505000	53
1510000	54
1515000	55
1520000	56
1525000	57
1530000	58
1535000	59
1540000	60
1545000	61
1550000	62
1555000	63
1560000	64
1565000	65
1570000	66
1575000	67
1580000	68
1585000	69
