117825000	0
117830000	1
117835000	2
117840000	3
117845000	4
117850000	5
117855000	6
117860000	7
117865000	8
117870000	9
117875000	10
117880000	11
117885000	12
117890000	13
117895000	14
117900000	15
117905000	16
117910000	17
117915000	18
117920000	19
117925000	20
117930000	21
117935000	22
117940000	23
117945000	24
117950000	25
117955000	26
117960000	27
117965000	28
117970000	29
117975000	30
117980000	31
117985000	32
117990000	33
117995000	34
118000000	35
118005000	36
118010000	37
118015000	38
118020000	39
118025000	40
118030000	41
118035000	42
118040000	43
118045000	44
118050000	45
118055000	46
118060000	47
118065000	48
118070000	49
118075000	50
118080000	51
118085000	52
118090000	53
118095000	54
118100000	55
118105000	56
118110000	57
118115000	58
118120000	59
118125000	60
118130000	61
118135000	62
118140000	63
118145000	64
118150000	65
118155000	66
118160000	67
118165000	68
118170000	69
118175000	70
118180000	71
118185000	72
118190000	73
118195000	74
118200000	75
118205000	76
118210000	77
118215000	78
118220000	79
118225000	80
118230000	81
118235000	82
118240000	83
118245000	84
118250000	85
118255000	86
118260000	87
118265000	88
118270000	89
118275000	90
118280000	91
118285000	92
118290000	93
118295000	94
118300000	95
118305000	96
118310000	97
118315000	98
118320000	99
118325000	100
118330000	101
118335000	102
118340000	103
118345000	104
118350000	105
118355000	106
118360000	107
118365000	108
118370000	109
118375000	110
118380000	111
118385000	112
118390000	113
118395000	114
118400000	115
118405000	116
118410000	117
118415000	118
118420000	119
118425000	120
118430000	121
118435000	122
118440000	123
118445000	124
118450000	125
118455000	126
118460000	127
118465000	128
118470000	129
118475000	130
118480000	131
118485000	132
118490000	133
118495000	134
118500000	135
118505000	136
118510000	137
118515000	138
118520000	139
118525000	140
118530000	141
118535000	142
118540000	143
118545000	144
118550000	145
118555000	146
118560000	147
118565000	148
118570000	149
118575000	150
118580000	151
118585000	152
118590000	153
118595000	154
118600000	155
118605000	156
118610000	157
118615000	158
118620000	159
118625000	160
118630000	161
118635000	162
118640000	163
118645000	164
118650000	165
118655000	166
118660000	167
118665000	168
118670000	169
118675000	170
118680000	171
118685000	172
118690000	173
118695000	174
118700000	175
118705000	176
118710000	177
118715000	178
118720000	179
118725000	180
118730000	181
118735000	182
118740000	183
118745000	184
118750000	185
118755000	186
118760000	187
118765000	188
118770000	189
118775000	190
118780000	191
118785000	192
118790000	193
118795000	194
118800000	195
118805000	196
118810000	197
118815000	198
118820000	199
118825000	200
118830000	201
118835000	202
118840000	203
118845000	204
118850000	205
118855000	206
118860000	207
118865000	208
118870000	209
118875000	210
118880000	211
118885000	212
118890000	213
118895000	214
118900000	215
118905000	216
118910000	217
118915000	218
118920000	219
118925000	220
118930000	221
118935000	222
118940000	223
118945000	224
118950000	225
118955000	226
118960000	227
118965000	228
118970000	229
118975000	230
118980000	231
118985000	232
118990000	233
118995000	234
119000000	235
119005000	236
119010000	237
119015000	238
119020000	239
119025000	240
119030000	241
119035000	242
119040000	243
119045000	244
119050000	245
119055000	246
119060000	247
119065000	248
119070000	249
119075000	250
119080000	251
119085000	252
119090000	253
119095000	254
119100000	255
119105000	256
119110000	257
119115000	258
119120000	259
119125000	260
119130000	261
119135000	262
119140000	263
119145000	264
119150000	265
119155000	266
119160000	267
119165000	268
119170000	269
119175000	270
119180000	271
119185000	272
119190000	273
119195000	274
119200000	275
119205000	276
119210000	277
119215000	278
119220000	279
119225000	280
119230000	281
119235000	282
119240000	283
119245000	284
119250000	285
119255000	286
119260000	287
119265000	288
119270000	289
119275000	290
119280000	291
119285000	292
119290000	293
119295000	294
119300000	295
119305000	296
119310000	297
119315000	298
119320000	299
119325000	300
119330000	301
119335000	302
119340000	303
119345000	304
119350000	305
119355000	306
119360000	307
119365000	308
119370000	309
119375000	310
119380000	311
119385000	312
119390000	313
119395000	314
119400000	315
119405000	316
119410000	317
119415000	318
119420000	319
119425000	320
119430000	321
119435000	322
119440000	323
119445000	324
119450000	325
119455000	326
119460000	327
119465000	328
119470000	329
119475000	330
119480000	331
119485000	332
119490000	333
119495000	334
119500000	335
119505000	336
119510000	337
119515000	338
119520000	339
119525000	340
119530000	341
119535000	342
119540000	343
119545000	344
119550000	345
119555000	346
119560000	347
119565000	348
119570000	349
119575000	350
119580000	351
119585000	352
119590000	353
119595000	354
119600000	355
119605000	356
119610000	357
119615000	358
119620000	359
119625000	360
119630000	361
119635000	362
119640000	363
119645000	364
119650000	365
119655000	366
119660000	367
119665000	368
119670000	369
119675000	370
119680000	371
119685000	372
119690000	373
119695000	374
119700000	375
119705000	376
119710000	377
119715000	378
119720000	379
119725000	380
119730000	381
119735000	382
119740000	383
119745000	384
119750000	385
119755000	386
119760000	387
119765000	388
119770000	389
119775000	390
119780000	391
119785000	392
119790000	393
119795000	394
119800000	395
119805000	396
119810000	397
119815000	398
119820000	399
119825000	400
119830000	401
119835000	402
119840000	403
119845000	404
119850000	405
119855000	406
119860000	407
119865000	408
119870000	409
119875000	410
119880000	411
119885000	412
119890000	413
119895000	414
119900000	415
119905000	416
119910000	417
119915000	418
119920000	419
119925000	420
119930000	421
119935000	422
119940000	423
119945000	424
119950000	425
119955000	426
119960000	427
119965000	428
119970000	429
119975000	430
119980000	431
119985000	432
119990000	433
119995000	434
120000000	435
120005000	436
120010000	437
120015000	438
120020000	439
120025000	440
120030000	441
120035000	442
120040000	443
120045000	444
120050000	445
120055000	446
120060000	447
120065000	448
120070000	449
120075000	450
120080000	451
120085000	452
120090000	453
120095000	454
120100000	455
120105000	456
120110000	457
120115000	458
120120000	459
120125000	460
120130000	461
120135000	462
120140000	463
120145000	464
120150000	465
120155000	466
120160000	467
120165000	468
120170000	469
120175000	470
120180000	471
120185000	472
120190000	473
120195000	474
120200000	475
120205000	476
120210000	477
120215000	478
120220000	479
120225000	480
120230000	481
120235000	482
120240000	483
120245000	484
120250000	485
120255000	486
120260000	487
120265000	488
120270000	489
120275000	490
120280000	491
120285000	492
120290000	493
120295000	494
120300000	495
120305000	496
120310000	497
120315000	498
120320000	499
120325000	500
120330000	501
120335000	502
120340000	503
120345000	504
120350000	505
120355000	506
120360000	507
120365000	508
120370000	509
