135405000	0
135410000	1
135415000	2
135420000	3
135425000	4
135430000	5
135435000	6
135440000	7
135445000	8
135450000	9
135455000	10
135460000	11
135465000	12
135470000	13
135475000	14
135480000	15
135485000	16
135490000	17
135495000	18
135500000	19
135505000	20
135510000	21
135515000	22
135520000	23
135525000	24
135530000	25
135535000	26
135540000	27
135545000	28
135550000	29
135555000	30
135560000	31
135565000	32
135570000	33
135575000	34
135580000	35
135585000	36
135590000	37
135595000	38
135600000	39
135605000	40
135610000	41
135615000	42
135620000	43
135625000	44
135630000	45
135635000	46
135640000	47
135645000	48
135650000	49
135655000	50
135660000	51
135665000	52
135670000	53
135675000	54
135680000	55
135685000	56
135690000	57
135695000	58
135700000	59
135705000	60
135710000	61
135715000	62
135720000	63
135725000	64
135730000	65
135735000	66
135740000	67
135745000	68
135750000	69
135755000	70
135760000	71
135765000	72
135770000	73
135775000	74
135780000	75
135785000	76
135790000	77
135795000	78
135800000	79
135805000	80
135810000	81
135815000	82
135820000	83
135825000	84
135830000	85
135835000	86
135840000	87
135845000	88
135850000	89
135855000	90
135860000	91
135865000	92
135870000	93
135875000	94
135880000	95
135885000	96
135890000	97
135895000	98
135900000	99
135905000	100
135910000	101
135915000	102
135920000	103
135925000	104
135930000	105
135935000	106
135940000	107
135945000	108
135950000	109
135955000	110
135960000	111
135965000	112
135970000	113
135975000	114
135980000	115
135985000	116
135990000	117
135995000	118
136000000	119
136005000	120
136010000	121
136015000	122
136020000	123
136025000	124
136030000	125
136035000	126
136040000	127
136045000	128
136050000	129
136055000	130
136060000	131
136065000	132
136070000	133
136075000	134
136080000	135
136085000	136
136090000	137
136095000	138
136105000	139
136110000	140
136115000	141
136120000	142
136125000	143
136130000	144
136135000	145
136140000	146
136145000	147
136150000	148
136155000	149
136160000	150
136165000	151
136170000	152
136175000	153
136180000	154
136185000	155
136190000	156
136195000	157
136200000	158
136205000	159
136210000	160
136215000	161
136220000	162
136225000	163
136230000	164
136235000	165
136240000	166
136245000	167
136250000	168
136255000	169
136260000	170
136265000	171
136270000	172
136275000	173
136280000	174
136285000	175
136290000	176
136295000	177
136300000	178
136305000	179
136310000	180
136315000	181
136320000	182
136325000	183
136330000	184
136335000	185
136340000	186
136345000	187
136350000	188
136355000	189
136360000	190
136365000	191
136370000	192
136375000	193
136380000	194
136385000	195
136390000	196
136395000	197
136400000	198
136405000	199
136410000	200
136415000	201
136420000	202
136425000	203
136430000	204
136435000	205
136440000	206
136445000	207
136450000	208
136455000	209
136460000	210
136465000	211
136470000	212
136475000	213
136480000	214
136485000	215
136490000	216
136495000	217
136500000	218
136505000	219
136510000	220
136515000	221
136520000	222
136525000	223
136530000	224
136535000	225
136540000	226
136545000	227
136550000	228
136555000	229
136560000	230
136565000	231
136570000	232
136575000	233
136580000	234
136585000	235
136590000	236
136595000	237
136600000	238
136605000	239
136610000	240
136615000	241
136620000	242
136625000	243
136630000	244
136635000	245
136640000	246
136645000	247
136650000	248
136655000	249
136660000	250
136665000	251
136670000	252
136675000	253
136680000	254
136685000	255
136690000	256
136695000	257
136700000	258
136705000	259
136710000	260
136715000	261
136720000	262
136725000	263
136730000	264
136735000	265
136740000	266
136745000	267
136750000	268
136755000	269
136760000	270
136765000	271
136770000	272
136775000	273
136780000	274
136785000	275
136790000	276
136795000	277
136800000	278
136805000	279
136810000	280
136815000	281
136820000	282
136825000	283
136830000	284
136835000	285
136840000	286
136845000	287
136850000	288
136855000	289
136860000	290
136865000	291
136870000	292
136875000	293
136880000	294
136885000	295
136890000	296
136895000	297
136900000	298
136905000	299
136910000	300
136915000	301
136920000	302
136925000	303
136930000	304
136935000	305
136940000	306
136945000	307
136950000	308
136955000	309
136960000	310
136965000	311
136970000	312
136975000	313
136980000	314
136985000	315
136990000	316
136995000	317
137000000	318
137005000	319
137010000	320
137015000	321
137020000	322
137025000	323
137030000	324
137035000	325
137040000	326
137045000	327
137050000	328
137055000	329
137060000	330
137065000	331
137070000	332
137075000	333
137080000	334
137085000	335
137090000	336
137095000	337
137100000	338
137105000	339
137110000	340
137115000	341
137120000	342
137125000	343
137130000	344
137135000	345
137140000	346
137145000	347
137150000	348
137155000	349
137160000	350
137165000	351
137170000	352
137175000	353
137180000	354
137185000	355
137190000	356
137195000	357
137200000	358
137205000	359
137210000	360
137215000	361
137220000	362
137225000	363
137230000	364
137235000	365
137240000	366
137245000	367
137250000	368
137255000	369
137260000	370
137265000	371
137270000	372
137275000	373
137280000	374
