90680000	0
90685000	1
90690000	2
90695000	3
90700000	4
90705000	5
90710000	6
90715000	7
90720000	8
90725000	9
90730000	10
90735000	11
90740000	12
90745000	13
90750000	14
90755000	15
90760000	16
90765000	17
90770000	18
90775000	19
90780000	20
90785000	21
90790000	22
90795000	23
90800000	24
90805000	25
90810000	26
90815000	27
90820000	28
90825000	29
90830000	30
90835000	31
90840000	32
90845000	33
90850000	34
90855000	35
90860000	36
90865000	37
90870000	38
90875000	39
90880000	40
90885000	41
90890000	42
90895000	43
90900000	44
90905000	45
90910000	46
90915000	47
90920000	48
90925000	49
90930000	50
90935000	51
90940000	52
90945000	53
90950000	54
90955000	55
90960000	56
90965000	57
90970000	58
90975000	59
90980000	60
90985000	61
90990000	62
90995000	63
91000000	64
91005000	65
91010000	66
91015000	67
91020000	68
91025000	69
91030000	70
91035000	71
91040000	72
91045000	73
91050000	74
91055000	75
91060000	76
91065000	77
91070000	78
91075000	79
91080000	80
91085000	81
91090000	82
91095000	83
91100000	84
91105000	85
91110000	86
91115000	87
91120000	88
91125000	89
91130000	90
91135000	91
91140000	92
91145000	93
91150000	94
91155000	95
91160000	96
91165000	97
91170000	98
91175000	99
91180000	100
91185000	101
91190000	102
91195000	103
91200000	104
91205000	105
91210000	106
91215000	107
91220000	108
91225000	109
91230000	110
91235000	111
91240000	112
91245000	113
91250000	114
91255000	115
91260000	116
91265000	117
91270000	118
91275000	119
91280000	120
91285000	121
91290000	122
91295000	123
91300000	124
91305000	125
91310000	126
91315000	127
91320000	128
91325000	129
91330000	130
91335000	131
91340000	132
91345000	133
91350000	134
91355000	135
91360000	136
91365000	137
91370000	138
91375000	139
91380000	140
91385000	141
91390000	142
91395000	143
91400000	144
91405000	145
91410000	146
91415000	147
