815000	0
820000	1
825000	2
830000	3
835000	4
840000	5
845000	6
850000	7
855000	8
860000	9
865000	10
870000	11
875000	12
880000	13
885000	14
890000	15
895000	16
900000	17
905000	18
910000	19
915000	20
920000	21
925000	22
930000	23
935000	24
940000	25
945000	26
950000	27
955000	28
960000	29
965000	30
970000	31
975000	32
980000	33
985000	34
990000	35
995000	36
1000000	37
1005000	38
1010000	39
1015000	40
1020000	41
1025000	42
1030000	43
1035000	44
1040000	45
1045000	46
1050000	47
1055000	48
1060000	49
1065000	50
1070000	51
1075000	52
1080000	53
1085000	54
1090000	55
1095000	56
1100000	57
1105000	58
1110000	59
1115000	60
1120000	61
1125000	62
1130000	63
1135000	64
1140000	65
1145000	66
1150000	67
1155000	68
1160000	69
1165000	70
1170000	71
1175000	72
1180000	73
1185000	74
1190000	75
1195000	76
1200000	77
1205000	78
1210000	79
1215000	80
1220000	81
1225000	82
1230000	83
1235000	84
