91425000	0
91430000	1
91435000	2
91440000	3
91445000	4
91450000	5
91455000	6
91460000	7
91465000	8
91470000	9
91475000	10
91480000	11
91485000	12
91490000	13
91495000	14
91500000	15
91505000	16
91510000	17
91515000	18
91520000	19
91525000	20
91530000	21
91535000	22
91540000	23
91545000	24
91550000	25
91555000	26
91560000	27
91565000	28
91570000	29
91575000	30
91580000	31
91585000	32
91590000	33
91595000	34
91600000	35
91605000	36
91610000	37
91615000	38
91620000	39
91625000	40
91630000	41
91635000	42
91640000	43
91645000	44
91650000	45
91655000	46
91660000	47
91665000	48
91670000	49
91675000	50
91680000	51
91685000	52
91690000	53
91695000	54
91700000	55
91705000	56
91710000	57
91715000	58
91720000	59
91725000	60
91730000	61
91735000	62
91740000	63
91745000	64
91750000	65
91755000	66
91760000	67
91765000	68
91770000	69
91775000	70
91780000	71
91785000	72
91790000	73
91795000	74
91800000	75
91805000	76
91810000	77
91815000	78
91820000	79
91825000	80
91830000	81
91835000	82
91840000	83
91845000	84
91850000	85
91855000	86
91860000	87
91865000	88
91870000	89
91875000	90
91880000	91
91885000	92
91890000	93
91895000	94
91900000	95
91905000	96
91910000	97
91915000	98
91920000	99
91925000	100
91930000	101
91935000	102
91940000	103
91945000	104
91950000	105
91955000	106
91960000	107
91965000	108
91970000	109
91975000	110
91980000	111
91985000	112
91990000	113
91995000	114
92000000	115
92005000	116
92010000	117
92015000	118
92020000	119
92025000	120
92030000	121
92035000	122
92040000	123
92045000	124
92050000	125
92055000	126
92060000	127
92065000	128
92070000	129
92075000	130
92080000	131
92085000	132
92090000	133
92095000	134
92100000	135
92105000	136
92110000	137
92115000	138
