123930000	0
123931000	1
123932000	2
123933000	3
123934000	4
123935000	5
123936000	6
123937000	7
123938000	8
123939000	9
123940000	10
123941000	11
123942000	12
123943000	13
123944000	14
123945000	15
123946000	16
123947000	17
123948000	18
123949000	19
123950000	20
123951000	21
123952000	22
123953000	23
123954000	24
123955000	25
123956000	26
123957000	27
123958000	28
123959000	29
123960000	30
123963000	31
123964000	32
123965000	33
123966000	34
123967000	35
123968000	36
123969000	37
123970000	38
123971000	39
123972000	40
123973000	41
123974000	42
123975000	43
123976000	44
123977000	45
123978000	46
123979000	47
123980000	48
123981000	49
123982000	50
123983000	51
123984000	52
123985000	53
123986000	54
123987000	55
123988000	56
123989000	57
123990000	58
123991000	59
123992000	60
123993000	61
123994000	62
123995000	63
123996000	64
123997000	65
123998000	66
123999000	67
124000000	68
124001000	69
124002000	70
124003000	71
124004000	72
124005000	73
124006000	74
124007000	75
124008000	76
124009000	77
124010000	78
124011000	79
124012000	80
124013000	81
124014000	82
124015000	83
124016000	84
124017000	85
124018000	86
124019000	87
124020000	88
124021000	89
124022000	90
124023000	91
124024000	92
124025000	93
124026000	94
124027000	95
124028000	96
124029000	97
124030000	98
124031000	99
124032000	100
124033000	101
124034000	102
124035000	103
124036000	104
124037000	105
124038000	106
124039000	107
124040000	108
124041000	109
124042000	110
124043000	111
124044000	112
124045000	113
124046000	114
124047000	115
124048000	116
124049000	117
124050000	118
124051000	119
124052000	120
124053000	121
124054000	122
124055000	123
124056000	124
124057000	125
124058000	126
124059000	127
124060000	128
124061000	129
124062000	130
124063000	131
124064000	132
124065000	133
124066000	134
124067000	135
124068000	136
124069000	137
124070000	138
124071000	139
124072000	140
124073000	141
124074000	142
124075000	143
124076000	144
124077000	145
124078000	146
124079000	147
124080000	148
124081000	149
124082000	150
124083000	151
124084000	152
124085000	153
124086000	154
124087000	155
124088000	156
124089000	157
124090000	158
124091000	159
124092000	160
124093000	161
124094000	162
124095000	163
