43200000	0
43205000	1
43210000	2
43215000	3
43220000	4
43225000	5
43230000	6
43235000	7
43240000	8
43245000	9
43250000	10
43255000	11
43260000	12
43265000	13
43270000	14
43275000	15
43280000	16
43285000	17
43290000	18
43295000	19
43300000	20
43305000	21
43310000	22
43315000	23
43320000	24
43325000	25
43330000	26
43335000	27
43340000	28
43345000	29
43350000	30
43355000	31
43360000	32
43365000	33
43370000	34
43375000	35
43380000	36
43385000	37
43390000	38
43395000	39
43400000	40
43405000	41
43410000	42
43415000	43
43420000	44
43425000	45
43430000	46
43435000	47
43440000	48
43445000	49
43450000	50
43455000	51
43460000	52
43465000	53
43470000	54
43475000	55
43480000	56
43485000	57
43490000	58
43495000	59
43500000	60
43505000	61
43510000	62
43515000	63
43520000	64
43525000	65
43530000	66
43535000	67
43540000	68
43545000	69
43550000	70
43555000	71
43560000	72
43565000	73
43570000	74
43575000	75
43580000	76
43585000	77
43590000	78
43595000	79
43600000	80
43605000	81
43610000	82
43615000	83
43620000	84
43625000	85
43630000	86
43635000	87
43640000	88
43645000	89
43650000	90
43655000	91
43660000	92
43665000	93
43670000	94
43675000	95
43680000	96
43685000	97
