79070000	0
79075000	1
79080000	2
79085000	3
79090000	4
79095000	5
79100000	6
79105000	7
79110000	8
79115000	9
79120000	10
79125000	11
79130000	12
79135000	13
79140000	14
79145000	15
79150000	16
79155000	17
79160000	18
79165000	19
79170000	20
79175000	21
79180000	22
79185000	23
79190000	24
79195000	25
79200000	26
79205000	27
79210000	28
79215000	29
79220000	30
79225000	31
79230000	32
79235000	33
79240000	34
79245000	35
79250000	36
79255000	37
79260000	38
79265000	39
79270000	40
79275000	41
79280000	42
79285000	43
79290000	44
79295000	45
79300000	46
79305000	47
79310000	48
79315000	49
79320000	50
79325000	51
79330000	52
79335000	53
79340000	54
79345000	55
79350000	56
79355000	57
79360000	58
79365000	59
79370000	60
79375000	61
79380000	62
79385000	63
79390000	64
79395000	65
79400000	66
79405000	67
79410000	68
79415000	69
79420000	70
79425000	71
79430000	72
79435000	73
79440000	74
79445000	75
79450000	76
79455000	77
79460000	78
79465000	79
79470000	80
79475000	81
79480000	82
79485000	83
79490000	84
79495000	85
79500000	86
79505000	87
79510000	88
79515000	89
79520000	90
79525000	91
79530000	92
79535000	93
79540000	94
79545000	95
79550000	96
79555000	97
79560000	98
79565000	99
79570000	100
79575000	101
79580000	102
79585000	103
79590000	104
79595000	105
79600000	106
79605000	107
79610000	108
79615000	109
79620000	110
79625000	111
79630000	112
79635000	113
79640000	114
79645000	115
79650000	116
79655000	117
79660000	118
79665000	119
79670000	120
79675000	121
79680000	122
79685000	123
79690000	124
79695000	125
79700000	126
79705000	127
79710000	128
79715000	129
79720000	130
79725000	131
79730000	132
79735000	133
79740000	134
79745000	135
79750000	136
79755000	137
79760000	138
79765000	139
79770000	140
79775000	141
79780000	142
79785000	143
79790000	144
79795000	145
79800000	146
79805000	147
79810000	148
79815000	149
79820000	150
79825000	151
79830000	152
79835000	153
79840000	154
79845000	155
79850000	156
79855000	157
79860000	158
79865000	159
79870000	160
79875000	161
79880000	162
79885000	163
79890000	164
79895000	165
79900000	166
79905000	167
79910000	168
79915000	169
79920000	170
79925000	171
79930000	172
79935000	173
79940000	174
79945000	175
79950000	176
79955000	177
79960000	178
79965000	179
79970000	180
79975000	181
79980000	182
79985000	183
79990000	184
79995000	185
80000000	186
80005000	187
80010000	188
80015000	189
80020000	190
80025000	191
80030000	192
80035000	193
80040000	194
80045000	195
80050000	196
80055000	197
80060000	198
80065000	199
80070000	200
80075000	201
80080000	202
80085000	203
80090000	204
80095000	205
80100000	206
80105000	207
80110000	208
80115000	209
80120000	210
80125000	211
80130000	212
80135000	213
80140000	214
80145000	215
80150000	216
80155000	217
80160000	218
80165000	219
80170000	220
80175000	221
80180000	222
80185000	223
80190000	224
80195000	225
80200000	226
80205000	227
80210000	228
80215000	229
80220000	230
80225000	231
80230000	232
80235000	233
80240000	234
80245000	235
80250000	236
80255000	237
80260000	238
80265000	239
80270000	240
80275000	241
80280000	242
80285000	243
80290000	244
80295000	245
80300000	246
80305000	247
80310000	248
80315000	249
80320000	250
80325000	251
80330000	252
80335000	253
80340000	254
80345000	255
80350000	256
80355000	257
80360000	258
80365000	259
80370000	260
80375000	261
80380000	262
80385000	263
80390000	264
80395000	265
80400000	266
80405000	267
80410000	268
80415000	269
80420000	270
80425000	271
80430000	272
80435000	273
80440000	274
80445000	275
80450000	276
80455000	277
80460000	278
80465000	279
80470000	280
80475000	281
80480000	282
80485000	283
80490000	284
80495000	285
80500000	286
80505000	287
80510000	288
80515000	289
80520000	290
80525000	291
80530000	292
80535000	293
80540000	294
80545000	295
80550000	296
80555000	297
80560000	298
80565000	299
80570000	300
80575000	301
80580000	302
80585000	303
80590000	304
80595000	305
80600000	306
80605000	307
80610000	308
80615000	309
80620000	310
80625000	311
80630000	312
80635000	313
80640000	314
80645000	315
80650000	316
80655000	317
80660000	318
80665000	319
80670000	320
80675000	321
80680000	322
80685000	323
80690000	324
80695000	325
80700000	326
80705000	327
80710000	328
80715000	329
80720000	330
80725000	331
80730000	332
80735000	333
80740000	334
80745000	335
80750000	336
80755000	337
80760000	338
80765000	339
80770000	340
80775000	341
80780000	342
80785000	343
80790000	344
80795000	345
80800000	346
80805000	347
80810000	348
80815000	349
80820000	350
80825000	351
80830000	352
80835000	353
80840000	354
80845000	355
80850000	356
80855000	357
80860000	358
80865000	359
80870000	360
80875000	361
80880000	362
80885000	363
80890000	364
80895000	365
80900000	366
80905000	367
80910000	368
80915000	369
80920000	370
80925000	371
80930000	372
80935000	373
80940000	374
80945000	375
80950000	376
80955000	377
80960000	378
80965000	379
80970000	380
80975000	381
80980000	382
80985000	383
80990000	384
80995000	385
81000000	386
81005000	387
81010000	388
81015000	389
81020000	390
81025000	391
81030000	392
81035000	393
81040000	394
81045000	395
81050000	396
81055000	397
81060000	398
81065000	399
81070000	400
81075000	401
81080000	402
81085000	403
81090000	404
81095000	405
81100000	406
81105000	407
81110000	408
81115000	409
81120000	410
81125000	411
81130000	412
81135000	413
81140000	414
81145000	415
81150000	416
81155000	417
81160000	418
81165000	419
81170000	420
81175000	421
81180000	422
81185000	423
81190000	424
81195000	425
81200000	426
81205000	427
81210000	428
81215000	429
81220000	430
81225000	431
81230000	432
81235000	433
81240000	434
81245000	435
81250000	436
81255000	437
81260000	438
81265000	439
81270000	440
81275000	441
81280000	442
81285000	443
81290000	444
81295000	445
81300000	446
81305000	447
81310000	448
81315000	449
81320000	450
81325000	451
81330000	452
81335000	453
81340000	454
81345000	455
81350000	456
81355000	457
81360000	458
81365000	459
81370000	460
81375000	461
81380000	462
81385000	463
81390000	464
81395000	465
81400000	466
81405000	467
