35000	0
40000	1
45000	2
50000	3
55000	4
60000	5
65000	6
70000	7
75000	8
80000	9
85000	10
90000	11
95000	12
100000	13
105000	14
110000	15
115000	16
120000	17
125000	18
130000	19
135000	20
140000	21
145000	22
150000	23
155000	24
160000	25
165000	26
170000	27
175000	28
180000	29
185000	30
190000	31
195000	32
200000	33
205000	34
210000	35
215000	36
220000	37
225000	38
230000	39
280000	40
285000	41
290000	42
295000	43
300000	44
305000	45
310000	46
315000	47
320000	48
325000	49
330000	50
335000	51
340000	52
345000	53
350000	54
355000	55
360000	56
365000	57
370000	58
375000	59
380000	60
385000	61
390000	62
395000	63
400000	64
405000	65
410000	66
415000	67
420000	68
425000	69
430000	70
435000	71
440000	72
445000	73
450000	74
455000	75
460000	76
465000	77
470000	78
475000	79
480000	80
485000	81
490000	82
495000	83
500000	84
505000	85
510000	86
515000	87
520000	88
525000	89
530000	90
535000	91
540000	92
545000	93
550000	94
