105135000	0
105140000	1
105145000	2
105150000	3
105155000	4
105160000	5
105165000	6
105170000	7
105175000	8
105180000	9
105185000	10
105190000	11
105195000	12
105200000	13
105205000	14
105210000	15
105215000	16
105220000	17
105225000	18
105230000	19
105235000	20
105240000	21
105245000	22
105250000	23
105255000	24
105260000	25
105265000	26
105270000	27
105275000	28
105280000	29
105285000	30
105290000	31
105295000	32
105300000	33
105305000	34
105310000	35
105315000	36
105320000	37
105325000	38
105330000	39
105335000	40
105340000	41
105345000	42
105350000	43
105355000	44
105360000	45
105365000	46
105370000	47
105375000	48
105380000	49
105385000	50
105390000	51
105395000	52
105400000	53
105405000	54
105410000	55
105415000	56
105420000	57
105425000	58
105430000	59
105435000	60
105440000	61
105445000	62
105450000	63
105455000	64
105460000	65
105465000	66
105470000	67
105475000	68
105480000	69
105485000	70
105490000	71
105495000	72
105500000	73
105505000	74
105510000	75
105515000	76
105520000	77
105525000	78
