46040000	0
46045000	1
46050000	2
46055000	3
46060000	4
46065000	5
46070000	6
46075000	7
46080000	8
46085000	9
46090000	10
46095000	11
46100000	12
46105000	13
46110000	14
46115000	15
46120000	16
46125000	17
46130000	18
46135000	19
46140000	20
46145000	21
46150000	22
46155000	23
46160000	24
46165000	25
46170000	26
46175000	27
46180000	28
46185000	29
46190000	30
46195000	31
46200000	32
46205000	33
46210000	34
46215000	35
46220000	36
46225000	37
46230000	38
46235000	39
46240000	40
46245000	41
46250000	42
46255000	43
46260000	44
