229366000	0
229367000	1
229368000	2
229369000	3
229370000	4
229371000	5
229372000	6
229373000	7
229374000	8
229375000	9
229376000	10
229377000	11
229378000	12
229379000	13
229380000	14
229381000	15
229382000	16
229383000	17
229384000	18
229385000	19
229386000	20
229387000	21
229388000	22
229389000	23
229390000	24
229391000	25
229392000	26
229393000	27
229394000	28
229395000	29
229396000	30
229397000	31
229398000	32
229399000	33
229400000	34
229401000	35
229402000	36
229403000	37
229404000	38
229405000	39
229406000	40
229407000	41
229408000	42
229409000	43
229410000	44
229411000	45
229412000	46
229413000	47
229414000	48
229415000	49
229416000	50
229417000	51
229418000	52
229419000	53
229420000	54
229421000	55
229422000	56
229423000	57
229424000	58
229425000	59
229426000	60
229427000	61
229428000	62
229429000	63
229430000	64
229431000	65
229432000	66
229433000	67
229434000	68
229435000	69
229436000	70
229437000	71
229438000	72
229439000	73
229440000	74
229441000	75
229442000	76
229443000	77
229444000	78
229445000	79
229446000	80
229447000	81
229448000	82
229449000	83
229450000	84
229451000	85
229452000	86
229453000	87
229454000	88
229455000	89
229456000	90
229457000	91
229458000	92
229459000	93
229460000	94
229461000	95
229462000	96
229463000	97
229464000	98
229465000	99
229466000	100
229467000	101
229468000	102
229469000	103
229470000	104
229471000	105
229472000	106
229473000	107
229474000	108
229475000	109
229476000	110
229477000	111
229478000	112
229479000	113
229480000	114
229481000	115
229482000	116
229483000	117
229484000	118
229485000	119
229486000	120
229487000	121
229488000	122
229489000	123
229490000	124
229491000	125
229492000	126
229493000	127
229494000	128
229495000	129
229496000	130
229497000	131
229498000	132
229499000	133
229500000	134
229501000	135
229502000	136
229503000	137
229504000	138
229505000	139
229506000	140
229507000	141
229508000	142
229509000	143
229510000	144
229511000	145
229512000	146
229513000	147
229514000	148
229515000	149
229516000	150
229517000	151
229518000	152
229519000	153
229520000	154
229521000	155
229522000	156
229523000	157
229524000	158
229525000	159
229526000	160
229527000	161
229528000	162
229529000	163
229530000	164
229531000	165
229532000	166
229533000	167
229534000	168
229535000	169
229536000	170
229537000	171
229538000	172
229539000	173
229540000	174
229541000	175
229542000	176
229543000	177
229544000	178
229545000	179
229546000	180
229547000	181
229548000	182
229549000	183
229550000	184
229551000	185
229552000	186
229553000	187
229554000	188
229555000	189
229556000	190
229557000	191
229558000	192
229559000	193
229560000	194
229561000	195
229562000	196
229563000	197
229564000	198
229565000	199
229566000	200
229567000	201
229568000	202
229569000	203
229570000	204
229571000	205
229572000	206
229573000	207
229574000	208
229575000	209
229576000	210
229577000	211
229578000	212
229579000	213
229580000	214
229581000	215
229582000	216
229583000	217
229584000	218
229585000	219
229586000	220
229587000	221
229588000	222
229589000	223
229590000	224
229591000	225
229592000	226
229593000	227
229594000	228
229595000	229
229596000	230
229597000	231
229598000	232
229599000	233
229600000	234
229601000	235
229602000	236
229603000	237
229604000	238
229605000	239
229606000	240
229607000	241
229608000	242
229609000	243
229610000	244
229611000	245
229612000	246
229613000	247
229614000	248
229615000	249
229616000	250
229617000	251
229618000	252
229619000	253
229620000	254
229621000	255
229622000	256
229623000	257
229624000	258
229625000	259
229626000	260
229627000	261
229628000	262
229629000	263
229630000	264
229631000	265
229632000	266
229633000	267
229634000	268
229635000	269
229636000	270
229637000	271
229638000	272
229639000	273
229640000	274
229641000	275
229642000	276
229643000	277
229644000	278
229645000	279
229646000	280
229647000	281
229648000	282
229649000	283
229650000	284
229651000	285
229652000	286
229653000	287
229654000	288
229655000	289
229656000	290
229657000	291
229658000	292
229659000	293
229660000	294
229661000	295
229662000	296
229663000	297
229664000	298
229665000	299
229666000	300
229667000	301
229668000	302
229669000	303
229670000	304
229671000	305
229672000	306
229673000	307
229674000	308
229675000	309
229676000	310
229677000	311
229678000	312
229679000	313
229680000	314
229681000	315
229682000	316
229683000	317
229684000	318
229685000	319
229686000	320
229687000	321
229688000	322
229689000	323
229690000	324
229691000	325
229692000	326
229693000	327
229694000	328
229695000	329
229696000	330
229697000	331
229698000	332
229699000	333
229700000	334
229701000	335
229702000	336
229703000	337
229704000	338
229705000	339
229706000	340
229707000	341
229708000	342
229709000	343
229710000	344
229711000	345
229712000	346
229713000	347
229714000	348
229715000	349
229716000	350
229717000	351
229718000	352
229719000	353
229720000	354
229721000	355
229722000	356
229723000	357
229724000	358
229725000	359
229726000	360
229727000	361
229728000	362
229729000	363
229730000	364
229731000	365
229732000	366
229733000	367
229734000	368
229735000	369
229736000	370
229737000	371
229738000	372
229739000	373
229740000	374
229741000	375
229742000	376
229743000	377
229744000	378
229745000	379
229746000	380
229747000	381
229748000	382
229749000	383
229750000	384
229751000	385
229752000	386
229753000	387
229754000	388
229755000	389
229756000	390
229757000	391
229758000	392
229759000	393
229760000	394
229761000	395
229762000	396
229763000	397
229764000	398
229765000	399
229766000	400
229767000	401
229768000	402
229769000	403
229770000	404
229771000	405
229772000	406
229773000	407
229774000	408
229775000	409
