88465000	0
88470000	1
88475000	2
88480000	3
88485000	4
88490000	5
88495000	6
88500000	7
88505000	8
88510000	9
88515000	10
88520000	11
88525000	12
88530000	13
88535000	14
88540000	15
88545000	16
88550000	17
88555000	18
88560000	19
88565000	20
88570000	21
88575000	22
88580000	23
88585000	24
88590000	25
88595000	26
88600000	27
88605000	28
88610000	29
88615000	30
88620000	31
88625000	32
88630000	33
88635000	34
88640000	35
88645000	36
88650000	37
88655000	38
88660000	39
88665000	40
88670000	41
88675000	42
88680000	43
88685000	44
88690000	45
88695000	46
88700000	47
88705000	48
88710000	49
88715000	50
88720000	51
88725000	52
88730000	53
88735000	54
88740000	55
88745000	56
88750000	57
88755000	58
88760000	59
88765000	60
88770000	61
88775000	62
88780000	63
88785000	64
88790000	65
88795000	66
88800000	67
88805000	68
88810000	69
88815000	70
88820000	71
88825000	72
88830000	73
88835000	74
88840000	75
88845000	76
88850000	77
88855000	78
88860000	79
88865000	80
88870000	81
88875000	82
88880000	83
88885000	84
88890000	85
88895000	86
88900000	87
88905000	88
88910000	89
88915000	90
88920000	91
88925000	92
88930000	93
88935000	94
88940000	95
88945000	96
88950000	97
88955000	98
88960000	99
88965000	100
88970000	101
88975000	102
88980000	103
88985000	104
88990000	105
88995000	106
89000000	107
89005000	108
89010000	109
89015000	110
89020000	111
89025000	112
89030000	113
89035000	114
89040000	115
89045000	116
89050000	117
89055000	118
89060000	119
89065000	120
89070000	121
89075000	122
89080000	123
89085000	124
89090000	125
89095000	126
89100000	127
89105000	128
89110000	129
89115000	130
89120000	131
89125000	132
89130000	133
89135000	134
89140000	135
89145000	136
89150000	137
89155000	138
89160000	139
89165000	140
89170000	141
89175000	142
89180000	143
89185000	144
89190000	145
89195000	146
89200000	147
89205000	148
89210000	149
89215000	150
89220000	151
89225000	152
89230000	153
89235000	154
89240000	155
89245000	156
89250000	157
89255000	158
89260000	159
89265000	160
89270000	161
89275000	162
89280000	163
89285000	164
89290000	165
89295000	166
89300000	167
89305000	168
89310000	169
89315000	170
89320000	171
89325000	172
89330000	173
89335000	174
89340000	175
89345000	176
89350000	177
89355000	178
89360000	179
89365000	180
89370000	181
89375000	182
89380000	183
89385000	184
89390000	185
89395000	186
89400000	187
89405000	188
89410000	189
89415000	190
89420000	191
89425000	192
89430000	193
89435000	194
89440000	195
89445000	196
89450000	197
89455000	198
89460000	199
89465000	200
89470000	201
89475000	202
89480000	203
89485000	204
89490000	205
89495000	206
89500000	207
89505000	208
89510000	209
89515000	210
89520000	211
89525000	212
89530000	213
89535000	214
89540000	215
89545000	216
89550000	217
89555000	218
89560000	219
89565000	220
89570000	221
89575000	222
89580000	223
89585000	224
89590000	225
89595000	226
89600000	227
89605000	228
89610000	229
89615000	230
89620000	231
89625000	232
89630000	233
89635000	234
89640000	235
89645000	236
89650000	237
89655000	238
89660000	239
89665000	240
89670000	241
89675000	242
89680000	243
89685000	244
89690000	245
89695000	246
89700000	247
89705000	248
89710000	249
89715000	250
89720000	251
89725000	252
89730000	253
89735000	254
89740000	255
89745000	256
89750000	257
89755000	258
89760000	259
89765000	260
