59080000	0
59085000	1
59090000	2
59095000	3
59100000	4
59105000	5
59110000	6
59115000	7
59120000	8
59125000	9
59130000	10
59135000	11
59140000	12
59145000	13
59150000	14
59155000	15
59160000	16
59165000	17
59170000	18
59175000	19
59180000	20
59185000	21
59190000	22
59195000	23
59200000	24
59205000	25
59210000	26
59215000	27
59220000	28
59225000	29
59230000	30
59235000	31
59240000	32
59245000	33
59250000	34
59255000	35
59260000	36
59265000	37
59270000	38
59275000	39
59280000	40
59285000	41
59290000	42
59295000	43
59300000	44
59305000	45
59310000	46
59315000	47
59320000	48
59325000	49
59330000	50
59335000	51
59340000	52
59345000	53
59350000	54
59355000	55
59360000	56
59365000	57
59370000	58
59375000	59
59380000	60
59385000	61
59390000	62
59395000	63
59400000	64
59405000	65
59410000	66
59415000	67
59420000	68
59425000	69
59430000	70
