116840000	0
116845000	1
116850000	2
116855000	3
116860000	4
116865000	5
116870000	6
116875000	7
116880000	8
116885000	9
116890000	10
116895000	11
116900000	12
116905000	13
116910000	14
116915000	15
116920000	16
116925000	17
116930000	18
116935000	19
116940000	20
116945000	21
116950000	22
116955000	23
116960000	24
116965000	25
116970000	26
116975000	27
116980000	28
116985000	29
116990000	30
116995000	31
117000000	32
117005000	33
117010000	34
117015000	35
117020000	36
117025000	37
117030000	38
117035000	39
117040000	40
117045000	41
117050000	42
117055000	43
117060000	44
117065000	45
117070000	46
117075000	47
