135720000	0
135725000	1
135730000	2
135735000	3
135740000	4
135745000	5
135750000	6
135755000	7
135760000	8
135765000	9
135770000	10
135775000	11
135780000	12
135785000	13
135790000	14
135795000	15
135800000	16
135805000	17
135810000	18
135815000	19
135820000	20
135825000	21
135830000	22
135835000	23
135840000	24
135845000	25
135850000	26
135855000	27
135860000	28
135865000	29
135870000	30
135875000	31
135880000	32
135885000	33
135890000	34
135895000	35
135900000	36
135905000	37
135910000	38
135915000	39
135920000	40
135925000	41
135930000	42
135935000	43
135940000	44
135945000	45
135950000	46
135955000	47
135960000	48
135965000	49
135970000	50
135975000	51
135980000	52
135985000	53
135990000	54
135995000	55
136000000	56
136005000	57
136010000	58
136015000	59
136020000	60
136025000	61
136030000	62
136035000	63
136040000	64
136045000	65
136050000	66
136055000	67
136060000	68
136065000	69
136070000	70
136075000	71
136080000	72
136085000	73
136090000	74
136095000	75
136100000	76
136105000	77
136110000	78
136115000	79
136120000	80
136125000	81
136130000	82
136135000	83
136140000	84
136145000	85
136150000	86
136155000	87
136160000	88
136165000	89
136170000	90
136175000	91
136180000	92
136185000	93
136190000	94
136195000	95
136200000	96
136205000	97
136210000	98
136215000	99
136220000	100
136225000	101
136230000	102
136235000	103
136240000	104
136245000	105
136250000	106
136255000	107
136260000	108
136265000	109
136270000	110
136275000	111
136280000	112
136285000	113
136290000	114
136295000	115
136300000	116
136305000	117
136310000	118
136315000	119
136320000	120
136325000	121
136330000	122
136335000	123
136340000	124
136345000	125
136350000	126
136355000	127
136360000	128
136365000	129
136370000	130
136375000	131
136380000	132
136385000	133
136390000	134
136395000	135
136400000	136
136405000	137
136410000	138
136415000	139
136420000	140
136425000	141
136430000	142
136435000	143
136440000	144
136445000	145
136450000	146
136455000	147
136460000	148
136465000	149
136470000	150
136475000	151
136480000	152
136485000	153
136490000	154
136495000	155
136500000	156
136505000	157
136510000	158
136515000	159
136520000	160
136525000	161
136530000	162
136535000	163
136540000	164
136545000	165
136550000	166
136555000	167
136560000	168
136565000	169
136570000	170
136575000	171
136580000	172
136585000	173
136590000	174
136595000	175
136600000	176
136605000	177
136610000	178
136615000	179
136620000	180
136625000	181
136630000	182
136635000	183
