182060000	0
182065000	1
182070000	2
182075000	3
182080000	4
182085000	5
182090000	6
182095000	7
182100000	8
182105000	9
182110000	10
182115000	11
182120000	12
182125000	13
182130000	14
182135000	15
182140000	16
182145000	17
182150000	18
182155000	19
182160000	20
182165000	21
182170000	22
182175000	23
182180000	24
182185000	25
182190000	26
182195000	27
182200000	28
182205000	29
182210000	30
182215000	31
182220000	32
182225000	33
182230000	34
182235000	35
182240000	36
182245000	37
182250000	38
182255000	39
182260000	40
182265000	41
182270000	42
182275000	43
182280000	44
182285000	45
182290000	46
182295000	47
182300000	48
182305000	49
182310000	50
182315000	51
182320000	52
182325000	53
182335000	54
182340000	55
182345000	56
182350000	57
182355000	58
182360000	59
182365000	60
182370000	61
182375000	62
182380000	63
182385000	64
182390000	65
182395000	66
182400000	67
182405000	68
182410000	69
182415000	70
182420000	71
182425000	72
182430000	73
182435000	74
182440000	75
182445000	76
182450000	77
182455000	78
182460000	79
182465000	80
182470000	81
182475000	82
