154440000	0
154445000	1
154450000	2
154455000	3
154460000	4
154465000	5
154470000	6
154475000	7
154480000	8
154485000	9
154490000	10
154495000	11
154500000	12
154505000	13
154510000	14
154515000	15
154520000	16
154525000	17
154530000	18
154535000	19
154540000	20
154545000	21
154550000	22
154555000	23
154560000	24
154565000	25
154570000	26
154575000	27
154580000	28
154585000	29
154590000	30
154595000	31
154600000	32
154605000	33
154610000	34
154615000	35
154620000	36
154625000	37
154630000	38
154635000	39
154640000	40
154645000	41
154650000	42
154655000	43
154660000	44
154665000	45
154670000	46
154675000	47
154680000	48
154685000	49
154690000	50
154695000	51
154700000	52
154705000	53
154710000	54
154715000	55
154720000	56
154725000	57
154730000	58
154735000	59
154740000	60
154745000	61
154750000	62
154755000	63
154760000	64
154765000	65
154770000	66
154775000	67
154780000	68
154785000	69
154790000	70
154795000	71
154800000	72
154805000	73
154810000	74
154815000	75
154820000	76
154825000	77
154830000	78
154835000	79
154840000	80
154845000	81
154850000	82
154855000	83
154860000	84
154865000	85
154870000	86
154875000	87
154880000	88
154885000	89
154890000	90
154895000	91
154900000	92
154905000	93
154910000	94
154915000	95
154920000	96
154925000	97
154930000	98
154935000	99
154940000	100
154945000	101
154950000	102
154955000	103
154960000	104
154965000	105
154970000	106
