39325000	0
39330000	1
39335000	2
39340000	3
39345000	4
39350000	5
39355000	6
39360000	7
39365000	8
39370000	9
39375000	10
39380000	11
39385000	12
39390000	13
39395000	14
39400000	15
39405000	16
39410000	17
39415000	18
39420000	19
39425000	20
39430000	21
39435000	22
39440000	23
39445000	24
39450000	25
39455000	26
39460000	27
39465000	28
39470000	29
39475000	30
39480000	31
39485000	32
39490000	33
39495000	34
39500000	35
39505000	36
39510000	37
39515000	38
39520000	39
39525000	40
39530000	41
39535000	42
39540000	43
39545000	44
39550000	45
39555000	46
39560000	47
39565000	48
39570000	49
39575000	50
39580000	51
39585000	52
39590000	53
39595000	54
39600000	55
39605000	56
39610000	57
39615000	58
39620000	59
39625000	60
39630000	61
39635000	62
39640000	63
39645000	64
39650000	65
39655000	66
39660000	67
39665000	68
39670000	69
39675000	70
39680000	71
39685000	72
39690000	73
39695000	74
39700000	75
39705000	76
39710000	77
39715000	78
39720000	79
39725000	80
39730000	81
39735000	82
39740000	83
39745000	84
39750000	85
39755000	86
39760000	87
39765000	88
39770000	89
39775000	90
39780000	91
39785000	92
39790000	93
39795000	94
39800000	95
39805000	96
39810000	97
39815000	98
39820000	99
39825000	100
39830000	101
39835000	102
39840000	103
39845000	104
39850000	105
39855000	106
39860000	107
