40105000	0
40110000	1
40115000	2
40120000	3
40125000	4
40130000	5
40135000	6
40140000	7
40145000	8
40150000	9
40155000	10
40160000	11
40165000	12
40170000	13
40175000	14
40180000	15
40185000	16
40190000	17
40195000	18
40200000	19
40205000	20
40210000	21
40215000	22
40220000	23
40225000	24
40230000	25
40235000	26
40240000	27
40245000	28
40250000	29
40255000	30
40260000	31
40265000	32
40270000	33
40275000	34
40280000	35
40285000	36
40295000	37
40300000	38
40305000	39
40310000	40
40315000	41
40320000	42
40325000	43
40330000	44
40335000	45
40340000	46
40345000	47
40350000	48
40355000	49
40360000	50
40365000	51
40370000	52
40375000	53
40380000	54
40385000	55
40390000	56
40395000	57
40400000	58
40405000	59
40410000	60
40415000	61
40420000	62
40425000	63
40430000	64
40435000	65
40440000	66
40445000	67
40450000	68
40455000	69
40460000	70
40465000	71
40470000	72
40475000	73
40480000	74
40485000	75
40490000	76
40495000	77
40500000	78
40505000	79
40510000	80
40515000	81
40520000	82
40525000	83
40530000	84
40535000	85
40540000	86
40545000	87
40550000	88
40555000	89
40560000	90
40565000	91
40570000	92
40575000	93
40580000	94
40585000	95
40590000	96
40595000	97
40600000	98
40605000	99
40610000	100
40615000	101
40620000	102
40625000	103
40630000	104
40635000	105
40640000	106
40645000	107
40650000	108
40655000	109
40660000	110
40665000	111
40670000	112
40675000	113
40680000	114
40685000	115
40690000	116
40695000	117
40700000	118
40705000	119
40710000	120
40715000	121
40720000	122
40725000	123
40730000	124
40735000	125
40740000	126
40745000	127
40750000	128
40755000	129
40760000	130
40765000	131
40770000	132
40775000	133
40780000	134
40785000	135
40790000	136
40795000	137
40800000	138
40805000	139
40810000	140
40815000	141
40820000	142
40825000	143
40830000	144
40835000	145
40840000	146
40845000	147
40850000	148
40855000	149
40860000	150
40865000	151
