45135000	0
45140000	1
45145000	2
45150000	3
45155000	4
45160000	5
45165000	6
45170000	7
45175000	8
45180000	9
45185000	10
45190000	11
45195000	12
45200000	13
45205000	14
45210000	15
45215000	16
45220000	17
45225000	18
45230000	19
45235000	20
45240000	21
45245000	22
45250000	23
45255000	24
45260000	25
45265000	26
45270000	27
45275000	28
45280000	29
45285000	30
45290000	31
45295000	32
45300000	33
45305000	34
45310000	35
45315000	36
45320000	37
45325000	38
45330000	39
45335000	40
45340000	41
45345000	42
45350000	43
45355000	44
45360000	45
45365000	46
45370000	47
45375000	48
45380000	49
45385000	50
45390000	51
45395000	52
45400000	53
45405000	54
45410000	55
45415000	56
45420000	57
45425000	58
45430000	59
45435000	60
45440000	61
45445000	62
45450000	63
45455000	64
45460000	65
45465000	66
45470000	67
45475000	68
45480000	69
45485000	70
45490000	71
45495000	72
45500000	73
45505000	74
45510000	75
45515000	76
45520000	77
45525000	78
45530000	79
45535000	80
45540000	81
45545000	82
45550000	83
45555000	84
45560000	85
45565000	86
45570000	87
45575000	88
45580000	89
45585000	90
45590000	91
45595000	92
45600000	93
45605000	94
45610000	95
45615000	96
45620000	97
45625000	98
45630000	99
45635000	100
45640000	101
45645000	102
45650000	103
45655000	104
45660000	105
45665000	106
45670000	107
45675000	108
45680000	109
45685000	110
45690000	111
45695000	112
45700000	113
45705000	114
45710000	115
45715000	116
45720000	117
45725000	118
45730000	119
45735000	120
45740000	121
45745000	122
45750000	123
45755000	124
45760000	125
45765000	126
45770000	127
