206776000	0
206777000	1
206778000	2
206779000	3
206780000	4
206781000	5
206782000	6
206783000	7
206784000	8
206785000	9
206786000	10
206787000	11
206788000	12
206789000	13
206790000	14
206791000	15
206792000	16
206793000	17
206794000	18
206795000	19
206796000	20
206797000	21
206798000	22
206799000	23
206800000	24
206801000	25
206802000	26
206803000	27
206804000	28
206805000	29
206806000	30
206807000	31
206808000	32
206809000	33
206810000	34
206811000	35
206812000	36
206813000	37
206814000	38
206815000	39
206816000	40
206817000	41
206818000	42
206819000	43
206820000	44
206821000	45
206822000	46
206823000	47
206824000	48
206825000	49
206826000	50
206827000	51
206828000	52
206829000	53
206830000	54
206831000	55
206832000	56
206833000	57
206834000	58
206835000	59
206836000	60
206837000	61
206838000	62
206839000	63
206840000	64
206841000	65
206842000	66
206843000	67
206844000	68
206845000	69
206846000	70
206847000	71
206848000	72
206849000	73
206850000	74
206851000	75
206852000	76
206853000	77
206854000	78
206855000	79
