96080000	0
96085000	1
96090000	2
96095000	3
96100000	4
96105000	5
96110000	6
96115000	7
96120000	8
96125000	9
96130000	10
96135000	11
96140000	12
96145000	13
96150000	14
96155000	15
96160000	16
96165000	17
96170000	18
96175000	19
96180000	20
96185000	21
96190000	22
96195000	23
96200000	24
96205000	25
96210000	26
96215000	27
96220000	28
96225000	29
96230000	30
96235000	31
96240000	32
96245000	33
96250000	34
96255000	35
96260000	36
96265000	37
96270000	38
96275000	39
96280000	40
96285000	41
96290000	42
96295000	43
96300000	44
96305000	45
96310000	46
96315000	47
96320000	48
96325000	49
96330000	50
96335000	51
96340000	52
96345000	53
96350000	54
96355000	55
96360000	56
96365000	57
96370000	58
96375000	59
96380000	60
96385000	61
96390000	62
96395000	63
96400000	64
96405000	65
96410000	66
96415000	67
96420000	68
96425000	69
96430000	70
96435000	71
96440000	72
96445000	73
96450000	74
96455000	75
96460000	76
96465000	77
96470000	78
96475000	79
96480000	80
96485000	81
96490000	82
96495000	83
96500000	84
96505000	85
96510000	86
96515000	87
