225215000	0
225220000	1
225225000	2
225230000	3
225235000	4
225240000	5
225245000	6
225250000	7
225255000	8
225260000	9
225265000	10
225270000	11
225275000	12
225280000	13
225285000	14
225290000	15
225295000	16
225300000	17
225305000	18
225310000	19
225315000	20
225320000	21
225325000	22
225330000	23
225335000	24
225340000	25
225345000	26
225350000	27
225355000	28
225360000	29
225365000	30
225370000	31
225375000	32
225380000	33
225385000	34
225390000	35
225395000	36
225400000	37
225405000	38
225410000	39
225415000	40
225420000	41
225425000	42
225430000	43
225435000	44
225440000	45
225445000	46
225450000	47
225455000	48
225460000	49
225465000	50
225470000	51
225475000	52
225480000	53
225485000	54
225490000	55
225495000	56
225500000	57
225505000	58
225510000	59
225515000	60
225520000	61
225525000	62
225530000	63
225535000	64
225540000	65
225545000	66
225550000	67
225555000	68
225560000	69
225565000	70
225570000	71
225575000	72
225580000	73
225585000	74
225590000	75
225595000	76
225600000	77
225605000	78
225610000	79
225615000	80
225620000	81
225625000	82
225630000	83
225635000	84
225640000	85
225645000	86
225650000	87
225655000	88
225660000	89
225665000	90
225670000	91
225675000	92
225680000	93
225685000	94
225690000	95
225695000	96
225700000	97
225705000	98
225710000	99
225715000	100
225720000	101
225725000	102
225730000	103
225735000	104
225740000	105
