174225000	0
174230000	1
174235000	2
174240000	3
174245000	4
174250000	5
174255000	6
174260000	7
174265000	8
174270000	9
174275000	10
174280000	11
174285000	12
174290000	13
174295000	14
174300000	15
174305000	16
174310000	17
174315000	18
174320000	19
174325000	20
174330000	21
174335000	22
174340000	23
174345000	24
174350000	25
174355000	26
174360000	27
174365000	28
174370000	29
174375000	30
174380000	31
174385000	32
174390000	33
174395000	34
174400000	35
174405000	36
174410000	37
174415000	38
174420000	39
174425000	40
174430000	41
174435000	42
174440000	43
174445000	44
174450000	45
174455000	46
174460000	47
174465000	48
174470000	49
174475000	50
174480000	51
174485000	52
174490000	53
174495000	54
174500000	55
174505000	56
174510000	57
174515000	58
174520000	59
174525000	60
174530000	61
174535000	62
174540000	63
174545000	64
174550000	65
174555000	66
174565000	67
174570000	68
174575000	69
174580000	70
174585000	71
174590000	72
174595000	73
174600000	74
174605000	75
174610000	76
174615000	77
174620000	78
174625000	79
174630000	80
174635000	81
174640000	82
174645000	83
174650000	84
174655000	85
174660000	86
174665000	87
174670000	88
174675000	89
174680000	90
174685000	91
174690000	92
174695000	93
174700000	94
174705000	95
174710000	96
174715000	97
174720000	98
174725000	99
174730000	100
