38480000	0
38485000	1
38490000	2
38495000	3
38500000	4
38505000	5
38510000	6
38515000	7
38520000	8
38525000	9
38530000	10
38535000	11
38540000	12
38545000	13
38550000	14
38555000	15
38560000	16
38565000	17
38570000	18
38575000	19
38580000	20
38585000	21
38590000	22
38595000	23
38600000	24
38605000	25
38610000	26
38615000	27
38620000	28
38625000	29
38630000	30
38635000	31
38640000	32
38645000	33
38650000	34
38655000	35
38660000	36
38665000	37
38670000	38
38675000	39
38680000	40
38685000	41
38690000	42
38695000	43
38700000	44
38705000	45
38710000	46
38715000	47
38720000	48
38725000	49
38730000	50
38735000	51
38740000	52
38745000	53
38750000	54
38755000	55
38760000	56
38765000	57
38770000	58
38775000	59
38780000	60
38785000	61
38790000	62
38795000	63
38800000	64
38805000	65
38810000	66
38815000	67
38820000	68
38825000	69
38830000	70
38835000	71
38840000	72
38845000	73
38850000	74
38855000	75
38860000	76
38865000	77
38870000	78
38875000	79
38880000	80
38885000	81
38890000	82
38895000	83
38900000	84
38905000	85
38910000	86
38915000	87
38920000	88
38925000	89
38930000	90
38935000	91
38940000	92
38945000	93
38950000	94
38955000	95
38960000	96
38965000	97
38970000	98
38975000	99
38980000	100
38985000	101
38990000	102
38995000	103
39000000	104
39005000	105
39010000	106
39015000	107
39020000	108
39025000	109
39030000	110
39035000	111
39040000	112
39045000	113
39050000	114
39055000	115
39060000	116
39065000	117
39070000	118
39075000	119
39080000	120
39085000	121
39090000	122
39095000	123
39100000	124
39105000	125
39110000	126
39115000	127
39120000	128
39125000	129
39130000	130
39135000	131
39140000	132
39145000	133
39150000	134
39155000	135
39160000	136
39165000	137
39170000	138
39175000	139
39180000	140
39185000	141
39190000	142
39195000	143
39200000	144
39205000	145
39210000	146
39215000	147
39220000	148
39225000	149
39230000	150
39235000	151
39240000	152
39245000	153
39250000	154
39255000	155
39260000	156
39265000	157
39270000	158
39275000	159
39280000	160
39285000	161
39290000	162
39295000	163
39300000	164
39305000	165
39310000	166
39315000	167
39320000	168
39325000	169
39330000	170
39335000	171
39340000	172
39345000	173
39350000	174
39355000	175
39360000	176
39365000	177
39370000	178
39375000	179
39380000	180
39385000	181
39390000	182
39395000	183
39400000	184
39405000	185
39410000	186
39415000	187
39420000	188
39425000	189
39430000	190
39435000	191
39440000	192
39445000	193
39450000	194
39455000	195
39460000	196
39465000	197
39470000	198
39475000	199
39480000	200
39485000	201
39490000	202
39495000	203
39500000	204
39505000	205
39510000	206
39515000	207
39520000	208
39525000	209
39530000	210
39535000	211
39540000	212
39545000	213
