34105000	0
34110000	1
34115000	2
34120000	3
34125000	4
34130000	5
34135000	6
34140000	7
34145000	8
34150000	9
34155000	10
34160000	11
34165000	12
34170000	13
34175000	14
34180000	15
34185000	16
34190000	17
34195000	18
34200000	19
34205000	20
34210000	21
34215000	22
34220000	23
34225000	24
34230000	25
34235000	26
34240000	27
34245000	28
34250000	29
34255000	30
34260000	31
34265000	32
34270000	33
34275000	34
34280000	35
34285000	36
34290000	37
34295000	38
34300000	39
34305000	40
34310000	41
34315000	42
34320000	43
34325000	44
34330000	45
34335000	46
34340000	47
34345000	48
34350000	49
34355000	50
34360000	51
34365000	52
34370000	53
34375000	54
34380000	55
34385000	56
34390000	57
34395000	58
34400000	59
34405000	60
34410000	61
34415000	62
34420000	63
34425000	64
34430000	65
34435000	66
34440000	67
34445000	68
34450000	69
34455000	70
34460000	71
34465000	72
34470000	73
34475000	74
34480000	75
34485000	76
34490000	77
34495000	78
34500000	79
34505000	80
34510000	81
34515000	82
34520000	83
34525000	84
34530000	85
34535000	86
34540000	87
34545000	88
34550000	89
34555000	90
34560000	91
34565000	92
34570000	93
34575000	94
34580000	95
34585000	96
34590000	97
34595000	98
34600000	99
34605000	100
34610000	101
34615000	102
34620000	103
34625000	104
34630000	105
34635000	106
34640000	107
34645000	108
34650000	109
34655000	110
34660000	111
34665000	112
34670000	113
34675000	114
34680000	115
34685000	116
34690000	117
34695000	118
34700000	119
34705000	120
34710000	121
34715000	122
34720000	123
34725000	124
34730000	125
34735000	126
34740000	127
34745000	128
34750000	129
34755000	130
34760000	131
34765000	132
34770000	133
34775000	134
34780000	135
34785000	136
34790000	137
34795000	138
34800000	139
34805000	140
34810000	141
34815000	142
34820000	143
34825000	144
34830000	145
34835000	146
34840000	147
34845000	148
34850000	149
34855000	150
34860000	151
34865000	152
34870000	153
34875000	154
34880000	155
34885000	156
34890000	157
34895000	158
34900000	159
34905000	160
34910000	161
34915000	162
