9425000	0
9430000	1
9435000	2
9440000	3
9455000	4
9460000	5
9465000	6
9470000	7
9475000	8
9480000	9
9485000	10
9490000	11
9495000	12
9500000	13
9505000	14
9510000	15
9515000	16
9520000	17
9525000	18
9530000	19
9535000	20
9540000	21
9545000	22
9550000	23
9555000	24
9560000	25
9565000	26
9570000	27
9575000	28
9580000	29
9585000	30
9595000	31
9600000	32
9605000	33
9610000	34
9615000	35
9620000	36
9625000	37
9630000	38
9735000	39
9740000	40
9745000	41
9750000	42
9755000	43
9760000	44
9765000	45
9770000	46
9775000	47
