31805000	0
31810000	1
31815000	2
31820000	3
31825000	4
31830000	5
31835000	6
31840000	7
31845000	8
31850000	9
31855000	10
31860000	11
31865000	12
31870000	13
31875000	14
31880000	15
31885000	16
31890000	17
31895000	18
31900000	19
31905000	20
31910000	21
31915000	22
31920000	23
31925000	24
31930000	25
31935000	26
31940000	27
31945000	28
31950000	29
31955000	30
31960000	31
31965000	32
31970000	33
31975000	34
31980000	35
31985000	36
31990000	37
31995000	38
32000000	39
32005000	40
32010000	41
32015000	42
32020000	43
32025000	44
32030000	45
32035000	46
32040000	47
32045000	48
32050000	49
32055000	50
32060000	51
32065000	52
32070000	53
32075000	54
32080000	55
32085000	56
32090000	57
32095000	58
32100000	59
32105000	60
32110000	61
32115000	62
32120000	63
32125000	64
32130000	65
32135000	66
32140000	67
32145000	68
32150000	69
32155000	70
32160000	71
32165000	72
32170000	73
32175000	74
32180000	75
32185000	76
32190000	77
32195000	78
32200000	79
32205000	80
32210000	81
32215000	82
32220000	83
32225000	84
32230000	85
32235000	86
32240000	87
32245000	88
32250000	89
32255000	90
32260000	91
32265000	92
32270000	93
32275000	94
32280000	95
32285000	96
32290000	97
32295000	98
32300000	99
32305000	100
32310000	101
32315000	102
32320000	103
32325000	104
32330000	105
32335000	106
32340000	107
32345000	108
32350000	109
32355000	110
32360000	111
32365000	112
32370000	113
32375000	114
32380000	115
32385000	116
32390000	117
32395000	118
32400000	119
32405000	120
32410000	121
32415000	122
32420000	123
32425000	124
32430000	125
32435000	126
32440000	127
32445000	128
32450000	129
32455000	130
32460000	131
32465000	132
32470000	133
32475000	134
32480000	135
32485000	136
32490000	137
32495000	138
32500000	139
32505000	140
32510000	141
32515000	142
32520000	143
32525000	144
32530000	145
32535000	146
32540000	147
32545000	148
32550000	149
32555000	150
32560000	151
32565000	152
32570000	153
32575000	154
32580000	155
32585000	156
32590000	157
32595000	158
32600000	159
32605000	160
32610000	161
32615000	162
32620000	163
32625000	164
32630000	165
32635000	166
32640000	167
32645000	168
32650000	169
32655000	170
32660000	171
32665000	172
32670000	173
32675000	174
32680000	175
32685000	176
32690000	177
32695000	178
32700000	179
32705000	180
32710000	181
32715000	182
32720000	183
32725000	184
32730000	185
32735000	186
32740000	187
32745000	188
32750000	189
32755000	190
32760000	191
32765000	192
32770000	193
32775000	194
32780000	195
32785000	196
32790000	197
32795000	198
32800000	199
32805000	200
32810000	201
32815000	202
32820000	203
32825000	204
32830000	205
32835000	206
32840000	207
32845000	208
32850000	209
32855000	210
32860000	211
32865000	212
32870000	213
32875000	214
32880000	215
32885000	216
32890000	217
32895000	218
32900000	219
32905000	220
32910000	221
32915000	222
32920000	223
32925000	224
32930000	225
32935000	226
32940000	227
32945000	228
32950000	229
32955000	230
32960000	231
32965000	232
32970000	233
32975000	234
32980000	235
32985000	236
32990000	237
32995000	238
33000000	239
33005000	240
33010000	241
33015000	242
33020000	243
33025000	244
33030000	245
33035000	246
33040000	247
33045000	248
33050000	249
33055000	250
33060000	251
33065000	252
33070000	253
33075000	254
33080000	255
33085000	256
33090000	257
33095000	258
